AERONET Data Download (Version 3 Direct Sun and Inversion Algorithms)
AERONET Version 3
Adelaide_Site_7
Version 3: Almucantar Level 1.5 Inversion
The following data are cloud cleared and quality controls have been applied but these data may not have final calibration applied.  These data may change.
Daily Averages,Contact: PI=Brent_Holben; PI Email=Brent.N.Holben@nasa.gov 
AERONET_AERONET_Site,Date(dd:mm:yyyy),Time(hh:mm:ss),Day_of_Year,Day_of_Year(fraction),AOD_Extinction-Total[440nm],AOD_Extinction-Total[675nm],AOD_Extinction-Total[870nm],AOD_Extinction-Total[1020nm],AOD_Extinction-Fine[440nm],AOD_Extinction-Fine[675nm],AOD_Extinction-Fine[870nm],AOD_Extinction-Fine[1020nm],AOD_Extinction-Coarse[440nm],AOD_Extinction-Coarse[675nm],AOD_Extinction-Coarse[870nm],AOD_Extinction-Coarse[1020nm],Extinction_Angstrom_Exponent_440-870nm-Total,N[AOD_Extinction-Total[440nm]],N[AOD_Extinction-Total[675nm]],N[AOD_Extinction-Total[870nm]],N[AOD_Extinction-Total[1020nm]],N[AOD_Extinction-Fine[440nm]],N[AOD_Extinction-Fine[675nm]],N[AOD_Extinction-Fine[870nm]],N[AOD_Extinction-Fine[1020nm]],N[AOD_Extinction-Coarse[440nm]],N[AOD_Extinction-Coarse[675nm]],N[AOD_Extinction-Coarse[870nm]],N[AOD_Extinction-Coarse[1020nm]],N[Extinction_Angstrom_Exponent_440-870nm-Total],Latitude(Degrees),Longitude(Degrees),Elevation(m),Level,Retrieval_Measurement_Scan_Type
Adelaide_Site_7,12:05:2020,12:00:00,133,133.000000,0.057850,0.042250,0.035900,0.032600,0.039200,0.021300,0.013850,0.010250,0.018650,0.020950,0.022000,0.022400,0.702468,2,2,2,2,2,2,2,2,2,2,2,2,2,-34.725067,138.656483,30.000000,lev15,Almucantar
Adelaide_Site_7,15:05:2020,12:00:00,136,136.000000,0.065317,0.043933,0.035850,0.032000,0.048450,0.025450,0.016233,0.011867,0.016900,0.018483,0.019633,0.020117,0.884034,6,6,6,6,6,6,6,6,6,6,6,6,6,-34.725067,138.656483,30.000000,lev15,Almucantar
Adelaide_Site_7,17:05:2020,12:00:00,138,138.000000,0.067514,0.039771,0.031386,0.027686,0.052086,0.022571,0.013286,0.009271,0.015414,0.017186,0.018143,0.018429,1.133566,7,7,7,7,7,7,7,7,7,7,7,7,7,-34.725067,138.656483,30.000000,lev15,Almucantar
Adelaide_Site_7,23:05:2020,12:00:00,144,144.000000,0.059600,0.037850,0.029650,0.025950,0.056050,0.034150,0.025900,0.022150,0.003550,0.003650,0.003800,0.003800,1.026346,2,2,2,2,2,2,2,2,2,2,2,2,2,-34.725067,138.656483,30.000000,lev15,Almucantar
Adelaide_Site_7,27:05:2020,12:00:00,148,148.000000,0.063167,0.050500,0.046200,0.044333,0.029867,0.013633,0.007733,0.005467,0.033300,0.036900,0.038433,0.038867,0.467558,3,3,3,3,3,3,3,3,3,3,3,3,3,-34.725067,138.656483,30.000000,lev15,Almucantar
Adelaide_Site_7,29:05:2020,12:00:00,150,150.000000,0.043617,0.029783,0.024300,0.021367,0.035233,0.020350,0.014400,0.011317,0.008383,0.009417,0.009900,0.010033,0.860140,6,6,6,6,6,6,6,6,6,6,6,6,6,-34.725067,138.656483,30.000000,lev15,Almucantar
Adelaide_Site_7,30:05:2020,12:00:00,151,151.000000,0.045225,0.030575,0.024625,0.021850,0.033650,0.018400,0.012025,0.009050,0.011575,0.012150,0.012600,0.012800,0.932391,4,4,4,4,4,4,4,4,4,4,4,4,4,-34.725067,138.656483,30.000000,lev15,Almucantar
Adelaide_Site_7,03:06:2020,12:00:00,155,155.000000,0.124050,0.116850,0.112050,0.109250,0.043850,0.027300,0.018100,0.013550,0.080200,0.089500,0.093950,0.095700,0.147681,2,2,2,2,2,2,2,2,2,2,2,2,2,-34.725067,138.656483,30.000000,lev15,Almucantar
Adelaide_Site_7,04:06:2020,12:00:00,156,156.000000,0.075567,0.060733,0.054733,0.051500,0.042333,0.022267,0.013800,0.010200,0.033233,0.038467,0.040900,0.041333,0.476272,3,3,3,3,3,3,3,3,3,3,3,3,3,-34.725067,138.656483,30.000000,lev15,Almucantar
Adelaide_Site_7,05:06:2020,12:00:00,157,157.000000,0.060033,0.045150,0.039883,0.037150,0.038183,0.019600,0.012750,0.009700,0.021833,0.025550,0.027167,0.027450,0.605631,6,6,6,6,6,6,6,6,6,6,6,6,6,-34.725067,138.656483,30.000000,lev15,Almucantar
Adelaide_Site_7,08:06:2020,12:00:00,160,160.000000,0.056100,0.033500,0.025200,0.021150,0.052000,0.029200,0.020800,0.016700,0.004150,0.004300,0.004400,0.004450,1.179029,2,2,2,2,2,2,2,2,2,2,2,2,2,-34.725067,138.656483,30.000000,lev15,Almucantar
Adelaide_Site_7,24:06:2020,12:00:00,176,176.000000,0.050750,0.032000,0.025950,0.022850,0.039250,0.019150,0.012350,0.009050,0.011500,0.012850,0.013600,0.013800,0.992081,2,2,2,2,2,2,2,2,2,2,2,2,2,-34.725067,138.656483,30.000000,lev15,Almucantar
Adelaide_Site_7,28:06:2020,12:00:00,180,180.000000,0.046683,0.031833,0.026300,0.023450,0.034250,0.017383,0.011100,0.008117,0.012400,0.014433,0.015183,0.015300,0.846063,6,6,6,6,6,6,6,6,6,6,6,6,6,-34.725067,138.656483,30.000000,lev15,Almucantar
Adelaide_Site_7,29:06:2020,12:00:00,181,181.000000,0.060183,0.031333,0.022533,0.018233,0.054683,0.025433,0.016133,0.011633,0.005500,0.005900,0.006367,0.006633,1.429573,6,6,6,6,6,6,6,6,6,6,6,6,6,-34.725067,138.656483,30.000000,lev15,Almucantar
Adelaide_Site_7,30:06:2020,12:00:00,182,182.000000,0.058900,0.043800,0.039100,0.036800,0.035200,0.017000,0.010700,0.007700,0.023700,0.026800,0.028500,0.029100,0.609540,1,1,1,1,1,1,1,1,1,1,1,1,1,-34.725067,138.656483,30.000000,lev15,Almucantar
Adelaide_Site_7,06:07:2020,12:00:00,188,188.000000,0.065200,0.043300,0.035733,0.032333,0.045633,0.021133,0.012133,0.008467,0.019533,0.022167,0.023600,0.023867,0.888742,3,3,3,3,3,3,3,3,3,3,3,3,3,-34.725067,138.656483,30.000000,lev15,Almucantar
Adelaide_Site_7,08:07:2020,12:00:00,190,190.000000,0.047517,0.027283,0.019933,0.016383,0.042850,0.022317,0.014583,0.010867,0.004667,0.005000,0.005333,0.005550,1.271771,6,6,6,6,6,6,6,6,6,6,6,6,6,-34.725067,138.656483,30.000000,lev15,Almucantar
Adelaide_Site_7,09:07:2020,12:00:00,191,191.000000,0.045633,0.027000,0.020367,0.017200,0.039600,0.020633,0.013467,0.010000,0.006033,0.006400,0.006867,0.007200,1.185686,3,3,3,3,3,3,3,3,3,3,3,3,3,-34.725067,138.656483,30.000000,lev15,Almucantar
Adelaide_Site_7,13:07:2020,12:00:00,195,195.000000,0.114600,0.059650,0.043825,0.036175,0.101600,0.045275,0.028550,0.020575,0.012925,0.014375,0.015275,0.015625,1.423889,4,4,4,4,4,4,4,4,4,4,4,4,4,-34.725067,138.656483,30.000000,lev15,Almucantar
Adelaide_Site_7,14:07:2020,12:00:00,196,196.000000,0.121033,0.066667,0.049667,0.041133,0.109533,0.054267,0.036567,0.027667,0.011467,0.012400,0.013067,0.013467,1.321263,3,3,3,3,3,3,3,3,3,3,3,3,3,-34.725067,138.656483,30.000000,lev15,Almucantar
Adelaide_Site_7,15:07:2020,12:00:00,197,197.000000,0.054833,0.032467,0.023583,0.019117,0.050917,0.028317,0.019200,0.014600,0.003933,0.004150,0.004367,0.004517,1.229787,6,6,6,6,6,6,6,6,6,6,6,6,6,-34.725067,138.656483,30.000000,lev15,Almucantar
Adelaide_Site_7,16:07:2020,12:00:00,198,198.000000,0.063850,0.038975,0.031700,0.028088,0.047662,0.020713,0.012663,0.008988,0.016200,0.018250,0.019025,0.019100,1.026351,8,8,8,8,8,8,8,8,8,8,8,8,8,-34.725067,138.656483,30.000000,lev15,Almucantar
Adelaide_Site_7,17:07:2020,12:00:00,199,199.000000,0.047050,0.028983,0.022200,0.018900,0.040300,0.021533,0.014333,0.010883,0.006767,0.007500,0.007917,0.008050,1.104637,6,6,6,6,6,6,6,6,6,6,6,6,6,-34.725067,138.656483,30.000000,lev15,Almucantar
Adelaide_Site_7,19:07:2020,12:00:00,201,201.000000,0.090600,0.080900,0.076700,0.074300,0.033300,0.016900,0.010200,0.007200,0.057400,0.063900,0.066500,0.067100,0.246032,1,1,1,1,1,1,1,1,1,1,1,1,1,-34.725067,138.656483,30.000000,lev15,Almucantar
Adelaide_Site_7,21:07:2020,12:00:00,203,203.000000,0.059133,0.038233,0.029967,0.026033,0.048667,0.027067,0.018033,0.013767,0.010467,0.011200,0.011900,0.012300,0.997930,3,3,3,3,3,3,3,3,3,3,3,3,3,-34.725067,138.656483,30.000000,lev15,Almucantar
Adelaide_Site_7,23:07:2020,12:00:00,205,205.000000,0.036812,0.022587,0.017200,0.014488,0.034125,0.019825,0.014337,0.011588,0.002688,0.002800,0.002863,0.002900,1.112969,8,8,8,8,8,8,8,8,8,8,8,8,8,-34.725067,138.656483,30.000000,lev15,Almucantar
Adelaide_Site_7,24:07:2020,12:00:00,206,206.000000,0.041460,0.025840,0.018320,0.014580,0.039780,0.024140,0.016520,0.012760,0.001660,0.001720,0.001800,0.001800,1.187132,5,5,5,5,5,5,5,5,5,5,5,5,5,-34.725067,138.656483,30.000000,lev15,Almucantar
Adelaide_Site_7,25:07:2020,12:00:00,207,207.000000,0.073500,0.045471,0.036100,0.031729,0.057129,0.027500,0.016971,0.012243,0.016371,0.017971,0.019143,0.019500,1.033531,7,7,7,7,7,7,7,7,7,7,7,7,7,-34.725067,138.656483,30.000000,lev15,Almucantar
Adelaide_Site_7,29:07:2020,12:00:00,211,211.000000,0.081000,0.060800,0.051000,0.045300,0.054600,0.030200,0.018900,0.013200,0.026300,0.030500,0.032000,0.032100,0.676639,1,1,1,1,1,1,1,1,1,1,1,1,1,-34.725067,138.656483,30.000000,lev15,Almucantar
Adelaide_Site_7,30:07:2020,12:00:00,212,212.000000,0.110300,0.072283,0.061200,0.056533,0.074133,0.031633,0.017983,0.012600,0.036150,0.040650,0.043250,0.043917,0.897532,6,6,6,6,6,6,6,6,6,6,6,6,6,-34.725067,138.656483,30.000000,lev15,Almucantar
Adelaide_Site_7,31:07:2020,12:00:00,213,213.000000,0.044600,0.028700,0.022900,0.020400,0.033800,0.016600,0.009900,0.007000,0.010900,0.012200,0.013100,0.013400,0.981680,1,1,1,1,1,1,1,1,1,1,1,1,1,-34.725067,138.656483,30.000000,lev15,Almucantar
Adelaide_Site_7,01:08:2020,12:00:00,214,214.000000,0.049900,0.034425,0.027250,0.023500,0.042425,0.026600,0.018825,0.014650,0.007500,0.007800,0.008425,0.008850,0.883508,4,4,4,4,4,4,4,4,4,4,4,4,4,-34.725067,138.656483,30.000000,lev15,Almucantar
Adelaide_Site_7,02:08:2020,12:00:00,215,215.000000,0.051500,0.032300,0.026500,0.024400,0.037100,0.016500,0.009400,0.006500,0.014400,0.015800,0.017100,0.017900,0.985110,1,1,1,1,1,1,1,1,1,1,1,1,1,-34.725067,138.656483,30.000000,lev15,Almucantar
Adelaide_Site_7,03:08:2020,12:00:00,216,216.000000,0.137100,0.099300,0.084500,0.078000,0.090600,0.048700,0.030400,0.022100,0.046500,0.050600,0.054100,0.055900,0.713326,1,1,1,1,1,1,1,1,1,1,1,1,1,-34.725067,138.656483,30.000000,lev15,Almucantar
Adelaide_Site_7,04:08:2020,12:00:00,217,217.000000,0.080020,0.065700,0.058400,0.054640,0.041000,0.021840,0.013020,0.009220,0.039000,0.043860,0.045380,0.045400,0.466736,5,5,5,5,5,5,5,5,5,5,5,5,5,-34.725067,138.656483,30.000000,lev15,Almucantar
Adelaide_Site_7,05:08:2020,12:00:00,218,218.000000,0.060320,0.046020,0.039220,0.035700,0.038680,0.021060,0.012940,0.009520,0.021620,0.025000,0.026240,0.026220,0.632750,5,5,5,5,5,5,5,5,5,5,5,5,5,-34.725067,138.656483,30.000000,lev15,Almucantar
Adelaide_Site_7,29:08:2020,12:00:00,242,242.000000,0.050844,0.030267,0.022533,0.018878,0.043911,0.022900,0.014711,0.010878,0.006944,0.007378,0.007833,0.007989,1.198830,9,9,9,9,9,9,9,9,9,9,9,9,9,-34.725067,138.656483,30.000000,lev15,Almucantar
Adelaide_Site_7,31:08:2020,12:00:00,244,244.000000,0.104800,0.067250,0.057450,0.052750,0.068400,0.026400,0.014750,0.009600,0.036350,0.040800,0.042700,0.043050,0.896285,2,2,2,2,2,2,2,2,2,2,2,2,2,-34.725067,138.656483,30.000000,lev15,Almucantar
Adelaide_Site_7,02:09:2020,12:00:00,246,246.000000,0.137783,0.106767,0.096933,0.092600,0.070267,0.032867,0.019167,0.013383,0.067550,0.073883,0.077783,0.079217,0.599055,6,6,6,6,6,6,6,6,6,6,6,6,6,-34.725067,138.656483,30.000000,lev15,Almucantar
Adelaide_Site_7,04:09:2020,12:00:00,248,248.000000,0.099400,0.072700,0.062800,0.058600,0.062700,0.032200,0.019600,0.014100,0.036700,0.040500,0.043200,0.044500,0.678475,1,1,1,1,1,1,1,1,1,1,1,1,1,-34.725067,138.656483,30.000000,lev15,Almucantar
Adelaide_Site_7,05:09:2020,12:00:00,249,249.000000,0.086700,0.065633,0.057500,0.053467,0.050267,0.023200,0.012967,0.009100,0.036433,0.042433,0.044567,0.044400,0.609961,3,3,3,3,3,3,3,3,3,3,3,3,3,-34.725067,138.656483,30.000000,lev15,Almucantar
Adelaide_Site_7,06:09:2020,12:00:00,250,250.000000,0.114500,0.083000,0.068300,0.061100,0.084500,0.049600,0.032000,0.023467,0.030033,0.033433,0.036333,0.037633,0.933678,3,3,3,3,3,3,3,3,3,3,3,3,3,-34.725067,138.656483,30.000000,lev15,Almucantar
Adelaide_Site_7,07:09:2020,12:00:00,251,251.000000,0.087700,0.062950,0.055100,0.052000,0.050350,0.023150,0.013400,0.009300,0.037350,0.039900,0.041700,0.042600,0.692054,2,2,2,2,2,2,2,2,2,2,2,2,2,-34.725067,138.656483,30.000000,lev15,Almucantar
Adelaide_Site_7,28:10:2020,12:00:00,302,302.000000,0.051657,0.028757,0.021029,0.017571,0.046243,0.022771,0.014700,0.011086,0.005429,0.006014,0.006371,0.006500,1.342865,7,7,7,7,7,7,7,7,7,7,7,7,7,-34.725067,138.656483,30.000000,lev15,Almucantar
Adelaide_Site_7,01:11:2020,12:00:00,306,306.000000,0.070887,0.039712,0.029863,0.025275,0.058250,0.025438,0.014900,0.010325,0.012625,0.014263,0.014950,0.014938,1.270470,8,8,8,8,8,8,8,8,8,8,8,8,8,-34.725067,138.656483,30.000000,lev15,Almucantar
Adelaide_Site_7,02:11:2020,12:00:00,307,307.000000,0.061483,0.037367,0.030017,0.026583,0.047217,0.021617,0.013600,0.010167,0.014267,0.015783,0.016400,0.016433,1.091752,6,6,6,6,6,6,6,6,6,6,6,6,6,-34.725067,138.656483,30.000000,lev15,Almucantar
Adelaide_Site_7,03:11:2020,12:00:00,308,308.000000,0.054500,0.032100,0.024375,0.020875,0.044575,0.021425,0.013200,0.009525,0.009900,0.010700,0.011225,0.011375,1.189574,4,4,4,4,4,4,4,4,4,4,4,4,4,-34.725067,138.656483,30.000000,lev15,Almucantar
Adelaide_Site_7,05:11:2020,12:00:00,310,310.000000,0.074000,0.057000,0.050350,0.047200,0.039750,0.018650,0.010700,0.007450,0.034300,0.038350,0.039700,0.039800,0.569047,2,2,2,2,2,2,2,2,2,2,2,2,2,-34.725067,138.656483,30.000000,lev15,Almucantar
Adelaide_Site_7,06:11:2020,12:00:00,311,311.000000,0.081550,0.051925,0.041950,0.037650,0.057075,0.025025,0.013775,0.009175,0.024450,0.026875,0.028200,0.028525,0.970725,4,4,4,4,4,4,4,4,4,4,4,4,4,-34.725067,138.656483,30.000000,lev15,Almucantar
Adelaide_Site_7,07:11:2020,12:00:00,312,312.000000,0.069775,0.052825,0.045125,0.040900,0.047025,0.026750,0.017775,0.013400,0.022775,0.026075,0.027350,0.027500,0.667543,4,4,4,4,4,4,4,4,4,4,4,4,4,-34.725067,138.656483,30.000000,lev15,Almucantar
Adelaide_Site_7,08:11:2020,12:00:00,313,313.000000,0.053500,0.038914,0.032629,0.029171,0.035986,0.018929,0.011743,0.008343,0.017500,0.019943,0.020900,0.020857,0.726194,7,7,7,7,7,7,7,7,7,7,7,7,7,-34.725067,138.656483,30.000000,lev15,Almucantar
Adelaide_Site_7,09:11:2020,12:00:00,314,314.000000,0.095433,0.067733,0.060267,0.057300,0.052700,0.022100,0.012633,0.008833,0.042733,0.045600,0.047633,0.048500,0.685924,3,3,3,3,3,3,3,3,3,3,3,3,3,-34.725067,138.656483,30.000000,lev15,Almucantar
Adelaide_Site_7,10:11:2020,12:00:00,315,315.000000,0.104520,0.065600,0.055820,0.051760,0.069260,0.027420,0.015540,0.010620,0.035260,0.038180,0.040300,0.041140,0.955478,5,5,5,5,5,5,5,5,5,5,5,5,5,-34.725067,138.656483,30.000000,lev15,Almucantar
Adelaide_Site_7,11:11:2020,12:00:00,316,316.000000,0.129983,0.116983,0.114050,0.112583,0.039200,0.019633,0.012283,0.008833,0.090767,0.097333,0.101767,0.103783,0.195062,6,6,6,6,6,6,6,6,6,6,6,6,6,-34.725067,138.656483,30.000000,lev15,Almucantar
Adelaide_Site_7,14:11:2020,12:00:00,319,319.000000,0.058450,0.037730,0.031510,0.028550,0.041030,0.018280,0.010950,0.007730,0.017430,0.019450,0.020560,0.020860,0.956034,10,10,10,10,10,10,10,10,10,10,10,10,10,-34.725067,138.656483,30.000000,lev15,Almucantar
Adelaide_Site_7,16:11:2020,12:00:00,321,321.000000,0.091450,0.079100,0.074025,0.071150,0.039725,0.020550,0.012650,0.008975,0.051725,0.058525,0.061425,0.062150,0.314667,4,4,4,4,4,4,4,4,4,4,4,4,4,-34.725067,138.656483,30.000000,lev15,Almucantar
Adelaide_Site_7,17:11:2020,12:00:00,322,322.000000,0.075330,0.055450,0.049950,0.047140,0.042000,0.018440,0.011190,0.007860,0.033300,0.037030,0.038760,0.039270,0.632835,10,10,10,10,10,10,10,10,10,10,10,10,10,-34.725067,138.656483,30.000000,lev15,Almucantar
Adelaide_Site_7,19:11:2020,12:00:00,324,324.000000,0.074400,0.058067,0.052067,0.049233,0.042167,0.021967,0.013667,0.009933,0.032300,0.036133,0.038400,0.039333,0.530163,3,3,3,3,3,3,3,3,3,3,3,3,3,-34.725067,138.656483,30.000000,lev15,Almucantar
Adelaide_Site_7,20:11:2020,12:00:00,325,325.000000,0.069433,0.054367,0.049167,0.046800,0.037867,0.018900,0.011333,0.008167,0.031533,0.035467,0.037833,0.038567,0.513533,3,3,3,3,3,3,3,3,3,3,3,3,3,-34.725067,138.656483,30.000000,lev15,Almucantar
Adelaide_Site_7,10:12:2020,12:00:00,345,345.000000,0.055775,0.042325,0.036675,0.033675,0.036575,0.020700,0.013725,0.010350,0.019225,0.021625,0.022950,0.023300,0.623591,4,4,4,4,4,4,4,4,4,4,4,4,4,-34.725067,138.656483,30.000000,lev15,Almucantar
Adelaide_Site_7,11:12:2020,12:00:00,346,346.000000,0.043050,0.031100,0.027100,0.025100,0.026950,0.012550,0.007450,0.005200,0.016100,0.018600,0.019650,0.019900,0.685602,2,2,2,2,2,2,2,2,2,2,2,2,2,-34.725067,138.656483,30.000000,lev15,Almucantar
Adelaide_Site_7,15:12:2020,12:00:00,350,350.000000,0.074850,0.050000,0.043950,0.041600,0.045050,0.017700,0.010100,0.007100,0.029800,0.032300,0.033850,0.034550,0.797517,2,2,2,2,2,2,2,2,2,2,2,2,2,-34.725067,138.656483,30.000000,lev15,Almucantar
Adelaide_Site_7,16:12:2020,12:00:00,351,351.000000,0.092800,0.061800,0.053500,0.050300,0.058900,0.024500,0.014100,0.010200,0.033800,0.037300,0.039400,0.040100,0.821416,1,1,1,1,1,1,1,1,1,1,1,1,1,-34.725067,138.656483,30.000000,lev15,Almucantar
Adelaide_Site_7,17:12:2020,12:00:00,352,352.000000,0.084200,0.069900,0.064000,0.061100,0.039500,0.020600,0.012500,0.009000,0.044800,0.049300,0.051500,0.052100,0.405123,1,1,1,1,1,1,1,1,1,1,1,1,1,-34.725067,138.656483,30.000000,lev15,Almucantar
Adelaide_Site_7,18:12:2020,12:00:00,353,353.000000,0.051075,0.035900,0.030100,0.027325,0.034025,0.017125,0.010250,0.007200,0.017075,0.018750,0.019800,0.020175,0.802509,4,4,4,4,4,4,4,4,4,4,4,4,4,-34.725067,138.656483,30.000000,lev15,Almucantar
Adelaide_Site_7,21:12:2020,12:00:00,356,356.000000,0.086933,0.063800,0.056433,0.053500,0.048133,0.020700,0.011067,0.007333,0.038767,0.043067,0.045367,0.046133,0.641601,3,3,3,3,3,3,3,3,3,3,3,3,3,-34.725067,138.656483,30.000000,lev15,Almucantar
