AERONET Data Download (Version 3 Direct Sun and Inversion Algorithms)
AERONET Version 3
Adelaide_Site_7
Version 3: Almucantar Level 1.5 Inversion
The following data are cloud cleared and quality controls have been applied but these data may not have final calibration applied.  These data may change.
Daily Averages,Contact: PI=Brent_Holben; PI Email=Brent.N.Holben@nasa.gov 
AERONET_AERONET_Site,Date(dd:mm:yyyy),Time(hh:mm:ss),Day_of_Year,Day_of_Year(fraction),0.050000,0.065604,0.086077,0.112939,0.148184,0.194429,0.255105,0.334716,0.439173,0.576227,0.756052,0.991996,1.301571,1.707757,2.240702,2.939966,3.857452,5.061260,6.640745,8.713145,11.432287,15.000000,Inflection_Radius_of_Size_Distribution(um),N[0.050000],N[0.065604],N[0.086077],N[0.112939],N[0.148184],N[0.194429],N[0.255105],N[0.334716],N[0.439173],N[0.576227],N[0.756052],N[0.991996],N[1.301571],N[1.707757],N[2.240702],N[2.939966],N[3.857452],N[5.061260],N[6.640745],N[8.713145],N[11.432287],N[15.000000],N[Inflection_Radius_of_Size_Distribution(um)],Latitude(Degrees),Longitude(Degrees),Elevation(m),Level,Retrieval_Measurement_Scan_Type
Adelaide_Site_7,01:01:2019,12:00:00,1,1.000000,0.000039,0.000285,0.001065,0.002015,0.002431,0.002362,0.002008,0.001538,0.001174,0.001020,0.001020,0.001105,0.001227,0.001433,0.001877,0.002692,0.003797,0.004400,0.003375,0.001441,0.000315,0.000036,0.714875,8,8,8,8,8,8,8,8,8,8,8,8,8,8,8,8,8,8,8,8,8,8,8,-34.725067,138.656483,30.000000,lev15,Almucantar
Adelaide_Site_7,02:01:2019,12:00:00,2,2.000000,0.000129,0.000775,0.002278,0.003423,0.003190,0.002416,0.001878,0.001688,0.001855,0.002450,0.003428,0.004460,0.005327,0.006211,0.007310,0.008738,0.010295,0.010629,0.007866,0.003446,0.000803,0.000099,0.439000,7,7,7,7,7,7,7,7,7,7,7,7,7,7,7,7,7,7,7,7,7,7,7,-34.725067,138.656483,30.000000,lev15,Almucantar
Adelaide_Site_7,03:01:2019,12:00:00,3,3.000000,0.000301,0.003300,0.014932,0.025084,0.019051,0.008817,0.004017,0.002688,0.002812,0.003744,0.004860,0.006012,0.007889,0.010766,0.014121,0.018753,0.025079,0.029069,0.023298,0.010380,0.002215,0.000224,0.439000,8,8,8,8,8,8,8,8,8,8,8,8,8,8,8,8,8,8,8,8,8,8,8,-34.725067,138.656483,30.000000,lev15,Almucantar
Adelaide_Site_7,04:01:2019,12:00:00,4,4.000000,0.002521,0.010806,0.019906,0.017019,0.008195,0.003432,0.002090,0.002334,0.004131,0.008175,0.013561,0.019819,0.027509,0.034160,0.038414,0.043245,0.047033,0.041242,0.025135,0.009669,0.002168,0.000290,0.439000,6,6,6,6,6,6,6,6,6,6,6,6,6,6,6,6,6,6,6,6,6,6,6,-34.725067,138.656483,30.000000,lev15,Almucantar
Adelaide_Site_7,05:01:2019,12:00:00,5,5.000000,0.000155,0.000947,0.002670,0.003693,0.002971,0.001866,0.001303,0.001293,0.001819,0.002925,0.004508,0.006178,0.006982,0.007512,0.008457,0.009532,0.010606,0.010302,0.007133,0.003060,0.000763,0.000108,0.439000,3,3,3,3,3,3,3,3,3,3,3,3,3,3,3,3,3,3,3,3,3,3,3,-34.725067,138.656483,30.000000,lev15,Almucantar
Adelaide_Site_7,06:01:2019,12:00:00,6,6.000000,0.000181,0.000856,0.002135,0.002958,0.002780,0.002288,0.001946,0.001855,0.002217,0.003376,0.005405,0.007753,0.009929,0.012336,0.015384,0.018508,0.019626,0.016435,0.009760,0.003790,0.000905,0.000130,0.439000,8,8,8,8,8,8,8,8,8,8,8,8,8,8,8,8,8,8,8,8,8,8,8,-34.725067,138.656483,30.000000,lev15,Almucantar
Adelaide_Site_7,08:01:2019,12:00:00,8,8.000000,0.000117,0.000673,0.001935,0.002928,0.002824,0.002241,0.001740,0.001438,0.001421,0.001822,0.002725,0.004019,0.005586,0.007337,0.009108,0.010743,0.011658,0.010730,0.007173,0.002933,0.000653,0.000082,0.439000,8,8,8,8,8,8,8,8,8,8,8,8,8,8,8,8,8,8,8,8,8,8,8,-34.725067,138.656483,30.000000,lev15,Almucantar
Adelaide_Site_7,09:01:2019,12:00:00,9,9.000000,0.000270,0.000981,0.002004,0.002459,0.002206,0.001842,0.001714,0.001954,0.002791,0.004428,0.007111,0.010131,0.012497,0.015374,0.019966,0.025019,0.026413,0.021356,0.012859,0.005236,0.001249,0.000172,0.439000,5,5,5,5,5,5,5,5,5,5,5,5,5,5,5,5,5,5,5,5,5,5,5,-34.725067,138.656483,30.000000,lev15,Almucantar
Adelaide_Site_7,10:01:2019,12:00:00,10,10.000000,0.000290,0.001504,0.003513,0.004066,0.003045,0.002067,0.001606,0.001536,0.001880,0.002805,0.004323,0.006342,0.009207,0.012383,0.016247,0.021905,0.029199,0.031641,0.022200,0.008843,0.001781,0.000169,0.439000,4,4,4,4,4,4,4,4,4,4,4,4,4,4,4,4,4,4,4,4,4,4,4,-34.725067,138.656483,30.000000,lev15,Almucantar
Adelaide_Site_7,11:01:2019,12:00:00,11,11.000000,0.000277,0.001380,0.003472,0.004857,0.004256,0.002839,0.001951,0.001671,0.001889,0.002698,0.003945,0.005559,0.007965,0.011094,0.014780,0.020608,0.028888,0.032876,0.023215,0.008677,0.001605,0.000144,0.439000,5,5,5,5,5,5,5,5,5,5,5,5,5,5,5,5,5,5,5,5,5,5,5,-34.725067,138.656483,30.000000,lev15,Almucantar
Adelaide_Site_7,12:01:2019,12:00:00,12,12.000000,0.000161,0.000790,0.001965,0.002633,0.002344,0.001865,0.001638,0.001698,0.002158,0.003079,0.003985,0.004604,0.005357,0.006530,0.008104,0.010422,0.014085,0.017662,0.015741,0.007610,0.001689,0.000163,0.439000,6,6,6,6,6,6,6,6,6,6,6,6,6,6,6,6,6,6,6,6,6,6,6,-34.725067,138.656483,30.000000,lev15,Almucantar
Adelaide_Site_7,13:01:2019,12:00:00,13,13.000000,0.000080,0.000267,0.000639,0.001107,0.001496,0.001753,0.001940,0.002092,0.002303,0.002753,0.003436,0.003995,0.004139,0.004272,0.004700,0.005375,0.006104,0.006119,0.004439,0.001962,0.000492,0.000077,0.461833,6,6,6,6,6,6,6,6,6,6,6,6,6,6,6,6,6,6,6,6,6,6,6,-34.725067,138.656483,30.000000,lev15,Almucantar
Adelaide_Site_7,14:01:2019,12:00:00,14,14.000000,0.000226,0.001084,0.002484,0.002982,0.002397,0.001761,0.001452,0.001431,0.001770,0.002597,0.003751,0.004955,0.006258,0.008056,0.010790,0.014661,0.019042,0.020472,0.014897,0.006162,0.001307,0.000137,0.461833,6,6,6,6,6,6,6,6,6,6,6,6,6,6,6,6,6,6,6,6,6,6,6,-34.725067,138.656483,30.000000,lev15,Almucantar
Adelaide_Site_7,15:01:2019,12:00:00,15,15.000000,0.000677,0.004936,0.013886,0.016311,0.010053,0.004928,0.002917,0.002602,0.003559,0.005674,0.007366,0.008538,0.010777,0.014244,0.017833,0.021761,0.025811,0.026417,0.019382,0.008685,0.002150,0.000283,0.439000,4,4,4,4,4,4,4,4,4,4,4,4,4,4,4,4,4,4,4,4,4,4,4,-34.725067,138.656483,30.000000,lev15,Almucantar
Adelaide_Site_7,19:01:2019,12:00:00,19,19.000000,0.000146,0.000766,0.002093,0.003138,0.003031,0.002371,0.001830,0.001587,0.001749,0.002633,0.004512,0.006511,0.008047,0.010149,0.013108,0.015395,0.015519,0.012323,0.006918,0.002571,0.000614,0.000093,0.439000,4,4,4,4,4,4,4,4,4,4,4,4,4,4,4,4,4,4,4,4,4,4,4,-34.725067,138.656483,30.000000,lev15,Almucantar
Adelaide_Site_7,20:01:2019,12:00:00,20,20.000000,0.000092,0.000461,0.001292,0.002024,0.002139,0.001995,0.001892,0.001840,0.001890,0.002116,0.002523,0.003016,0.003477,0.003944,0.004511,0.005146,0.005580,0.005268,0.003764,0.001764,0.000495,0.000082,0.439000,2,2,2,2,2,2,2,2,2,2,2,2,2,2,2,2,2,2,2,2,2,2,2,-34.725067,138.656483,30.000000,lev15,Almucantar
Adelaide_Site_7,21:01:2019,12:00:00,21,21.000000,0.000243,0.001673,0.004759,0.005976,0.004091,0.002178,0.001327,0.001205,0.001722,0.003212,0.005615,0.007735,0.009537,0.011549,0.014110,0.018103,0.023939,0.028105,0.022685,0.009940,0.002060,0.000195,0.439000,6,6,6,6,6,6,6,6,6,6,6,6,6,6,6,6,6,6,6,6,6,6,6,-34.725067,138.656483,30.000000,lev15,Almucantar
Adelaide_Site_7,22:01:2019,12:00:00,22,22.000000,0.002428,0.006706,0.008259,0.005519,0.002832,0.001599,0.001301,0.001698,0.003263,0.007344,0.015185,0.026259,0.037694,0.043468,0.045823,0.049321,0.048047,0.035509,0.018218,0.006421,0.001580,0.000279,0.439000,10,10,10,10,10,10,10,10,10,10,10,10,10,10,10,10,10,10,10,10,10,10,10,-34.725067,138.656483,30.000000,lev15,Almucantar
Adelaide_Site_7,23:01:2019,12:00:00,23,23.000000,0.000702,0.002656,0.004507,0.003954,0.002413,0.001448,0.001120,0.001296,0.002217,0.004497,0.008274,0.012689,0.016708,0.019279,0.021495,0.024624,0.027333,0.024786,0.015422,0.005950,0.001367,0.000187,0.439000,10,10,10,10,10,10,10,10,10,10,10,10,10,10,10,10,10,10,10,10,10,10,10,-34.725067,138.656483,30.000000,lev15,Almucantar
Adelaide_Site_7,24:01:2019,12:00:00,24,24.000000,0.001097,0.003890,0.005862,0.004548,0.002601,0.001548,0.001228,0.001471,0.002590,0.005527,0.011051,0.019008,0.027941,0.034800,0.038514,0.040447,0.040920,0.036070,0.023029,0.009109,0.002084,0.000296,0.439000,9,9,9,9,9,9,9,9,9,9,9,9,9,9,9,9,9,9,9,9,9,9,9,-34.725067,138.656483,30.000000,lev15,Almucantar
Adelaide_Site_7,28:01:2019,12:00:00,28,28.000000,0.000233,0.001051,0.002466,0.003211,0.002788,0.002094,0.001729,0.001799,0.002460,0.004023,0.006458,0.009166,0.011927,0.014836,0.017654,0.019451,0.018265,0.013645,0.007642,0.002994,0.000777,0.000134,0.439000,10,10,10,10,10,10,10,10,10,10,10,10,10,10,10,10,10,10,10,10,10,10,10,-34.725067,138.656483,30.000000,lev15,Almucantar
Adelaide_Site_7,30:01:2019,12:00:00,30,30.000000,0.000167,0.001300,0.006813,0.020956,0.030952,0.018900,0.006580,0.002873,0.002502,0.003611,0.005531,0.007740,0.010534,0.013934,0.018105,0.024786,0.034880,0.042587,0.034534,0.015296,0.003284,0.000323,0.439000,4,4,4,4,4,4,4,4,4,4,4,4,4,4,4,4,4,4,4,4,4,4,4,-34.725067,138.656483,30.000000,lev15,Almucantar
Adelaide_Site_7,31:01:2019,12:00:00,31,31.000000,0.000168,0.000643,0.001490,0.002084,0.002020,0.001715,0.001549,0.001625,0.002100,0.003340,0.005704,0.008593,0.011091,0.014158,0.018722,0.023776,0.027807,0.025976,0.015994,0.005768,0.001164,0.000134,0.439000,6,6,6,6,6,6,6,6,6,6,6,6,6,6,6,6,6,6,6,6,6,6,6,-34.725067,138.656483,30.000000,lev15,Almucantar
Adelaide_Site_7,01:02:2019,12:00:00,32,32.000000,0.000111,0.000435,0.001019,0.001472,0.001517,0.001370,0.001255,0.001214,0.001343,0.001835,0.002799,0.004082,0.005709,0.007533,0.009615,0.012143,0.015647,0.018251,0.014760,0.006428,0.001288,0.000113,0.439000,10,10,10,10,10,10,10,10,10,10,10,10,10,10,10,10,10,10,10,10,10,10,10,-34.725067,138.656483,30.000000,lev15,Almucantar
Adelaide_Site_7,03:02:2019,12:00:00,34,34.000000,0.000684,0.002758,0.005231,0.005108,0.003234,0.001847,0.001345,0.001584,0.002997,0.006926,0.013927,0.022392,0.031801,0.039329,0.046403,0.054485,0.056709,0.044111,0.023266,0.008100,0.001846,0.000277,0.439000,5,5,5,5,5,5,5,5,5,5,5,5,5,5,5,5,5,5,5,5,5,5,5,-34.725067,138.656483,30.000000,lev15,Almucantar
Adelaide_Site_7,04:02:2019,12:00:00,35,35.000000,0.000126,0.000869,0.002774,0.004082,0.003291,0.002038,0.001359,0.001168,0.001400,0.002179,0.003336,0.004298,0.005130,0.006228,0.007956,0.010667,0.014374,0.016598,0.013049,0.005691,0.001209,0.000119,0.439000,5,5,5,5,5,5,5,5,5,5,5,5,5,5,5,5,5,5,5,5,5,5,5,-34.725067,138.656483,30.000000,lev15,Almucantar
Adelaide_Site_7,05:02:2019,12:00:00,36,36.000000,0.000224,0.001360,0.003542,0.004362,0.003243,0.001993,0.001368,0.001324,0.001911,0.003325,0.005042,0.006357,0.007650,0.009258,0.011544,0.014950,0.018668,0.018830,0.012667,0.004977,0.001071,0.000126,0.439000,7,7,7,7,7,7,7,7,7,7,7,7,7,7,7,7,7,7,7,7,7,7,7,-34.725067,138.656483,30.000000,lev15,Almucantar
Adelaide_Site_7,06:02:2019,12:00:00,37,37.000000,0.000188,0.001347,0.004425,0.006698,0.005562,0.003517,0.002336,0.001969,0.002345,0.003757,0.006095,0.008158,0.009315,0.009792,0.009902,0.010382,0.011287,0.010938,0.007687,0.003392,0.000877,0.000132,0.439000,5,5,5,5,5,5,5,5,5,5,5,5,5,5,5,5,5,5,5,5,5,5,5,-34.725067,138.656483,30.000000,lev15,Almucantar
Adelaide_Site_7,07:02:2019,12:00:00,38,38.000000,0.000143,0.000916,0.003207,0.006210,0.007364,0.006274,0.004340,0.002863,0.002495,0.003234,0.004918,0.006739,0.007971,0.008566,0.008971,0.009890,0.011287,0.011595,0.008720,0.003999,0.001022,0.000150,0.439000,8,8,8,8,8,8,8,8,8,8,8,8,8,8,8,8,8,8,8,8,8,8,8,-34.725067,138.656483,30.000000,lev15,Almucantar
Adelaide_Site_7,09:02:2019,12:00:00,40,40.000000,0.000277,0.000699,0.001284,0.001632,0.001675,0.001775,0.002231,0.003261,0.005234,0.008553,0.012780,0.016432,0.018117,0.019929,0.023655,0.027251,0.027456,0.022073,0.013107,0.005276,0.001359,0.000225,0.439000,4,4,4,4,4,4,4,4,4,4,4,4,4,4,4,4,4,4,4,4,4,4,4,-34.725067,138.656483,30.000000,lev15,Almucantar
Adelaide_Site_7,10:02:2019,12:00:00,41,41.000000,0.000195,0.000702,0.001603,0.002341,0.002466,0.002299,0.002262,0.002548,0.003506,0.005768,0.009369,0.012646,0.014553,0.016291,0.019200,0.023120,0.025315,0.021739,0.012993,0.004999,0.001178,0.000168,0.439000,5,5,5,5,5,5,5,5,5,5,5,5,5,5,5,5,5,5,5,5,5,5,5,-34.725067,138.656483,30.000000,lev15,Almucantar
Adelaide_Site_7,11:02:2019,12:00:00,42,42.000000,0.000174,0.000946,0.002670,0.004037,0.003682,0.002523,0.001700,0.001406,0.001576,0.002329,0.004012,0.006904,0.010820,0.015701,0.021635,0.027343,0.029255,0.023636,0.012969,0.004523,0.000972,0.000128,0.439000,2,2,2,2,2,2,2,2,2,2,2,2,2,2,2,2,2,2,2,2,2,2,2,-34.725067,138.656483,30.000000,lev15,Almucantar
Adelaide_Site_7,13:02:2019,12:00:00,44,44.000000,0.000263,0.001059,0.002070,0.002171,0.001777,0.001576,0.001663,0.002067,0.003014,0.004845,0.007200,0.009008,0.010395,0.012536,0.016180,0.020543,0.023633,0.022099,0.014391,0.005705,0.001271,0.000155,0.439000,4,4,4,4,4,4,4,4,4,4,4,4,4,4,4,4,4,4,4,4,4,4,4,-34.725067,138.656483,30.000000,lev15,Almucantar
Adelaide_Site_7,14:02:2019,12:00:00,45,45.000000,0.000303,0.001086,0.002180,0.002598,0.002138,0.001539,0.001247,0.001361,0.002114,0.004171,0.008012,0.011778,0.013956,0.017117,0.023894,0.033022,0.037318,0.028769,0.014188,0.004614,0.001021,0.000155,0.439000,1,1,1,1,1,1,1,1,1,1,1,1,1,1,1,1,1,1,1,1,1,1,1,-34.725067,138.656483,30.000000,lev15,Almucantar
Adelaide_Site_7,04:03:2019,12:00:00,63,63.000000,0.001683,0.005357,0.007593,0.005686,0.003335,0.002290,0.002218,0.002932,0.004753,0.008044,0.011487,0.015541,0.021048,0.024088,0.026011,0.029984,0.036252,0.037970,0.027043,0.011177,0.002473,0.000286,0.439000,3,3,3,3,3,3,3,3,3,3,3,3,3,3,3,3,3,3,3,3,3,3,3,-34.725067,138.656483,30.000000,lev15,Almucantar
Adelaide_Site_7,05:03:2019,12:00:00,64,64.000000,0.000551,0.002605,0.004703,0.003977,0.002464,0.001672,0.001412,0.001427,0.001718,0.002352,0.003141,0.004058,0.005382,0.006932,0.008397,0.009859,0.011470,0.012086,0.009390,0.004363,0.001060,0.000129,0.439000,2,2,2,2,2,2,2,2,2,2,2,2,2,2,2,2,2,2,2,2,2,2,2,-34.725067,138.656483,30.000000,lev15,Almucantar
Adelaide_Site_7,07:03:2019,12:00:00,66,66.000000,0.000138,0.000468,0.000989,0.001301,0.001253,0.001133,0.001153,0.001382,0.001931,0.002976,0.004354,0.005861,0.007775,0.010339,0.013750,0.017419,0.018542,0.014503,0.007642,0.002648,0.000601,0.000089,0.439000,5,5,5,5,5,5,5,5,5,5,5,5,5,5,5,5,5,5,5,5,5,5,5,-34.725067,138.656483,30.000000,lev15,Almucantar
Adelaide_Site_7,09:03:2019,12:00:00,68,68.000000,0.000104,0.000611,0.001705,0.002475,0.002281,0.001687,0.001241,0.001095,0.001331,0.002111,0.003213,0.003896,0.004217,0.004634,0.004986,0.005442,0.005987,0.005885,0.004234,0.001908,0.000497,0.000073,0.439000,5,5,5,5,5,5,5,5,5,5,5,5,5,5,5,5,5,5,5,5,5,5,5,-34.725067,138.656483,30.000000,lev15,Almucantar
Adelaide_Site_7,12:03:2019,12:00:00,71,71.000000,0.000224,0.000440,0.000750,0.001100,0.001432,0.001752,0.002163,0.002898,0.004485,0.007628,0.011797,0.014762,0.016703,0.019809,0.024131,0.027139,0.025052,0.018221,0.010177,0.004059,0.001091,0.000205,0.439000,4,4,4,4,4,4,4,4,4,4,4,4,4,4,4,4,4,4,4,4,4,4,4,-34.725067,138.656483,30.000000,lev15,Almucantar
Adelaide_Site_7,14:03:2019,12:00:00,73,73.000000,0.000238,0.000916,0.001912,0.002334,0.002042,0.001673,0.001523,0.001533,0.001763,0.002417,0.003456,0.004751,0.006174,0.007514,0.009215,0.012016,0.015861,0.017603,0.013009,0.005388,0.001131,0.000117,0.439000,12,12,12,12,12,12,12,12,12,12,12,12,12,12,12,12,12,12,12,12,12,12,12,-34.725067,138.656483,30.000000,lev15,Almucantar
Adelaide_Site_7,15:03:2019,12:00:00,74,74.000000,0.000149,0.000761,0.001962,0.002680,0.002341,0.001703,0.001289,0.001182,0.001476,0.002439,0.004001,0.005235,0.006052,0.007163,0.008695,0.010321,0.012023,0.013237,0.010902,0.004977,0.001057,0.000110,0.439000,11,11,11,11,11,11,11,11,11,11,11,11,11,11,11,11,11,11,11,11,11,11,11,-34.725067,138.656483,30.000000,lev15,Almucantar
Adelaide_Site_7,16:03:2019,12:00:00,75,75.000000,0.000122,0.000610,0.001677,0.002641,0.002697,0.002178,0.001696,0.001441,0.001433,0.001653,0.002066,0.002767,0.003956,0.005867,0.008599,0.011932,0.014848,0.014911,0.010470,0.004372,0.000954,0.000106,0.478625,8,8,8,8,8,8,8,8,8,8,8,8,8,8,8,8,8,8,8,8,8,8,8,-34.725067,138.656483,30.000000,lev15,Almucantar
Adelaide_Site_7,17:03:2019,12:00:00,76,76.000000,0.000171,0.001278,0.004733,0.009010,0.009513,0.006199,0.003177,0.001789,0.001507,0.001985,0.003175,0.004992,0.007268,0.009659,0.012545,0.017160,0.023492,0.026608,0.019773,0.008096,0.001647,0.000162,0.439000,12,12,12,12,12,12,12,12,12,12,12,12,12,12,12,12,12,12,12,12,12,12,12,-34.725067,138.656483,30.000000,lev15,Almucantar
Adelaide_Site_7,18:03:2019,12:00:00,77,77.000000,0.000290,0.001984,0.005803,0.007921,0.006276,0.003786,0.002207,0.001531,0.001502,0.002098,0.003432,0.005426,0.007739,0.010159,0.013451,0.019048,0.026428,0.029031,0.020199,0.007714,0.001508,0.000149,0.439000,6,6,6,6,6,6,6,6,6,6,6,6,6,6,6,6,6,6,6,6,6,6,6,-34.725067,138.656483,30.000000,lev15,Almucantar
Adelaide_Site_7,19:03:2019,12:00:00,78,78.000000,0.000239,0.001519,0.004308,0.005943,0.004884,0.003098,0.001942,0.001477,0.001602,0.002397,0.003805,0.005534,0.007395,0.009323,0.011853,0.015902,0.020832,0.022020,0.015265,0.006014,0.001240,0.000131,0.439000,12,12,12,12,12,12,12,12,12,12,12,12,12,12,12,12,12,12,12,12,12,12,12,-34.725067,138.656483,30.000000,lev15,Almucantar
Adelaide_Site_7,20:03:2019,12:00:00,79,79.000000,0.000229,0.001505,0.004421,0.006001,0.004795,0.003226,0.002270,0.001795,0.001862,0.002572,0.003779,0.005167,0.006614,0.007989,0.009528,0.011767,0.014336,0.014590,0.010244,0.004309,0.001003,0.000126,0.439000,8,8,8,8,8,8,8,8,8,8,8,8,8,8,8,8,8,8,8,8,8,8,8,-34.725067,138.656483,30.000000,lev15,Almucantar
Adelaide_Site_7,22:03:2019,12:00:00,81,81.000000,0.000165,0.000942,0.002918,0.004995,0.005049,0.003458,0.002024,0.001352,0.001282,0.001762,0.002966,0.005041,0.007974,0.011970,0.017823,0.026532,0.035835,0.036415,0.023175,0.008220,0.001543,0.000151,0.439000,1,1,1,1,1,1,1,1,1,1,1,1,1,1,1,1,1,1,1,1,1,1,1,-34.725067,138.656483,30.000000,lev15,Almucantar
Adelaide_Site_7,26:03:2019,12:00:00,85,85.000000,0.000174,0.001041,0.002700,0.003356,0.002587,0.001697,0.001215,0.001113,0.001429,0.002393,0.003871,0.005044,0.006212,0.008327,0.011574,0.015949,0.020163,0.020282,0.013448,0.005088,0.001002,0.000099,0.439000,4,4,4,4,4,4,4,4,4,4,4,4,4,4,4,4,4,4,4,4,4,4,4,-34.725067,138.656483,30.000000,lev15,Almucantar
Adelaide_Site_7,27:03:2019,12:00:00,86,86.000000,0.000223,0.001127,0.002433,0.002573,0.001782,0.001134,0.000856,0.000866,0.001206,0.002083,0.003365,0.004501,0.005793,0.007732,0.010640,0.014897,0.019366,0.019171,0.011934,0.004202,0.000802,0.000083,0.439000,5,5,5,5,5,5,5,5,5,5,5,5,5,5,5,5,5,5,5,5,5,5,5,-34.725067,138.656483,30.000000,lev15,Almucantar
Adelaide_Site_7,28:03:2019,12:00:00,87,87.000000,0.000149,0.000510,0.001034,0.001341,0.001339,0.001284,0.001314,0.001400,0.001633,0.002209,0.003193,0.004706,0.006508,0.008073,0.009999,0.012755,0.015315,0.014340,0.008811,0.003234,0.000679,0.000081,0.439000,4,4,4,4,4,4,4,4,4,4,4,4,4,4,4,4,4,4,4,4,4,4,4,-34.725067,138.656483,30.000000,lev15,Almucantar
Adelaide_Site_7,31:03:2019,12:00:00,90,90.000000,0.000108,0.000467,0.001180,0.001769,0.001776,0.001467,0.001251,0.001299,0.001736,0.002824,0.004828,0.007333,0.009326,0.010650,0.011505,0.011386,0.009593,0.006440,0.003312,0.001280,0.000369,0.000079,0.439000,2,2,2,2,2,2,2,2,2,2,2,2,2,2,2,2,2,2,2,2,2,2,2,-34.725067,138.656483,30.000000,lev15,Almucantar
Adelaide_Site_7,01:04:2019,12:00:00,91,91.000000,0.000166,0.001003,0.002662,0.003371,0.002599,0.001697,0.001213,0.001090,0.001367,0.002240,0.003457,0.004199,0.004894,0.006532,0.009023,0.011990,0.015072,0.016116,0.011849,0.004949,0.001038,0.000106,0.439000,7,7,7,7,7,7,7,7,7,7,7,7,7,7,7,7,7,7,7,7,7,7,7,-34.725067,138.656483,30.000000,lev15,Almucantar
Adelaide_Site_7,02:04:2019,12:00:00,92,92.000000,0.000052,0.000264,0.000747,0.001248,0.001382,0.001181,0.000876,0.000637,0.000569,0.000717,0.001100,0.001662,0.002303,0.003096,0.004367,0.006548,0.009614,0.011443,0.008574,0.003307,0.000595,0.000050,0.452700,10,10,10,10,10,10,10,10,10,10,10,10,10,10,10,10,10,10,10,10,10,10,10,-34.725067,138.656483,30.000000,lev15,Almucantar
Adelaide_Site_7,04:04:2019,12:00:00,94,94.000000,0.000128,0.000561,0.001354,0.001882,0.001750,0.001331,0.000978,0.000795,0.000838,0.001214,0.002059,0.003345,0.005011,0.007238,0.010397,0.014967,0.020072,0.021077,0.013992,0.005055,0.000932,0.000088,0.439000,5,5,5,5,5,5,5,5,5,5,5,5,5,5,5,5,5,5,5,5,5,5,5,-34.725067,138.656483,30.000000,lev15,Almucantar
Adelaide_Site_7,05:04:2019,12:00:00,95,95.000000,0.000249,0.000967,0.001727,0.001600,0.001043,0.000707,0.000639,0.000792,0.001227,0.001996,0.002996,0.004194,0.005781,0.007939,0.010980,0.015583,0.021562,0.024353,0.017535,0.006674,0.001220,0.000104,0.439000,1,1,1,1,1,1,1,1,1,1,1,1,1,1,1,1,1,1,1,1,1,1,1,-34.725067,138.656483,30.000000,lev15,Almucantar
Adelaide_Site_7,06:04:2019,12:00:00,96,96.000000,0.000159,0.000745,0.001869,0.002657,0.002511,0.001970,0.001584,0.001504,0.001870,0.003018,0.004782,0.005986,0.007146,0.009028,0.011000,0.012792,0.013831,0.012224,0.007519,0.002951,0.000709,0.000103,0.439000,4,4,4,4,4,4,4,4,4,4,4,4,4,4,4,4,4,4,4,4,4,4,4,-34.725067,138.656483,30.000000,lev15,Almucantar
Adelaide_Site_7,07:04:2019,12:00:00,97,97.000000,0.000344,0.001249,0.002455,0.002678,0.002007,0.001460,0.001376,0.001802,0.003036,0.005637,0.009142,0.011719,0.013699,0.017197,0.022100,0.025976,0.025406,0.019342,0.010671,0.004021,0.001008,0.000172,0.439000,9,9,9,9,9,9,9,9,9,9,9,9,9,9,9,9,9,9,9,9,9,9,9,-34.725067,138.656483,30.000000,lev15,Almucantar
Adelaide_Site_7,08:04:2019,12:00:00,98,98.000000,0.000224,0.000279,0.000355,0.000466,0.000641,0.000948,0.001536,0.002739,0.005192,0.009666,0.015930,0.021628,0.024269,0.023621,0.020706,0.016469,0.011706,0.007274,0.003880,0.001755,0.000668,0.000214,0.439000,1,1,1,1,1,1,1,1,1,1,1,1,1,1,1,1,1,1,1,1,1,1,1,-34.725067,138.656483,30.000000,lev15,Almucantar
Adelaide_Site_7,09:04:2019,12:00:00,99,99.000000,0.000195,0.000765,0.001694,0.002239,0.002056,0.001682,0.001577,0.001935,0.003019,0.004992,0.007130,0.008924,0.010380,0.012437,0.014776,0.017289,0.018184,0.014994,0.008617,0.003264,0.000797,0.000125,0.439000,1,1,1,1,1,1,1,1,1,1,1,1,1,1,1,1,1,1,1,1,1,1,1,-34.725067,138.656483,30.000000,lev15,Almucantar
Adelaide_Site_7,10:04:2019,12:00:00,100,100.000000,0.000187,0.000771,0.001804,0.002480,0.002311,0.001866,0.001646,0.001767,0.002371,0.003712,0.005536,0.007079,0.008673,0.010933,0.013788,0.017065,0.019131,0.016886,0.010227,0.003870,0.000871,0.000118,0.439000,5,5,5,5,5,5,5,5,5,5,5,5,5,5,5,5,5,5,5,5,5,5,5,-34.725067,138.656483,30.000000,lev15,Almucantar
Adelaide_Site_7,11:04:2019,12:00:00,101,101.000000,0.000131,0.000597,0.001494,0.002161,0.002069,0.001606,0.001231,0.001069,0.001166,0.001611,0.002468,0.003704,0.005189,0.007006,0.009893,0.015104,0.022690,0.026928,0.019433,0.007147,0.001234,0.000099,0.439000,3,3,3,3,3,3,3,3,3,3,3,3,3,3,3,3,3,3,3,3,3,3,3,-34.725067,138.656483,30.000000,lev15,Almucantar
Adelaide_Site_7,12:04:2019,12:00:00,102,102.000000,0.000094,0.000399,0.000965,0.001389,0.001408,0.001257,0.001131,0.001046,0.001062,0.001284,0.001825,0.002841,0.004291,0.005956,0.008163,0.011336,0.014492,0.014178,0.008858,0.003159,0.000610,0.000063,0.439000,7,7,7,7,7,7,7,7,7,7,7,7,7,7,7,7,7,7,7,7,7,7,7,-34.725067,138.656483,30.000000,lev15,Almucantar
Adelaide_Site_7,14:04:2019,12:00:00,104,104.000000,0.000194,0.000950,0.002113,0.002399,0.001826,0.001289,0.001065,0.001138,0.001554,0.002342,0.003185,0.003925,0.005001,0.006593,0.008588,0.011280,0.014645,0.016196,0.011976,0.004871,0.000981,0.000098,0.439000,5,5,5,5,5,5,5,5,5,5,5,5,5,5,5,5,5,5,5,5,5,5,5,-34.725067,138.656483,30.000000,lev15,Almucantar
Adelaide_Site_7,16:04:2019,12:00:00,106,106.000000,0.000398,0.001503,0.002694,0.002482,0.001520,0.000878,0.000651,0.000743,0.001312,0.002990,0.006499,0.010778,0.014239,0.017729,0.023634,0.035024,0.051807,0.060775,0.044013,0.016420,0.002882,0.000234,0.439000,3,3,3,3,3,3,3,3,3,3,3,3,3,3,3,3,3,3,3,3,3,3,3,-34.725067,138.656483,30.000000,lev15,Almucantar
Adelaide_Site_7,18:04:2019,12:00:00,108,108.000000,0.000266,0.000905,0.001871,0.002369,0.002116,0.001706,0.001597,0.002035,0.003500,0.006406,0.009015,0.009977,0.011505,0.015279,0.020651,0.026376,0.029258,0.025025,0.014798,0.005616,0.001316,0.000191,0.439000,6,6,6,6,6,6,6,6,6,6,6,6,6,6,6,6,6,6,6,6,6,6,6,-34.725067,138.656483,30.000000,lev15,Almucantar
Adelaide_Site_7,20:04:2019,12:00:00,110,110.000000,0.000104,0.000830,0.002565,0.003286,0.002144,0.001014,0.000522,0.000395,0.000485,0.000858,0.001698,0.002942,0.004073,0.004949,0.006175,0.008279,0.010630,0.010677,0.006986,0.002656,0.000555,0.000063,0.439000,1,1,1,1,1,1,1,1,1,1,1,1,1,1,1,1,1,1,1,1,1,1,1,-34.725067,138.656483,30.000000,lev15,Almucantar
Adelaide_Site_7,22:04:2019,12:00:00,112,112.000000,0.000163,0.000609,0.001408,0.002059,0.002153,0.001958,0.001818,0.001827,0.002124,0.003055,0.004777,0.006588,0.008469,0.011459,0.015566,0.019599,0.021566,0.018798,0.010988,0.003902,0.000821,0.000106,0.439000,6,6,6,6,6,6,6,6,6,6,6,6,6,6,6,6,6,6,6,6,6,6,6,-34.725067,138.656483,30.000000,lev15,Almucantar
Adelaide_Site_7,23:04:2019,12:00:00,113,113.000000,0.000256,0.001555,0.003577,0.003561,0.002205,0.001312,0.001003,0.001057,0.001499,0.002542,0.004076,0.005545,0.006884,0.008678,0.011154,0.013849,0.015218,0.013112,0.007839,0.002955,0.000663,0.000089,0.439000,8,8,8,8,8,8,8,8,8,8,8,8,8,8,8,8,8,8,8,8,8,8,8,-34.725067,138.656483,30.000000,lev15,Almucantar
Adelaide_Site_7,24:04:2019,12:00:00,114,114.000000,0.000239,0.001371,0.003207,0.003600,0.002664,0.001775,0.001298,0.001157,0.001350,0.001973,0.002909,0.003874,0.005315,0.007423,0.009946,0.012655,0.014578,0.013411,0.008568,0.003341,0.000727,0.000087,0.439000,5,5,5,5,5,5,5,5,5,5,5,5,5,5,5,5,5,5,5,5,5,5,5,-34.725067,138.656483,30.000000,lev15,Almucantar
Adelaide_Site_7,25:04:2019,12:00:00,115,115.000000,0.000169,0.000912,0.002371,0.003182,0.002671,0.001865,0.001398,0.001278,0.001538,0.002465,0.004254,0.006000,0.007136,0.008811,0.011156,0.012298,0.011105,0.007823,0.004081,0.001536,0.000413,0.000079,0.439000,3,3,3,3,3,3,3,3,3,3,3,3,3,3,3,3,3,3,3,3,3,3,3,-34.725067,138.656483,30.000000,lev15,Almucantar
Adelaide_Site_7,27:04:2019,12:00:00,117,117.000000,0.000361,0.001230,0.002388,0.002806,0.002411,0.001964,0.001890,0.002365,0.003771,0.006725,0.010815,0.014282,0.017133,0.021146,0.027108,0.033068,0.032739,0.023626,0.011993,0.004300,0.001094,0.000198,0.439000,6,6,6,6,6,6,6,6,6,6,6,6,6,6,6,6,6,6,6,6,6,6,6,-34.725067,138.656483,30.000000,lev15,Almucantar
Adelaide_Site_7,28:04:2019,12:00:00,118,118.000000,0.000194,0.000668,0.001471,0.002133,0.002258,0.002053,0.001893,0.001992,0.002615,0.004394,0.007784,0.011128,0.012968,0.015311,0.019151,0.022527,0.021361,0.014914,0.007431,0.002651,0.000681,0.000126,0.439000,2,2,2,2,2,2,2,2,2,2,2,2,2,2,2,2,2,2,2,2,2,2,2,-34.725067,138.656483,30.000000,lev15,Almucantar
Adelaide_Site_7,29:04:2019,12:00:00,119,119.000000,0.000139,0.000640,0.001504,0.001944,0.001671,0.001234,0.000966,0.000925,0.001180,0.001885,0.003027,0.004256,0.005577,0.007391,0.010002,0.013490,0.017337,0.018290,0.012546,0.004655,0.000868,0.000085,0.439000,7,7,7,7,7,7,7,7,7,7,7,7,7,7,7,7,7,7,7,7,7,7,7,-34.725067,138.656483,30.000000,lev15,Almucantar
Adelaide_Site_7,01:05:2019,12:00:00,121,121.000000,0.000157,0.000858,0.002310,0.003214,0.002693,0.001776,0.001254,0.001182,0.001574,0.002667,0.004637,0.006964,0.009320,0.012128,0.015095,0.017754,0.018097,0.014363,0.008016,0.002954,0.000698,0.000105,0.439000,2,2,2,2,2,2,2,2,2,2,2,2,2,2,2,2,2,2,2,2,2,2,2,-34.725067,138.656483,30.000000,lev15,Almucantar
Adelaide_Site_7,05:05:2019,12:00:00,125,125.000000,0.000145,0.000711,0.002040,0.003329,0.003438,0.002796,0.002302,0.002235,0.002645,0.003686,0.005487,0.007845,0.010502,0.012910,0.014881,0.015539,0.014243,0.011055,0.006666,0.002793,0.000752,0.000130,0.439000,3,3,3,3,3,3,3,3,3,3,3,3,3,3,3,3,3,3,3,3,3,3,3,-34.725067,138.656483,30.000000,lev15,Almucantar
Adelaide_Site_7,06:05:2019,12:00:00,126,126.000000,0.000155,0.000836,0.002310,0.003498,0.003404,0.002693,0.002075,0.001679,0.001662,0.002222,0.003250,0.004223,0.005425,0.007447,0.010093,0.012693,0.014865,0.015012,0.010538,0.004231,0.000884,0.000101,0.439000,6,6,6,6,6,6,6,6,6,6,6,6,6,6,6,6,6,6,6,6,6,6,6,-34.725067,138.656483,30.000000,lev15,Almucantar
Adelaide_Site_7,07:05:2019,12:00:00,127,127.000000,0.000191,0.000740,0.001382,0.001504,0.001332,0.001192,0.001146,0.001204,0.001479,0.002189,0.003418,0.004925,0.006408,0.007544,0.009079,0.011552,0.015082,0.016664,0.011709,0.004427,0.000848,0.000084,0.439000,3,3,3,3,3,3,3,3,3,3,3,3,3,3,3,3,3,3,3,3,3,3,3,-34.725067,138.656483,30.000000,lev15,Almucantar
Adelaide_Site_7,08:05:2019,12:00:00,128,128.000000,0.000222,0.000321,0.000453,0.000625,0.000857,0.001182,0.001665,0.002432,0.003769,0.006224,0.010471,0.016721,0.024345,0.032017,0.037479,0.037326,0.029977,0.018735,0.009005,0.003328,0.000948,0.000208,0.439000,1,1,1,1,1,1,1,1,1,1,1,1,1,1,1,1,1,1,1,1,1,1,1,-34.725067,138.656483,30.000000,lev15,Almucantar
Adelaide_Site_7,10:05:2019,12:00:00,130,130.000000,0.000325,0.001072,0.001949,0.002043,0.001702,0.001563,0.001739,0.002300,0.003422,0.005084,0.006760,0.008891,0.012510,0.016571,0.020485,0.023620,0.023741,0.018813,0.010855,0.004287,0.001113,0.000189,0.439000,2,2,2,2,2,2,2,2,2,2,2,2,2,2,2,2,2,2,2,2,2,2,2,-34.725067,138.656483,30.000000,lev15,Almucantar
Adelaide_Site_7,13:05:2019,12:00:00,133,133.000000,0.000091,0.000834,0.003078,0.004872,0.004356,0.003130,0.002271,0.001789,0.001584,0.001626,0.001875,0.002194,0.002441,0.002755,0.003343,0.004111,0.004599,0.004151,0.002686,0.001138,0.000302,0.000051,0.530333,3,3,3,3,3,3,3,3,3,3,3,3,3,3,3,3,3,3,3,3,3,3,3,-34.725067,138.656483,30.000000,lev15,Almucantar
Adelaide_Site_7,14:05:2019,12:00:00,134,134.000000,0.000161,0.000854,0.002249,0.003183,0.003011,0.002518,0.002183,0.001965,0.001937,0.002324,0.003152,0.004086,0.004946,0.006164,0.007846,0.009362,0.009588,0.007785,0.004595,0.001834,0.000475,0.000079,0.439000,8,8,8,8,8,8,8,8,8,8,8,8,8,8,8,8,8,8,8,8,8,8,8,-34.725067,138.656483,30.000000,lev15,Almucantar
Adelaide_Site_7,15:05:2019,12:00:00,135,135.000000,0.000278,0.001538,0.004059,0.005699,0.005155,0.003736,0.002688,0.002266,0.002530,0.003810,0.006025,0.007889,0.009497,0.012182,0.015247,0.017120,0.017212,0.014663,0.009145,0.003644,0.000871,0.000130,0.439000,8,8,8,8,8,8,8,8,8,8,8,8,8,8,8,8,8,8,8,8,8,8,8,-34.725067,138.656483,30.000000,lev15,Almucantar
Adelaide_Site_7,16:05:2019,12:00:00,136,136.000000,0.000141,0.000844,0.002425,0.003552,0.003238,0.002459,0.001959,0.001814,0.002014,0.002561,0.003293,0.004038,0.005081,0.006607,0.008178,0.009369,0.010043,0.009394,0.006495,0.002785,0.000665,0.000093,0.439000,8,8,8,8,8,8,8,8,8,8,8,8,8,8,8,8,8,8,8,8,8,8,8,-34.725067,138.656483,30.000000,lev15,Almucantar
Adelaide_Site_7,21:05:2019,12:00:00,141,141.000000,0.000024,0.000135,0.000477,0.001088,0.001702,0.001985,0.001841,0.001443,0.001087,0.000894,0.000836,0.000867,0.000977,0.001238,0.001784,0.002761,0.004098,0.004847,0.003644,0.001462,0.000286,0.000027,0.834667,3,3,3,3,3,3,3,3,3,3,3,3,3,3,3,3,3,3,3,3,3,3,3,-34.725067,138.656483,30.000000,lev15,Almucantar
Adelaide_Site_7,22:05:2019,12:00:00,142,142.000000,0.000093,0.000669,0.002094,0.003089,0.002777,0.002112,0.001629,0.001273,0.001061,0.001047,0.001236,0.001621,0.002204,0.002998,0.004130,0.005784,0.007424,0.007381,0.004827,0.001853,0.000392,0.000045,0.524625,8,8,8,8,8,8,8,8,8,8,8,8,8,8,8,8,8,8,8,8,8,8,8,-34.725067,138.656483,30.000000,lev15,Almucantar
Adelaide_Site_7,23:05:2019,12:00:00,143,143.000000,0.000082,0.000493,0.001433,0.002194,0.002172,0.001791,0.001395,0.001049,0.000909,0.001062,0.001428,0.001800,0.002164,0.002592,0.003165,0.003913,0.004557,0.004368,0.002956,0.001258,0.000316,0.000046,0.439000,4,4,4,4,4,4,4,4,4,4,4,4,4,4,4,4,4,4,4,4,4,4,4,-34.725067,138.656483,30.000000,lev15,Almucantar
Adelaide_Site_7,24:05:2019,12:00:00,144,144.000000,0.000273,0.001188,0.002989,0.004495,0.004480,0.003578,0.002887,0.002775,0.003369,0.005154,0.009409,0.017158,0.024980,0.031520,0.034153,0.030831,0.021332,0.011303,0.004862,0.001800,0.000593,0.000176,0.439000,1,1,1,1,1,1,1,1,1,1,1,1,1,1,1,1,1,1,1,1,1,1,1,-34.725067,138.656483,30.000000,lev15,Almucantar
Adelaide_Site_7,27:05:2019,12:00:00,147,147.000000,0.000401,0.000910,0.001466,0.001731,0.001657,0.001523,0.001652,0.002481,0.005167,0.011819,0.020398,0.023472,0.024252,0.029849,0.042566,0.057308,0.058865,0.040546,0.018747,0.006119,0.001456,0.000255,0.439000,1,1,1,1,1,1,1,1,1,1,1,1,1,1,1,1,1,1,1,1,1,1,1,-34.725067,138.656483,30.000000,lev15,Almucantar
Adelaide_Site_7,30:05:2019,12:00:00,150,150.000000,0.000450,0.001404,0.002626,0.003094,0.002640,0.002051,0.001869,0.002381,0.004298,0.009055,0.016052,0.021254,0.025468,0.032789,0.043628,0.053064,0.052046,0.037033,0.018350,0.006360,0.001558,0.000271,0.439000,1,1,1,1,1,1,1,1,1,1,1,1,1,1,1,1,1,1,1,1,1,1,1,-34.725067,138.656483,30.000000,lev15,Almucantar
Adelaide_Site_7,07:06:2019,12:00:00,158,158.000000,0.000068,0.000425,0.001281,0.002015,0.002017,0.001684,0.001442,0.001321,0.001197,0.000987,0.000761,0.000640,0.000705,0.001097,0.002177,0.004313,0.006445,0.006125,0.003585,0.001264,0.000264,0.000033,0.992000,1,1,1,1,1,1,1,1,1,1,1,1,1,1,1,1,1,1,1,1,1,1,1,-34.725067,138.656483,30.000000,lev15,Almucantar
Adelaide_Site_7,10:06:2019,12:00:00,161,161.000000,0.000305,0.000623,0.000977,0.001187,0.001236,0.001286,0.001524,0.002156,0.003636,0.006973,0.012629,0.017738,0.019918,0.022866,0.029502,0.037936,0.043013,0.037678,0.022536,0.008387,0.001844,0.000240,0.439000,4,4,4,4,4,4,4,4,4,4,4,4,4,4,4,4,4,4,4,4,4,4,4,-34.725067,138.656483,30.000000,lev15,Almucantar
Adelaide_Site_7,11:06:2019,12:00:00,162,162.000000,0.000127,0.000678,0.001669,0.002024,0.001518,0.000960,0.000649,0.000538,0.000614,0.001008,0.002021,0.003830,0.006215,0.009056,0.012630,0.016594,0.018388,0.014510,0.007350,0.002319,0.000454,0.000055,0.439000,4,4,4,4,4,4,4,4,4,4,4,4,4,4,4,4,4,4,4,4,4,4,4,-34.725067,138.656483,30.000000,lev15,Almucantar
Adelaide_Site_7,14:06:2019,12:00:00,165,165.000000,0.000181,0.001134,0.003307,0.004708,0.003827,0.002319,0.001445,0.001232,0.001648,0.003118,0.006149,0.009628,0.012487,0.016257,0.021777,0.026213,0.024807,0.016767,0.007911,0.002651,0.000641,0.000112,0.439000,2,2,2,2,2,2,2,2,2,2,2,2,2,2,2,2,2,2,2,2,2,2,2,-34.725067,138.656483,30.000000,lev15,Almucantar
Adelaide_Site_7,16:06:2019,12:00:00,167,167.000000,0.000066,0.000343,0.001067,0.002003,0.002522,0.002465,0.002060,0.001624,0.001511,0.001898,0.002731,0.003501,0.004096,0.004910,0.005645,0.005717,0.004923,0.003456,0.001882,0.000768,0.000233,0.000053,0.439000,5,5,5,5,5,5,5,5,5,5,5,5,5,5,5,5,5,5,5,5,5,5,5,-34.725067,138.656483,30.000000,lev15,Almucantar
Adelaide_Site_7,18:06:2019,12:00:00,169,169.000000,0.002067,0.005307,0.005919,0.003616,0.001931,0.001335,0.001320,0.001696,0.002696,0.005247,0.009098,0.010796,0.011188,0.015703,0.021748,0.022847,0.024602,0.028208,0.025725,0.013213,0.003103,0.000309,0.439000,1,1,1,1,1,1,1,1,1,1,1,1,1,1,1,1,1,1,1,1,1,1,1,-34.725067,138.656483,30.000000,lev15,Almucantar
Adelaide_Site_7,21:06:2019,12:00:00,172,172.000000,0.000054,0.000211,0.000571,0.001106,0.001622,0.001925,0.001852,0.001473,0.001268,0.001501,0.002099,0.002596,0.002942,0.003592,0.004269,0.004538,0.004210,0.003217,0.001869,0.000784,0.000231,0.000047,0.439000,2,2,2,2,2,2,2,2,2,2,2,2,2,2,2,2,2,2,2,2,2,2,2,-34.725067,138.656483,30.000000,lev15,Almucantar
Adelaide_Site_7,22:06:2019,12:00:00,173,173.000000,0.000024,0.000131,0.000482,0.001192,0.002034,0.002513,0.002301,0.001632,0.001079,0.000830,0.000793,0.000852,0.000967,0.001165,0.001411,0.001560,0.001460,0.001098,0.000637,0.000278,0.000090,0.000022,0.725000,4,4,4,4,4,4,4,4,4,4,4,4,4,4,4,4,4,4,4,4,4,4,4,-34.725067,138.656483,30.000000,lev15,Almucantar
Adelaide_Site_7,23:06:2019,12:00:00,174,174.000000,0.000026,0.000140,0.000498,0.001191,0.001990,0.002450,0.002241,0.001542,0.000996,0.000797,0.000829,0.000958,0.001134,0.001433,0.001854,0.002140,0.002010,0.001469,0.000813,0.000335,0.000101,0.000022,0.636000,3,3,3,3,3,3,3,3,3,3,3,3,3,3,3,3,3,3,3,3,3,3,3,-34.725067,138.656483,30.000000,lev15,Almucantar
Adelaide_Site_7,26:06:2019,12:00:00,177,177.000000,0.000046,0.000214,0.000656,0.001346,0.001975,0.002273,0.002195,0.001812,0.001404,0.001211,0.001258,0.001496,0.001921,0.002657,0.003896,0.005476,0.006495,0.005751,0.003429,0.001285,0.000292,0.000040,0.576000,4,4,4,4,4,4,4,4,4,4,4,4,4,4,4,4,4,4,4,4,4,4,4,-34.725067,138.656483,30.000000,lev15,Almucantar
Adelaide_Site_7,27:06:2019,12:00:00,178,178.000000,0.000032,0.000162,0.000526,0.001123,0.001682,0.001943,0.001865,0.001557,0.001280,0.001233,0.001452,0.001838,0.002284,0.002926,0.003944,0.005213,0.006196,0.005867,0.003760,0.001410,0.000287,0.000032,0.548600,5,5,5,5,5,5,5,5,5,5,5,5,5,5,5,5,5,5,5,5,5,5,5,-34.725067,138.656483,30.000000,lev15,Almucantar
Adelaide_Site_7,28:06:2019,12:00:00,179,179.000000,0.000032,0.000151,0.000471,0.000987,0.001468,0.001688,0.001632,0.001416,0.001242,0.001266,0.001520,0.001929,0.002404,0.003030,0.003953,0.004983,0.005446,0.004563,0.002626,0.000965,0.000218,0.000030,0.439000,1,1,1,1,1,1,1,1,1,1,1,1,1,1,1,1,1,1,1,1,1,1,1,-34.725067,138.656483,30.000000,lev15,Almucantar
Adelaide_Site_7,03:07:2019,12:00:00,184,184.000000,0.000111,0.000832,0.002820,0.004568,0.004161,0.002799,0.001855,0.001500,0.001648,0.002318,0.003350,0.004161,0.004549,0.004798,0.005171,0.005495,0.005142,0.003835,0.002172,0.000916,0.000285,0.000066,0.439000,1,1,1,1,1,1,1,1,1,1,1,1,1,1,1,1,1,1,1,1,1,1,1,-34.725067,138.656483,30.000000,lev15,Almucantar
Adelaide_Site_7,04:07:2019,12:00:00,185,185.000000,0.000056,0.000385,0.001390,0.002735,0.003291,0.002899,0.002229,0.001695,0.001441,0.001502,0.001834,0.002154,0.002149,0.002084,0.002328,0.002872,0.003351,0.003150,0.002104,0.000919,0.000252,0.000043,0.439000,1,1,1,1,1,1,1,1,1,1,1,1,1,1,1,1,1,1,1,1,1,1,1,-34.725067,138.656483,30.000000,lev15,Almucantar
Adelaide_Site_7,05:07:2019,12:00:00,186,186.000000,0.000149,0.001073,0.003102,0.003943,0.002911,0.001819,0.001246,0.001052,0.001192,0.001718,0.002497,0.003413,0.004568,0.005411,0.005685,0.005318,0.004442,0.003168,0.001802,0.000777,0.000248,0.000058,0.439000,4,4,4,4,4,4,4,4,4,4,4,4,4,4,4,4,4,4,4,4,4,4,4,-34.725067,138.656483,30.000000,lev15,Almucantar
Adelaide_Site_7,06:07:2019,12:00:00,187,187.000000,0.000168,0.000897,0.002327,0.003173,0.002794,0.002130,0.001767,0.001725,0.002037,0.002923,0.004392,0.005884,0.006829,0.007584,0.008367,0.008887,0.008663,0.007027,0.004241,0.001763,0.000485,0.000087,0.439000,1,1,1,1,1,1,1,1,1,1,1,1,1,1,1,1,1,1,1,1,1,1,1,-34.725067,138.656483,30.000000,lev15,Almucantar
Adelaide_Site_7,07:07:2019,12:00:00,188,188.000000,0.000067,0.000253,0.000650,0.001164,0.001552,0.001705,0.001702,0.001642,0.001677,0.002074,0.003130,0.004708,0.006017,0.007333,0.009349,0.011303,0.010527,0.006880,0.003169,0.001063,0.000264,0.000049,0.439000,1,1,1,1,1,1,1,1,1,1,1,1,1,1,1,1,1,1,1,1,1,1,1,-34.725067,138.656483,30.000000,lev15,Almucantar
Adelaide_Site_7,09:07:2019,12:00:00,190,190.000000,0.000107,0.000518,0.001443,0.002387,0.002582,0.002130,0.001591,0.001270,0.001301,0.001885,0.003329,0.005412,0.007437,0.009764,0.012935,0.015526,0.014353,0.009309,0.004236,0.001420,0.000363,0.000071,0.439000,1,1,1,1,1,1,1,1,1,1,1,1,1,1,1,1,1,1,1,1,1,1,1,-34.725067,138.656483,30.000000,lev15,Almucantar
Adelaide_Site_7,28:07:2019,12:00:00,209,209.000000,0.000132,0.000749,0.002284,0.003869,0.004032,0.003130,0.002327,0.002047,0.002320,0.003200,0.004715,0.006538,0.007997,0.008578,0.008219,0.007100,0.005471,0.003661,0.002061,0.000948,0.000350,0.000103,0.439000,1,1,1,1,1,1,1,1,1,1,1,1,1,1,1,1,1,1,1,1,1,1,1,-34.725067,138.656483,30.000000,lev15,Almucantar
Adelaide_Site_7,05:08:2019,12:00:00,217,217.000000,0.000105,0.000712,0.002379,0.004121,0.004419,0.003660,0.002653,0.001821,0.001476,0.001655,0.002284,0.003092,0.003958,0.005144,0.006590,0.008116,0.009281,0.008901,0.006123,0.002591,0.000609,0.000080,0.456125,8,8,8,8,8,8,8,8,8,8,8,8,8,8,8,8,8,8,8,8,8,8,8,-34.725067,138.656483,30.000000,lev15,Almucantar
Adelaide_Site_7,06:08:2019,12:00:00,218,218.000000,0.000154,0.001652,0.006743,0.011064,0.008627,0.004383,0.002145,0.001370,0.001281,0.001656,0.002525,0.003855,0.005385,0.006757,0.007627,0.007652,0.006612,0.004718,0.002676,0.001172,0.000390,0.000098,0.439000,1,1,1,1,1,1,1,1,1,1,1,1,1,1,1,1,1,1,1,1,1,1,1,-34.725067,138.656483,30.000000,lev15,Almucantar
Adelaide_Site_7,09:08:2019,12:00:00,221,221.000000,0.000589,0.001349,0.001945,0.001918,0.001593,0.001477,0.001896,0.003426,0.006914,0.011105,0.012994,0.014138,0.017594,0.023747,0.029718,0.032768,0.032251,0.026907,0.016884,0.007105,0.001871,0.000301,0.439000,1,1,1,1,1,1,1,1,1,1,1,1,1,1,1,1,1,1,1,1,1,1,1,-34.725067,138.656483,30.000000,lev15,Almucantar
Adelaide_Site_7,13:08:2019,12:00:00,225,225.000000,0.000082,0.000529,0.001872,0.003800,0.004826,0.004198,0.002643,0.001389,0.000837,0.000718,0.000804,0.000954,0.001129,0.001391,0.001798,0.002267,0.002512,0.002246,0.001517,0.000735,0.000250,0.000061,0.636000,3,3,3,3,3,3,3,3,3,3,3,3,3,3,3,3,3,3,3,3,3,3,3,-34.725067,138.656483,30.000000,lev15,Almucantar
Adelaide_Site_7,14:08:2019,12:00:00,226,226.000000,0.000133,0.000643,0.001672,0.002560,0.002849,0.002825,0.002684,0.002393,0.002273,0.002589,0.003122,0.003516,0.003744,0.003928,0.004058,0.004075,0.003867,0.003207,0.002069,0.000948,0.000301,0.000070,0.456125,8,8,8,8,8,8,8,8,8,8,8,8,8,8,8,8,8,8,8,8,8,8,8,-34.725067,138.656483,30.000000,lev15,Almucantar
Adelaide_Site_7,17:08:2019,12:00:00,229,229.000000,0.000155,0.001270,0.004147,0.005914,0.004715,0.003014,0.002079,0.001727,0.001692,0.001876,0.002267,0.002813,0.003377,0.004003,0.004744,0.005327,0.005257,0.004225,0.002566,0.001115,0.000336,0.000069,0.439000,1,1,1,1,1,1,1,1,1,1,1,1,1,1,1,1,1,1,1,1,1,1,1,-34.725067,138.656483,30.000000,lev15,Almucantar
Adelaide_Site_7,23:08:2019,12:00:00,235,235.000000,0.000131,0.000757,0.002138,0.003146,0.002989,0.002415,0.002021,0.001892,0.002073,0.002677,0.003624,0.004318,0.004371,0.004429,0.005010,0.006036,0.006949,0.006608,0.004482,0.001944,0.000510,0.000081,0.439000,3,3,3,3,3,3,3,3,3,3,3,3,3,3,3,3,3,3,3,3,3,3,3,-34.725067,138.656483,30.000000,lev15,Almucantar
Adelaide_Site_7,24:08:2019,12:00:00,236,236.000000,0.000093,0.000705,0.002491,0.004266,0.003975,0.002520,0.001476,0.001058,0.001069,0.001478,0.002418,0.003914,0.005538,0.006580,0.006644,0.005809,0.004410,0.002865,0.001555,0.000689,0.000245,0.000069,0.439000,1,1,1,1,1,1,1,1,1,1,1,1,1,1,1,1,1,1,1,1,1,1,1,-34.725067,138.656483,30.000000,lev15,Almucantar
Adelaide_Site_7,26:08:2019,12:00:00,238,238.000000,0.000247,0.001483,0.003981,0.005279,0.004473,0.003213,0.002235,0.001653,0.001545,0.001891,0.002482,0.003151,0.003929,0.004682,0.005353,0.005754,0.005461,0.004301,0.002668,0.001247,0.000425,0.000104,0.439000,1,1,1,1,1,1,1,1,1,1,1,1,1,1,1,1,1,1,1,1,1,1,1,-34.725067,138.656483,30.000000,lev15,Almucantar
Adelaide_Site_7,29:08:2019,12:00:00,241,241.000000,0.000168,0.000603,0.001488,0.002594,0.003444,0.003862,0.003946,0.003825,0.003902,0.004769,0.006713,0.009038,0.010323,0.011200,0.013077,0.015247,0.015213,0.011637,0.006459,0.002528,0.000688,0.000130,0.439000,2,2,2,2,2,2,2,2,2,2,2,2,2,2,2,2,2,2,2,2,2,2,2,-34.725067,138.656483,30.000000,lev15,Almucantar
Adelaide_Site_7,30:08:2019,12:00:00,242,242.000000,0.000165,0.000861,0.002419,0.003881,0.004249,0.003928,0.003335,0.002625,0.002305,0.002576,0.003109,0.003379,0.003648,0.004084,0.004253,0.004004,0.003401,0.002545,0.001571,0.000750,0.000273,0.000081,0.466400,5,5,5,5,5,5,5,5,5,5,5,5,5,5,5,5,5,5,5,5,5,5,5,-34.725067,138.656483,30.000000,lev15,Almucantar
Adelaide_Site_7,31:08:2019,12:00:00,243,243.000000,0.000147,0.001206,0.004517,0.007836,0.007312,0.004969,0.003226,0.002182,0.001721,0.001765,0.002191,0.002968,0.004224,0.005983,0.007886,0.009842,0.011493,0.011180,0.007684,0.003256,0.000786,0.000106,0.484667,3,3,3,3,3,3,3,3,3,3,3,3,3,3,3,3,3,3,3,3,3,3,3,-34.725067,138.656483,30.000000,lev15,Almucantar
Adelaide_Site_7,02:09:2019,12:00:00,245,245.000000,0.000118,0.000593,0.001657,0.002731,0.003100,0.002897,0.002351,0.001744,0.001554,0.001880,0.002415,0.002669,0.002844,0.003252,0.003753,0.004287,0.004634,0.004299,0.003002,0.001417,0.000425,0.000079,0.439000,2,2,2,2,2,2,2,2,2,2,2,2,2,2,2,2,2,2,2,2,2,2,2,-34.725067,138.656483,30.000000,lev15,Almucantar
Adelaide_Site_7,05:09:2019,12:00:00,248,248.000000,0.000475,0.002378,0.005693,0.007005,0.005376,0.003431,0.002487,0.002611,0.004222,0.008368,0.013196,0.015585,0.019763,0.028138,0.033630,0.037739,0.035646,0.027829,0.016832,0.007102,0.001918,0.000321,0.439000,1,1,1,1,1,1,1,1,1,1,1,1,1,1,1,1,1,1,1,1,1,1,1,-34.725067,138.656483,30.000000,lev15,Almucantar
Adelaide_Site_7,09:09:2019,12:00:00,252,252.000000,0.000582,0.002297,0.004847,0.005965,0.005345,0.004379,0.003750,0.003772,0.005226,0.009418,0.015722,0.020271,0.024000,0.031316,0.040666,0.046592,0.046416,0.039327,0.024811,0.010193,0.002491,0.000352,0.439000,3,3,3,3,3,3,3,3,3,3,3,3,3,3,3,3,3,3,3,3,3,3,3,-34.725067,138.656483,30.000000,lev15,Almucantar
Adelaide_Site_7,10:09:2019,12:00:00,253,253.000000,0.000455,0.002166,0.005046,0.005964,0.004407,0.002893,0.002308,0.002551,0.003848,0.006792,0.010234,0.012098,0.013793,0.017681,0.022727,0.025808,0.026339,0.022979,0.015427,0.006798,0.001712,0.000240,0.439000,4,4,4,4,4,4,4,4,4,4,4,4,4,4,4,4,4,4,4,4,4,4,4,-34.725067,138.656483,30.000000,lev15,Almucantar
Adelaide_Site_7,11:09:2019,12:00:00,254,254.000000,0.000132,0.000670,0.001828,0.002837,0.002972,0.002691,0.002499,0.002420,0.002447,0.002663,0.002996,0.003337,0.003709,0.004172,0.004591,0.004701,0.004278,0.003274,0.001986,0.000913,0.000311,0.000078,0.439000,3,3,3,3,3,3,3,3,3,3,3,3,3,3,3,3,3,3,3,3,3,3,3,-34.725067,138.656483,30.000000,lev15,Almucantar
Adelaide_Site_7,12:09:2019,12:00:00,255,255.000000,0.000415,0.002302,0.006227,0.008576,0.007273,0.005181,0.003964,0.003490,0.004006,0.006452,0.011091,0.014873,0.017286,0.020601,0.023965,0.024640,0.022103,0.016803,0.009954,0.004182,0.001176,0.000218,0.439000,6,6,6,6,6,6,6,6,6,6,6,6,6,6,6,6,6,6,6,6,6,6,6,-34.725067,138.656483,30.000000,lev15,Almucantar
Adelaide_Site_7,13:09:2019,12:00:00,256,256.000000,0.000105,0.000749,0.002655,0.004888,0.005374,0.004276,0.002878,0.001898,0.001578,0.001881,0.002590,0.003137,0.003382,0.003909,0.005128,0.007179,0.009327,0.009392,0.006324,0.002573,0.000596,0.000077,0.439000,2,2,2,2,2,2,2,2,2,2,2,2,2,2,2,2,2,2,2,2,2,2,2,-34.725067,138.656483,30.000000,lev15,Almucantar
Adelaide_Site_7,14:09:2019,12:00:00,257,257.000000,0.000142,0.001164,0.004476,0.008452,0.008826,0.006057,0.003310,0.001833,0.001386,0.001616,0.002415,0.003280,0.003834,0.004703,0.006080,0.008480,0.012092,0.015183,0.013011,0.006009,0.001327,0.000135,0.439000,1,1,1,1,1,1,1,1,1,1,1,1,1,1,1,1,1,1,1,1,1,1,1,-34.725067,138.656483,30.000000,lev15,Almucantar
Adelaide_Site_7,16:09:2019,12:00:00,259,259.000000,0.000169,0.000428,0.000920,0.001680,0.002610,0.003439,0.003868,0.003999,0.004620,0.006784,0.010441,0.013003,0.014306,0.016862,0.022415,0.027602,0.026426,0.018182,0.008923,0.003176,0.000830,0.000160,0.439000,1,1,1,1,1,1,1,1,1,1,1,1,1,1,1,1,1,1,1,1,1,1,1,-34.725067,138.656483,30.000000,lev15,Almucantar
Adelaide_Site_7,17:09:2019,12:00:00,260,260.000000,0.000142,0.000766,0.002178,0.003467,0.003638,0.003206,0.002894,0.002847,0.003051,0.003577,0.004242,0.004730,0.005222,0.006198,0.007461,0.007927,0.006744,0.004456,0.002297,0.000933,0.000299,0.000076,0.439000,1,1,1,1,1,1,1,1,1,1,1,1,1,1,1,1,1,1,1,1,1,1,1,-34.725067,138.656483,30.000000,lev15,Almucantar
Adelaide_Site_7,18:09:2019,12:00:00,261,261.000000,0.000107,0.000701,0.002360,0.004306,0.004916,0.004310,0.003356,0.002442,0.001868,0.001760,0.001996,0.002305,0.002492,0.002748,0.003270,0.004053,0.004813,0.004755,0.003371,0.001549,0.000438,0.000075,0.576000,1,1,1,1,1,1,1,1,1,1,1,1,1,1,1,1,1,1,1,1,1,1,1,-34.725067,138.656483,30.000000,lev15,Almucantar
Adelaide_Site_7,26:09:2019,12:00:00,269,269.000000,0.000121,0.000862,0.003538,0.008375,0.012468,0.011512,0.006545,0.003099,0.001851,0.001636,0.001886,0.002253,0.002642,0.003102,0.003591,0.004289,0.005202,0.005693,0.004738,0.002623,0.000888,0.000177,0.636000,3,3,3,3,3,3,3,3,3,3,3,3,3,3,3,3,3,3,3,3,3,3,3,-34.725067,138.656483,30.000000,lev15,Almucantar
Adelaide_Site_7,27:09:2019,12:00:00,270,270.000000,0.000272,0.001594,0.004488,0.006542,0.006424,0.005246,0.003586,0.002482,0.002350,0.003161,0.004639,0.006515,0.009031,0.011451,0.013353,0.014985,0.016054,0.014721,0.009938,0.004339,0.001129,0.000171,0.439000,4,4,4,4,4,4,4,4,4,4,4,4,4,4,4,4,4,4,4,4,4,4,4,-34.725067,138.656483,30.000000,lev15,Almucantar
Adelaide_Site_7,28:09:2019,12:00:00,271,271.000000,0.000286,0.002053,0.006404,0.009416,0.008282,0.005901,0.004282,0.003559,0.003731,0.004796,0.006401,0.008229,0.010090,0.011619,0.012359,0.011538,0.009024,0.005878,0.003174,0.001402,0.000502,0.000145,0.439000,4,4,4,4,4,4,4,4,4,4,4,4,4,4,4,4,4,4,4,4,4,4,4,-34.725067,138.656483,30.000000,lev15,Almucantar
Adelaide_Site_7,29:09:2019,12:00:00,272,272.000000,0.000288,0.001731,0.006044,0.012372,0.015346,0.012199,0.007180,0.004418,0.004113,0.005755,0.007998,0.008833,0.009878,0.012850,0.015522,0.015990,0.013941,0.010243,0.006060,0.002742,0.000922,0.000230,0.439000,2,2,2,2,2,2,2,2,2,2,2,2,2,2,2,2,2,2,2,2,2,2,2,-34.725067,138.656483,30.000000,lev15,Almucantar
Adelaide_Site_7,30:09:2019,12:00:00,273,273.000000,0.000219,0.001593,0.005461,0.009214,0.009167,0.006900,0.004653,0.003097,0.002560,0.002964,0.004019,0.004990,0.005754,0.007311,0.009404,0.010868,0.011355,0.010139,0.006821,0.003042,0.000832,0.000136,0.484667,3,3,3,3,3,3,3,3,3,3,3,3,3,3,3,3,3,3,3,3,3,3,3,-34.725067,138.656483,30.000000,lev15,Almucantar
Adelaide_Site_7,01:10:2019,12:00:00,274,274.000000,0.000102,0.000740,0.003386,0.009316,0.014643,0.012131,0.005968,0.002726,0.001790,0.001899,0.002629,0.003721,0.005041,0.006428,0.007744,0.009430,0.011288,0.011725,0.008866,0.004223,0.001168,0.000187,0.507500,6,6,6,6,6,6,6,6,6,6,6,6,6,6,6,6,6,6,6,6,6,6,6,-34.725067,138.656483,30.000000,lev15,Almucantar
Adelaide_Site_7,02:10:2019,12:00:00,275,275.000000,0.000372,0.001821,0.004700,0.006903,0.006879,0.005541,0.003937,0.002830,0.002798,0.004276,0.007345,0.011015,0.014375,0.017482,0.022101,0.028118,0.030892,0.025329,0.014208,0.005199,0.001209,0.000181,0.439000,3,3,3,3,3,3,3,3,3,3,3,3,3,3,3,3,3,3,3,3,3,3,3,-34.725067,138.656483,30.000000,lev15,Almucantar
Adelaide_Site_7,03:10:2019,12:00:00,276,276.000000,0.000417,0.003272,0.011152,0.017788,0.016349,0.011145,0.007045,0.005035,0.004563,0.005639,0.007753,0.009086,0.011345,0.015212,0.017517,0.017373,0.016084,0.013812,0.009679,0.004689,0.001414,0.000269,0.484667,3,3,3,3,3,3,3,3,3,3,3,3,3,3,3,3,3,3,3,3,3,3,3,-34.725067,138.656483,30.000000,lev15,Almucantar
Adelaide_Site_7,09:10:2019,12:00:00,282,282.000000,0.000090,0.000485,0.001727,0.003972,0.005633,0.004926,0.003207,0.002254,0.002379,0.003724,0.006102,0.007490,0.008047,0.010683,0.015892,0.020184,0.020405,0.016061,0.009038,0.003390,0.000816,0.000124,0.439000,1,1,1,1,1,1,1,1,1,1,1,1,1,1,1,1,1,1,1,1,1,1,1,-34.725067,138.656483,30.000000,lev15,Almucantar
Adelaide_Site_7,10:10:2019,12:00:00,283,283.000000,0.000096,0.000708,0.002603,0.004993,0.005479,0.004129,0.002809,0.002061,0.001809,0.002026,0.002555,0.003070,0.003731,0.004790,0.005997,0.007162,0.008336,0.008731,0.006692,0.003088,0.000762,0.000100,0.507500,2,2,2,2,2,2,2,2,2,2,2,2,2,2,2,2,2,2,2,2,2,2,2,-34.725067,138.656483,30.000000,lev15,Almucantar
Adelaide_Site_7,11:10:2019,12:00:00,284,284.000000,0.000140,0.001309,0.004908,0.007946,0.006939,0.004573,0.003022,0.002243,0.001903,0.001874,0.002110,0.002545,0.003134,0.003960,0.005170,0.006636,0.007614,0.006900,0.004392,0.001809,0.000462,0.000072,0.576000,2,2,2,2,2,2,2,2,2,2,2,2,2,2,2,2,2,2,2,2,2,2,2,-34.725067,138.656483,30.000000,lev15,Almucantar
Adelaide_Site_7,12:10:2019,12:00:00,285,285.000000,0.000101,0.000902,0.003536,0.006495,0.006627,0.004874,0.003245,0.002204,0.001647,0.001419,0.001360,0.001384,0.001512,0.001807,0.002327,0.003090,0.003878,0.004039,0.003016,0.001437,0.000409,0.000068,0.756000,1,1,1,1,1,1,1,1,1,1,1,1,1,1,1,1,1,1,1,1,1,1,1,-34.725067,138.656483,30.000000,lev15,Almucantar
Adelaide_Site_7,14:10:2019,12:00:00,287,287.000000,0.000150,0.001233,0.004644,0.008369,0.008645,0.006306,0.003902,0.002591,0.002389,0.003221,0.004857,0.006374,0.007757,0.009406,0.010667,0.011104,0.010455,0.008279,0.004965,0.002097,0.000599,0.000116,0.439000,5,5,5,5,5,5,5,5,5,5,5,5,5,5,5,5,5,5,5,5,5,5,5,-34.725067,138.656483,30.000000,lev15,Almucantar
Adelaide_Site_7,15:10:2019,12:00:00,288,288.000000,0.000207,0.001351,0.004275,0.007020,0.007037,0.005084,0.002962,0.001848,0.001816,0.002849,0.004424,0.005125,0.005629,0.006498,0.007288,0.007411,0.006326,0.004406,0.002482,0.001114,0.000392,0.000107,0.439000,2,2,2,2,2,2,2,2,2,2,2,2,2,2,2,2,2,2,2,2,2,2,2,-34.725067,138.656483,30.000000,lev15,Almucantar
Adelaide_Site_7,17:10:2019,12:00:00,290,290.000000,0.000173,0.000530,0.001243,0.002211,0.003044,0.003360,0.003164,0.002872,0.003177,0.005021,0.008886,0.012695,0.015487,0.019428,0.026042,0.032892,0.035005,0.029451,0.017795,0.006853,0.001545,0.000202,0.439000,2,2,2,2,2,2,2,2,2,2,2,2,2,2,2,2,2,2,2,2,2,2,2,-34.725067,138.656483,30.000000,lev15,Almucantar
Adelaide_Site_7,18:10:2019,12:00:00,291,291.000000,0.000306,0.001090,0.002739,0.004128,0.004319,0.004169,0.004452,0.005123,0.006032,0.007597,0.010860,0.016399,0.023574,0.033152,0.043845,0.048937,0.044884,0.033520,0.018598,0.006784,0.001561,0.000251,0.439000,2,2,2,2,2,2,2,2,2,2,2,2,2,2,2,2,2,2,2,2,2,2,2,-34.725067,138.656483,30.000000,lev15,Almucantar
Adelaide_Site_7,20:10:2019,12:00:00,293,293.000000,0.000205,0.000915,0.002372,0.003717,0.004032,0.003692,0.003442,0.003641,0.004625,0.006758,0.009336,0.010851,0.011678,0.013000,0.014697,0.015264,0.013324,0.009440,0.005225,0.002168,0.000657,0.000145,0.439000,4,4,4,4,4,4,4,4,4,4,4,4,4,4,4,4,4,4,4,4,4,4,4,-34.725067,138.656483,30.000000,lev15,Almucantar
Adelaide_Site_7,21:10:2019,12:00:00,294,294.000000,0.000250,0.001208,0.002868,0.003656,0.003197,0.002664,0.002568,0.002801,0.003292,0.004075,0.004812,0.005207,0.005599,0.006332,0.007089,0.007628,0.007647,0.006581,0.004309,0.001950,0.000579,0.000111,0.439000,3,3,3,3,3,3,3,3,3,3,3,3,3,3,3,3,3,3,3,3,3,3,3,-34.725067,138.656483,30.000000,lev15,Almucantar
Adelaide_Site_7,22:10:2019,12:00:00,295,295.000000,0.000222,0.001125,0.002808,0.003761,0.003393,0.002815,0.002632,0.002725,0.002932,0.003326,0.003877,0.004514,0.005439,0.006938,0.008959,0.011505,0.014285,0.015247,0.011415,0.004965,0.001124,0.000129,0.439000,2,2,2,2,2,2,2,2,2,2,2,2,2,2,2,2,2,2,2,2,2,2,2,-34.725067,138.656483,30.000000,lev15,Almucantar
Adelaide_Site_7,23:10:2019,12:00:00,296,296.000000,0.000176,0.000932,0.002469,0.003492,0.003158,0.002416,0.001970,0.001811,0.001907,0.002328,0.002988,0.003926,0.005305,0.007261,0.010209,0.014976,0.020823,0.022452,0.015399,0.005873,0.001157,0.000115,0.439000,3,3,3,3,3,3,3,3,3,3,3,3,3,3,3,3,3,3,3,3,3,3,3,-34.725067,138.656483,30.000000,lev15,Almucantar
Adelaide_Site_7,26:10:2019,12:00:00,299,299.000000,0.000427,0.000981,0.001668,0.002158,0.002300,0.002317,0.002585,0.003561,0.005971,0.010573,0.016659,0.022233,0.027503,0.034237,0.041720,0.044493,0.037297,0.023482,0.011219,0.004181,0.001240,0.000295,0.439000,1,1,1,1,1,1,1,1,1,1,1,1,1,1,1,1,1,1,1,1,1,1,1,-34.725067,138.656483,30.000000,lev15,Almucantar
Adelaide_Site_7,28:10:2019,12:00:00,301,301.000000,0.000138,0.001102,0.003662,0.005484,0.004605,0.002998,0.002030,0.001673,0.001725,0.002092,0.002697,0.003304,0.003843,0.004674,0.006198,0.008373,0.010508,0.010823,0.007627,0.003090,0.000665,0.000080,0.439000,2,2,2,2,2,2,2,2,2,2,2,2,2,2,2,2,2,2,2,2,2,2,2,-34.725067,138.656483,30.000000,lev15,Almucantar
Adelaide_Site_7,29:10:2019,12:00:00,302,302.000000,0.000133,0.000654,0.001843,0.003094,0.003427,0.002977,0.002424,0.002092,0.002146,0.002664,0.003374,0.004080,0.004818,0.005834,0.007652,0.011088,0.016362,0.020179,0.016360,0.007157,0.001498,0.000144,0.439000,1,1,1,1,1,1,1,1,1,1,1,1,1,1,1,1,1,1,1,1,1,1,1,-34.725067,138.656483,30.000000,lev15,Almucantar
Adelaide_Site_7,31:10:2019,12:00:00,304,304.000000,0.000443,0.002975,0.011245,0.024175,0.028269,0.016760,0.006892,0.004240,0.004683,0.006288,0.008476,0.010926,0.013958,0.018535,0.025478,0.036774,0.053155,0.064075,0.050584,0.021374,0.004329,0.000410,0.439000,4,4,4,4,4,4,4,4,4,4,4,4,4,4,4,4,4,4,4,4,4,4,4,-34.725067,138.656483,30.000000,lev15,Almucantar
Adelaide_Site_7,02:11:2019,12:00:00,306,306.000000,0.000117,0.000504,0.001455,0.002846,0.003850,0.003787,0.002996,0.002229,0.001842,0.001912,0.002592,0.004285,0.007476,0.011983,0.016510,0.019111,0.018074,0.013247,0.007091,0.002654,0.000679,0.000118,0.439000,1,1,1,1,1,1,1,1,1,1,1,1,1,1,1,1,1,1,1,1,1,1,1,-34.725067,138.656483,30.000000,lev15,Almucantar
Adelaide_Site_7,06:11:2019,12:00:00,310,310.000000,0.000530,0.001652,0.002938,0.003132,0.002509,0.002037,0.002084,0.002952,0.005581,0.011033,0.016672,0.020739,0.027458,0.033882,0.037648,0.041336,0.040881,0.032420,0.018539,0.007187,0.001840,0.000312,0.439000,2,2,2,2,2,2,2,2,2,2,2,2,2,2,2,2,2,2,2,2,2,2,2,-34.725067,138.656483,30.000000,lev15,Almucantar
Adelaide_Site_7,09:11:2019,12:00:00,313,313.000000,0.000294,0.001413,0.003468,0.004588,0.003901,0.002800,0.002202,0.002198,0.002862,0.004460,0.007276,0.011119,0.015325,0.020201,0.023653,0.026549,0.026536,0.021976,0.013418,0.005425,0.001359,0.000206,0.439000,2,2,2,2,2,2,2,2,2,2,2,2,2,2,2,2,2,2,2,2,2,2,2,-34.725067,138.656483,30.000000,lev15,Almucantar
Adelaide_Site_7,10:11:2019,12:00:00,314,314.000000,0.000269,0.001634,0.004193,0.005198,0.004069,0.002727,0.002013,0.001868,0.002251,0.003250,0.004723,0.006216,0.008065,0.010699,0.013449,0.015475,0.015369,0.012467,0.007552,0.003103,0.000811,0.000132,0.439000,3,3,3,3,3,3,3,3,3,3,3,3,3,3,3,3,3,3,3,3,3,3,3,-34.725067,138.656483,30.000000,lev15,Almucantar
Adelaide_Site_7,13:11:2019,12:00:00,317,317.000000,0.000196,0.001157,0.003292,0.004731,0.004165,0.002975,0.002221,0.002034,0.002523,0.004127,0.006794,0.008669,0.010082,0.013194,0.018144,0.021722,0.020060,0.014095,0.007407,0.002787,0.000718,0.000125,0.439000,3,3,3,3,3,3,3,3,3,3,3,3,3,3,3,3,3,3,3,3,3,3,3,-34.725067,138.656483,30.000000,lev15,Almucantar
Adelaide_Site_7,12:05:2020,12:00:00,133,133.000000,0.000131,0.000434,0.001006,0.001674,0.002262,0.002788,0.003093,0.002883,0.002594,0.002791,0.003554,0.004634,0.005735,0.006587,0.007590,0.009077,0.010534,0.009850,0.006184,0.002458,0.000612,0.000096,0.439000,2,2,2,2,2,2,2,2,2,2,2,2,2,2,2,2,2,2,2,2,2,2,2,-34.725067,138.656483,30.000000,lev15,Almucantar
Adelaide_Site_7,15:05:2020,12:00:00,136,136.000000,0.000145,0.000479,0.001109,0.001837,0.002528,0.003337,0.003908,0.003253,0.002508,0.002723,0.003478,0.004179,0.005056,0.006243,0.007835,0.009958,0.012505,0.013104,0.009226,0.003828,0.000875,0.000111,0.507500,6,6,6,6,6,6,6,6,6,6,6,6,6,6,6,6,6,6,6,6,6,6,6,-34.725067,138.656483,30.000000,lev15,Almucantar
Adelaide_Site_7,17:05:2020,12:00:00,138,138.000000,0.000166,0.000804,0.002106,0.003306,0.003705,0.003522,0.003013,0.002262,0.001880,0.002170,0.002873,0.003618,0.004489,0.005705,0.007129,0.008694,0.010097,0.009990,0.006934,0.002911,0.000691,0.000096,0.439000,7,7,7,7,7,7,7,7,7,7,7,7,7,7,7,7,7,7,7,7,7,7,7,-34.725067,138.656483,30.000000,lev15,Almucantar
Adelaide_Site_7,23:05:2020,12:00:00,144,144.000000,0.000112,0.000602,0.001835,0.003307,0.003934,0.003613,0.002891,0.002140,0.001561,0.001225,0.001101,0.001150,0.001362,0.001764,0.002384,0.003150,0.003738,0.003604,0.002559,0.001242,0.000400,0.000087,0.874000,2,2,2,2,2,2,2,2,2,2,2,2,2,2,2,2,2,2,2,2,2,2,2,-34.725067,138.656483,30.000000,lev15,Almucantar
Adelaide_Site_7,27:05:2020,12:00:00,148,148.000000,0.000218,0.000725,0.001540,0.002215,0.002470,0.002490,0.002451,0.002377,0.002533,0.003463,0.005600,0.008222,0.010749,0.014175,0.019003,0.024760,0.026384,0.020180,0.010220,0.003424,0.000769,0.000117,0.439000,3,3,3,3,3,3,3,3,3,3,3,3,3,3,3,3,3,3,3,3,3,3,3,-34.725067,138.656483,30.000000,lev15,Almucantar
Adelaide_Site_7,29:05:2020,12:00:00,150,150.000000,0.000106,0.000327,0.000727,0.001238,0.001809,0.002441,0.002820,0.002459,0.002000,0.002009,0.002261,0.002396,0.002473,0.002708,0.003241,0.004101,0.004946,0.004840,0.003295,0.001442,0.000394,0.000069,0.576833,6,6,6,6,6,6,6,6,6,6,6,6,6,6,6,6,6,6,6,6,6,6,6,-34.725067,138.656483,30.000000,lev15,Almucantar
Adelaide_Site_7,30:05:2020,12:00:00,151,151.000000,0.000083,0.000330,0.000875,0.001568,0.002088,0.002343,0.002240,0.001656,0.001162,0.001035,0.001203,0.001633,0.002359,0.003537,0.005660,0.009526,0.014854,0.017166,0.011919,0.004401,0.000823,0.000078,0.631750,4,4,4,4,4,4,4,4,4,4,4,4,4,4,4,4,4,4,4,4,4,4,4,-34.725067,138.656483,30.000000,lev15,Almucantar
Adelaide_Site_7,03:06:2020,12:00:00,155,155.000000,0.000307,0.000486,0.000757,0.001132,0.001648,0.002413,0.003605,0.005361,0.007764,0.011350,0.017189,0.025370,0.033003,0.036155,0.034001,0.028079,0.020319,0.012554,0.006466,0.002755,0.000982,0.000303,0.439000,2,2,2,2,2,2,2,2,2,2,2,2,2,2,2,2,2,2,2,2,2,2,2,-34.725067,138.656483,30.000000,lev15,Almucantar
Adelaide_Site_7,04:06:2020,12:00:00,156,156.000000,0.000477,0.001153,0.001892,0.002282,0.002438,0.002756,0.003313,0.003757,0.004485,0.006797,0.009467,0.009696,0.009591,0.011608,0.013415,0.013073,0.011311,0.008599,0.005275,0.002439,0.000817,0.000196,0.439000,3,3,3,3,3,3,3,3,3,3,3,3,3,3,3,3,3,3,3,3,3,3,3,-34.725067,138.656483,30.000000,lev15,Almucantar
Adelaide_Site_7,05:06:2020,12:00:00,157,157.000000,0.000378,0.001046,0.001794,0.002162,0.002242,0.002385,0.002743,0.003110,0.003646,0.005093,0.006675,0.006793,0.006385,0.006354,0.006600,0.006566,0.005831,0.004334,0.002549,0.001159,0.000405,0.000110,0.439000,6,6,6,6,6,6,6,6,6,6,6,6,6,6,6,6,6,6,6,6,6,6,6,-34.725067,138.656483,30.000000,lev15,Almucantar
Adelaide_Site_7,08:06:2020,12:00:00,160,160.000000,0.000089,0.000453,0.001381,0.002606,0.003426,0.003657,0.003391,0.002642,0.001876,0.001430,0.001265,0.001341,0.001675,0.002145,0.002575,0.003091,0.003793,0.004131,0.003198,0.001485,0.000397,0.000073,0.874000,2,2,2,2,2,2,2,2,2,2,2,2,2,2,2,2,2,2,2,2,2,2,2,-34.725067,138.656483,30.000000,lev15,Almucantar
Adelaide_Site_7,24:06:2020,12:00:00,176,176.000000,0.000112,0.000500,0.001330,0.002190,0.002627,0.002797,0.002804,0.002465,0.002068,0.002070,0.002499,0.003045,0.003841,0.005024,0.006595,0.007356,0.006380,0.004198,0.002112,0.000827,0.000255,0.000062,0.507500,2,2,2,2,2,2,2,2,2,2,2,2,2,2,2,2,2,2,2,2,2,2,2,-34.725067,138.656483,30.000000,lev15,Almucantar
Adelaide_Site_7,28:06:2020,12:00:00,180,180.000000,0.000095,0.000321,0.000773,0.001358,0.001954,0.002562,0.002954,0.002693,0.002349,0.002589,0.003302,0.003858,0.004082,0.004187,0.004139,0.003868,0.003346,0.002543,0.001573,0.000745,0.000263,0.000071,0.439000,6,6,6,6,6,6,6,6,6,6,6,6,6,6,6,6,6,6,6,6,6,6,6,-34.725067,138.656483,30.000000,lev15,Almucantar
Adelaide_Site_7,29:06:2020,12:00:00,181,181.000000,0.000075,0.000378,0.001194,0.002474,0.003710,0.004376,0.003888,0.002455,0.001514,0.001301,0.001495,0.001824,0.002112,0.002308,0.002456,0.002626,0.002824,0.002815,0.002170,0.001087,0.000327,0.000064,0.576000,6,6,6,6,6,6,6,6,6,6,6,6,6,6,6,6,6,6,6,6,6,6,6,-34.725067,138.656483,30.000000,lev15,Almucantar
Adelaide_Site_7,30:06:2020,12:00:00,182,182.000000,0.000103,0.000383,0.001003,0.001879,0.002576,0.002709,0.002364,0.002048,0.002405,0.003999,0.005889,0.006111,0.006691,0.008719,0.010713,0.011295,0.010825,0.009027,0.005623,0.002354,0.000632,0.000107,0.439000,1,1,1,1,1,1,1,1,1,1,1,1,1,1,1,1,1,1,1,1,1,1,1,-34.725067,138.656483,30.000000,lev15,Almucantar
Adelaide_Site_7,06:07:2020,12:00:00,188,188.000000,0.000414,0.001618,0.003128,0.003451,0.002975,0.002729,0.002773,0.002624,0.002547,0.003230,0.004562,0.005444,0.006251,0.007813,0.009358,0.009230,0.007002,0.004113,0.001960,0.000793,0.000279,0.000086,0.439000,3,3,3,3,3,3,3,3,3,3,3,3,3,3,3,3,3,3,3,3,3,3,3,-34.725067,138.656483,30.000000,lev15,Almucantar
Adelaide_Site_7,08:07:2020,12:00:00,190,190.000000,0.000053,0.000227,0.000705,0.001605,0.002769,0.003685,0.003545,0.002358,0.001492,0.001258,0.001361,0.001536,0.001722,0.001973,0.002309,0.002746,0.003129,0.002992,0.002059,0.000917,0.000257,0.000050,0.645333,6,6,6,6,6,6,6,6,6,6,6,6,6,6,6,6,6,6,6,6,6,6,6,-34.725067,138.656483,30.000000,lev15,Almucantar
Adelaide_Site_7,09:07:2020,12:00:00,191,191.000000,0.000085,0.000351,0.000931,0.001681,0.002350,0.002849,0.002837,0.002068,0.001434,0.001324,0.001597,0.002090,0.002587,0.002844,0.002920,0.002909,0.002730,0.002199,0.001393,0.000660,0.000228,0.000057,0.576000,3,3,3,3,3,3,3,3,3,3,3,3,3,3,3,3,3,3,3,3,3,3,3,-34.725067,138.656483,30.000000,lev15,Almucantar
Adelaide_Site_7,13:07:2020,12:00:00,195,195.000000,0.000229,0.001166,0.003206,0.005506,0.007401,0.008204,0.006799,0.004187,0.002689,0.002537,0.003025,0.003616,0.004454,0.005533,0.006554,0.007030,0.006520,0.004932,0.002899,0.001299,0.000439,0.000112,0.507500,4,4,4,4,4,4,4,4,4,4,4,4,4,4,4,4,4,4,4,4,4,4,4,-34.725067,138.656483,30.000000,lev15,Almucantar
Adelaide_Site_7,14:07:2020,12:00:00,196,196.000000,0.000740,0.002195,0.003817,0.005667,0.008056,0.008995,0.007461,0.005458,0.003623,0.002654,0.002660,0.003261,0.004337,0.005865,0.007271,0.007800,0.007036,0.005108,0.002877,0.001248,0.000426,0.000123,0.714667,3,3,3,3,3,3,3,3,3,3,3,3,3,3,3,3,3,3,3,3,3,3,3,-34.725067,138.656483,30.000000,lev15,Almucantar
Adelaide_Site_7,15:07:2020,12:00:00,197,197.000000,0.000062,0.000245,0.000740,0.001696,0.003086,0.004607,0.005184,0.003828,0.002257,0.001492,0.001293,0.001371,0.001571,0.001888,0.002370,0.002965,0.003390,0.003161,0.002129,0.000957,0.000283,0.000060,0.804667,6,6,6,6,6,6,6,6,6,6,6,6,6,6,6,6,6,6,6,6,6,6,6,-34.725067,138.656483,30.000000,lev15,Almucantar
Adelaide_Site_7,16:07:2020,12:00:00,198,198.000000,0.000134,0.000689,0.002031,0.003530,0.004082,0.003798,0.003299,0.002712,0.002353,0.002576,0.003391,0.004301,0.005193,0.006467,0.008133,0.009461,0.009478,0.007754,0.004753,0.001995,0.000538,0.000093,0.473250,8,8,8,8,8,8,8,8,8,8,8,8,8,8,8,8,8,8,8,8,8,8,8,-34.725067,138.656483,30.000000,lev15,Almucantar
Adelaide_Site_7,17:07:2020,12:00:00,199,199.000000,0.000082,0.000365,0.001054,0.002048,0.002945,0.003468,0.003445,0.002830,0.002147,0.001844,0.001913,0.002131,0.002409,0.002866,0.003464,0.003963,0.004067,0.003499,0.002263,0.000994,0.000289,0.000059,0.652500,6,6,6,6,6,6,6,6,6,6,6,6,6,6,6,6,6,6,6,6,6,6,6,-34.725067,138.656483,30.000000,lev15,Almucantar
Adelaide_Site_7,19:07:2020,12:00:00,201,201.000000,0.000218,0.000315,0.000496,0.000846,0.001500,0.002559,0.003772,0.004496,0.004935,0.006572,0.011075,0.017313,0.019930,0.020686,0.025025,0.033349,0.039180,0.034144,0.020111,0.007593,0.001790,0.000261,0.439000,1,1,1,1,1,1,1,1,1,1,1,1,1,1,1,1,1,1,1,1,1,1,1,-34.725067,138.656483,30.000000,lev15,Almucantar
Adelaide_Site_7,21:07:2020,12:00:00,203,203.000000,0.000118,0.000566,0.001550,0.002562,0.003022,0.003105,0.002927,0.002424,0.002015,0.001961,0.002101,0.002331,0.002819,0.003786,0.005360,0.007385,0.008809,0.008008,0.004983,0.001990,0.000494,0.000075,0.530333,3,3,3,3,3,3,3,3,3,3,3,3,3,3,3,3,3,3,3,3,3,3,3,-34.725067,138.656483,30.000000,lev15,Almucantar
Adelaide_Site_7,23:07:2020,12:00:00,205,205.000000,0.000058,0.000268,0.000820,0.001680,0.002524,0.003044,0.002931,0.002175,0.001409,0.000948,0.000733,0.000674,0.000751,0.001029,0.001655,0.002739,0.003960,0.004275,0.003008,0.001262,0.000310,0.000047,0.903500,8,8,8,8,8,8,8,8,8,8,8,8,8,8,8,8,8,8,8,8,8,8,8,-34.725067,138.656483,30.000000,lev15,Almucantar
Adelaide_Site_7,24:07:2020,12:00:00,206,206.000000,0.000040,0.000130,0.000373,0.000944,0.002084,0.003853,0.005257,0.004497,0.002518,0.001233,0.000702,0.000542,0.000576,0.000783,0.001197,0.001788,0.002291,0.002259,0.001568,0.000723,0.000217,0.000043,0.992000,5,5,5,5,5,5,5,5,5,5,5,5,5,5,5,5,5,5,5,5,5,5,5,-34.725067,138.656483,30.000000,lev15,Almucantar
Adelaide_Site_7,25:07:2020,12:00:00,207,207.000000,0.000175,0.000843,0.002243,0.003540,0.004034,0.004124,0.004052,0.003555,0.002968,0.002890,0.003461,0.004449,0.005714,0.007661,0.010147,0.011711,0.010903,0.007836,0.004194,0.001633,0.000457,0.000092,0.556429,7,7,7,7,7,7,7,7,7,7,7,7,7,7,7,7,7,7,7,7,7,7,7,-34.725067,138.656483,30.000000,lev15,Almucantar
Adelaide_Site_7,29:07:2020,12:00:00,211,211.000000,0.000281,0.000892,0.001829,0.002586,0.002973,0.003411,0.004245,0.005049,0.005294,0.005595,0.006257,0.007259,0.008454,0.009830,0.010505,0.009611,0.007447,0.004885,0.002684,0.001221,0.000457,0.000140,0.439000,1,1,1,1,1,1,1,1,1,1,1,1,1,1,1,1,1,1,1,1,1,1,1,-34.725067,138.656483,30.000000,lev15,Almucantar
Adelaide_Site_7,30:07:2020,12:00:00,212,212.000000,0.000848,0.003090,0.005348,0.005886,0.005683,0.005173,0.004373,0.003689,0.003842,0.005527,0.008780,0.010830,0.011296,0.013227,0.015994,0.017799,0.017573,0.014313,0.008629,0.003568,0.000974,0.000175,0.439000,6,6,6,6,6,6,6,6,6,6,6,6,6,6,6,6,6,6,6,6,6,6,6,-34.725067,138.656483,30.000000,lev15,Almucantar
Adelaide_Site_7,31:07:2020,12:00:00,213,213.000000,0.000099,0.000571,0.001679,0.002630,0.002512,0.001858,0.001404,0.001315,0.001550,0.002030,0.002558,0.002899,0.003010,0.003047,0.003176,0.003394,0.003451,0.002985,0.001983,0.000946,0.000313,0.000071,0.439000,1,1,1,1,1,1,1,1,1,1,1,1,1,1,1,1,1,1,1,1,1,1,1,-34.725067,138.656483,30.000000,lev15,Almucantar
Adelaide_Site_7,01:08:2020,12:00:00,214,214.000000,0.000096,0.000386,0.001005,0.001758,0.002401,0.002919,0.003239,0.003172,0.002848,0.002638,0.002690,0.002944,0.003300,0.003679,0.004073,0.004395,0.004396,0.003729,0.002423,0.001115,0.000350,0.000076,0.711000,4,4,4,4,4,4,4,4,4,4,4,4,4,4,4,4,4,4,4,4,4,4,4,-34.725067,138.656483,30.000000,lev15,Almucantar
Adelaide_Site_7,02:08:2020,12:00:00,215,215.000000,0.000122,0.000875,0.002739,0.003984,0.003240,0.002007,0.001331,0.001191,0.001502,0.002397,0.003983,0.005612,0.006039,0.005514,0.004906,0.004376,0.003697,0.002717,0.001618,0.000747,0.000261,0.000069,0.439000,1,1,1,1,1,1,1,1,1,1,1,1,1,1,1,1,1,1,1,1,1,1,1,-34.725067,138.656483,30.000000,lev15,Almucantar
Adelaide_Site_7,03:08:2020,12:00:00,216,216.000000,0.000329,0.001418,0.003630,0.005715,0.006118,0.005274,0.004463,0.004333,0.005082,0.006834,0.009523,0.012743,0.015967,0.018838,0.021048,0.021906,0.020280,0.015610,0.009301,0.004046,0.001240,0.000264,0.439000,1,1,1,1,1,1,1,1,1,1,1,1,1,1,1,1,1,1,1,1,1,1,1,-34.725067,138.656483,30.000000,lev15,Almucantar
Adelaide_Site_7,04:08:2020,12:00:00,217,217.000000,0.000169,0.000368,0.000739,0.001347,0.002192,0.003157,0.004025,0.004458,0.004659,0.005503,0.007093,0.008706,0.010749,0.014797,0.020467,0.025393,0.026898,0.023171,0.014439,0.005778,0.001378,0.000192,0.439000,5,5,5,5,5,5,5,5,5,5,5,5,5,5,5,5,5,5,5,5,5,5,5,-34.725067,138.656483,30.000000,lev15,Almucantar
Adelaide_Site_7,05:08:2020,12:00:00,218,218.000000,0.000138,0.000366,0.000766,0.001306,0.001957,0.002755,0.003518,0.003714,0.003638,0.004135,0.005253,0.006121,0.006617,0.007568,0.008827,0.009410,0.008572,0.006339,0.003615,0.001532,0.000474,0.000107,0.439000,5,5,5,5,5,5,5,5,5,5,5,5,5,5,5,5,5,5,5,5,5,5,5,-34.725067,138.656483,30.000000,lev15,Almucantar
Adelaide_Site_7,29:08:2020,12:00:00,242,242.000000,0.000087,0.000485,0.001567,0.002956,0.003729,0.003793,0.003399,0.002644,0.001949,0.001598,0.001582,0.001798,0.002204,0.002909,0.004005,0.005450,0.006875,0.007103,0.005015,0.002089,0.000487,0.000068,0.708444,9,9,9,9,9,9,9,9,9,9,9,9,9,9,9,9,9,9,9,9,9,9,9,-34.725067,138.656483,30.000000,lev15,Almucantar
Adelaide_Site_7,31:08:2020,12:00:00,244,244.000000,0.000229,0.001026,0.002751,0.004611,0.005435,0.005241,0.004547,0.003695,0.003391,0.004371,0.006824,0.009089,0.010496,0.013277,0.017486,0.022029,0.026395,0.028547,0.022424,0.010230,0.002335,0.000252,0.439000,2,2,2,2,2,2,2,2,2,2,2,2,2,2,2,2,2,2,2,2,2,2,2,-34.725067,138.656483,30.000000,lev15,Almucantar
Adelaide_Site_7,02:09:2020,12:00:00,246,246.000000,0.000484,0.002669,0.006397,0.007296,0.006007,0.004933,0.004385,0.004094,0.004408,0.006662,0.011847,0.016968,0.021600,0.028233,0.035145,0.039769,0.045292,0.048853,0.038944,0.016663,0.002925,0.000239,0.461833,6,6,6,6,6,6,6,6,6,6,6,6,6,6,6,6,6,6,6,6,6,6,6,-34.725067,138.656483,30.000000,lev15,Almucantar
Adelaide_Site_7,04:09:2020,12:00:00,248,248.000000,0.000243,0.001164,0.003055,0.004584,0.004452,0.003481,0.002813,0.002799,0.003548,0.005265,0.008029,0.011303,0.013908,0.014800,0.013748,0.011234,0.008070,0.005060,0.002742,0.001271,0.000500,0.000166,0.439000,1,1,1,1,1,1,1,1,1,1,1,1,1,1,1,1,1,1,1,1,1,1,1,-34.725067,138.656483,30.000000,lev15,Almucantar
Adelaide_Site_7,05:09:2020,12:00:00,249,249.000000,0.000259,0.001217,0.003034,0.004125,0.003862,0.003403,0.003391,0.003844,0.004884,0.006882,0.009550,0.011707,0.013091,0.014243,0.014672,0.013366,0.010150,0.006315,0.003227,0.001364,0.000480,0.000142,0.439000,3,3,3,3,3,3,3,3,3,3,3,3,3,3,3,3,3,3,3,3,3,3,3,-34.725067,138.656483,30.000000,lev15,Almucantar
Adelaide_Site_7,06:09:2020,12:00:00,250,250.000000,0.000270,0.001283,0.003709,0.005725,0.005696,0.005079,0.004899,0.005131,0.005583,0.006050,0.006511,0.007064,0.007656,0.008666,0.010655,0.013499,0.015718,0.014732,0.009900,0.004408,0.001258,0.000235,0.439000,3,3,3,3,3,3,3,3,3,3,3,3,3,3,3,3,3,3,3,3,3,3,3,-34.725067,138.656483,30.000000,lev15,Almucantar
Adelaide_Site_7,07:09:2020,12:00:00,251,251.000000,0.000241,0.001210,0.003152,0.004390,0.003784,0.002581,0.001815,0.001589,0.001852,0.002740,0.004553,0.007500,0.011492,0.016415,0.022293,0.028012,0.029889,0.024277,0.013695,0.005058,0.001188,0.000176,0.439000,2,2,2,2,2,2,2,2,2,2,2,2,2,2,2,2,2,2,2,2,2,2,2,-34.725067,138.656483,30.000000,lev15,Almucantar
Adelaide_Site_7,28:10:2020,12:00:00,302,302.000000,0.000104,0.000653,0.002089,0.003670,0.004230,0.003920,0.003278,0.002526,0.001917,0.001636,0.001640,0.001700,0.001800,0.002084,0.002549,0.003147,0.003570,0.003295,0.002212,0.001007,0.000302,0.000060,0.800286,7,7,7,7,7,7,7,7,7,7,7,7,7,7,7,7,7,7,7,7,7,7,7,-34.725067,138.656483,30.000000,lev15,Almucantar
Adelaide_Site_7,01:11:2020,12:00:00,306,306.000000,0.000173,0.001122,0.003441,0.005337,0.005171,0.004118,0.003206,0.002554,0.002259,0.002386,0.002768,0.003122,0.003486,0.004160,0.005210,0.006546,0.007833,0.008013,0.005869,0.002609,0.000650,0.000095,0.473250,8,8,8,8,8,8,8,8,8,8,8,8,8,8,8,8,8,8,8,8,8,8,8,-34.725067,138.656483,30.000000,lev15,Almucantar
Adelaide_Site_7,02:11:2020,12:00:00,307,307.000000,0.000160,0.001071,0.003288,0.004885,0.004318,0.003101,0.002346,0.002055,0.002085,0.002332,0.002636,0.002824,0.003064,0.003933,0.005853,0.009207,0.013894,0.017151,0.013836,0.005935,0.001204,0.000115,0.554000,6,6,6,6,6,6,6,6,6,6,6,6,6,6,6,6,6,6,6,6,6,6,6,-34.725067,138.656483,30.000000,lev15,Almucantar
Adelaide_Site_7,03:11:2020,12:00:00,308,308.000000,0.000128,0.000748,0.002191,0.003466,0.003609,0.003160,0.002625,0.002043,0.001625,0.001519,0.001656,0.001904,0.002282,0.003079,0.004647,0.007283,0.010651,0.012419,0.009490,0.003955,0.000810,0.000081,0.541750,4,4,4,4,4,4,4,4,4,4,4,4,4,4,4,4,4,4,4,4,4,4,4,-34.725067,138.656483,30.000000,lev15,Almucantar
Adelaide_Site_7,05:11:2020,12:00:00,310,310.000000,0.000160,0.000509,0.001206,0.002175,0.003112,0.003688,0.003743,0.003455,0.003421,0.004250,0.006168,0.008346,0.010017,0.012686,0.017660,0.023594,0.026144,0.021714,0.012274,0.004445,0.001012,0.000147,0.439000,2,2,2,2,2,2,2,2,2,2,2,2,2,2,2,2,2,2,2,2,2,2,2,-34.725067,138.656483,30.000000,lev15,Almucantar
Adelaide_Site_7,06:11:2020,12:00:00,311,311.000000,0.000347,0.002225,0.005643,0.006548,0.005285,0.004164,0.003389,0.002752,0.002453,0.002771,0.003761,0.005093,0.006793,0.009484,0.013284,0.017861,0.022042,0.022052,0.014942,0.005905,0.001247,0.000138,0.473250,4,4,4,4,4,4,4,4,4,4,4,4,4,4,4,4,4,4,4,4,4,4,4,-34.725067,138.656483,30.000000,lev15,Almucantar
Adelaide_Site_7,07:11:2020,12:00:00,312,312.000000,0.000157,0.000492,0.001170,0.001972,0.002647,0.003274,0.003833,0.004038,0.004212,0.004963,0.006106,0.006808,0.007239,0.008000,0.009146,0.010305,0.010844,0.009750,0.006584,0.002986,0.000855,0.000154,0.577250,4,4,4,4,4,4,4,4,4,4,4,4,4,4,4,4,4,4,4,4,4,4,4,-34.725067,138.656483,30.000000,lev15,Almucantar
Adelaide_Site_7,08:11:2020,12:00:00,313,313.000000,0.000136,0.000458,0.001063,0.001693,0.002125,0.002489,0.002868,0.002972,0.002887,0.003057,0.003584,0.004219,0.004844,0.005653,0.006768,0.008301,0.010052,0.010442,0.007615,0.003358,0.000827,0.000111,0.439000,7,7,7,7,7,7,7,7,7,7,7,7,7,7,7,7,7,7,7,7,7,7,7,-34.725067,138.656483,30.000000,lev15,Almucantar
Adelaide_Site_7,09:11:2020,12:00:00,314,314.000000,0.000380,0.002051,0.004862,0.005563,0.003895,0.002281,0.001494,0.001344,0.001769,0.003019,0.005264,0.007989,0.010702,0.013779,0.018606,0.027198,0.039417,0.045943,0.033859,0.013171,0.002460,0.000215,0.439000,3,3,3,3,3,3,3,3,3,3,3,3,3,3,3,3,3,3,3,3,3,3,3,-34.725067,138.656483,30.000000,lev15,Almucantar
Adelaide_Site_7,10:11:2020,12:00:00,315,315.000000,0.000565,0.003242,0.007293,0.007399,0.004750,0.002905,0.002160,0.002054,0.002589,0.003985,0.005747,0.007221,0.008944,0.011435,0.015090,0.021082,0.030035,0.036537,0.029024,0.012024,0.002305,0.000201,0.439000,5,5,5,5,5,5,5,5,5,5,5,5,5,5,5,5,5,5,5,5,5,5,5,-34.725067,138.656483,30.000000,lev15,Almucantar
Adelaide_Site_7,11:11:2020,12:00:00,316,316.000000,0.000525,0.001590,0.002908,0.003354,0.002763,0.002013,0.001690,0.001972,0.003308,0.006779,0.012203,0.017537,0.024139,0.033248,0.042871,0.055131,0.072202,0.086296,0.076697,0.039037,0.008785,0.000770,0.439000,6,6,6,6,6,6,6,6,6,6,6,6,6,6,6,6,6,6,6,6,6,6,6,-34.725067,138.656483,30.000000,lev15,Almucantar
Adelaide_Site_7,14:11:2020,12:00:00,319,319.000000,0.000202,0.001083,0.002768,0.003621,0.003124,0.002441,0.002043,0.001878,0.002055,0.002669,0.003426,0.004060,0.004967,0.006295,0.007797,0.009459,0.011404,0.012404,0.009652,0.004316,0.000980,0.000114,0.439000,10,10,10,10,10,10,10,10,10,10,10,10,10,10,10,10,10,10,10,10,10,10,10,-34.725067,138.656483,30.000000,lev15,Almucantar
Adelaide_Site_7,16:11:2020,12:00:00,321,321.000000,0.000234,0.000624,0.001303,0.001993,0.002460,0.002878,0.003400,0.003947,0.004954,0.007424,0.011145,0.014693,0.017625,0.021153,0.025046,0.027743,0.027363,0.022662,0.014065,0.005832,0.001503,0.000238,0.439000,4,4,4,4,4,4,4,4,4,4,4,4,4,4,4,4,4,4,4,4,4,4,4,-34.725067,138.656483,30.000000,lev15,Almucantar
Adelaide_Site_7,17:11:2020,12:00:00,322,322.000000,0.000341,0.001283,0.002697,0.003386,0.003106,0.002652,0.002416,0.002388,0.002734,0.003913,0.006147,0.008559,0.010379,0.012713,0.016041,0.019105,0.021410,0.021468,0.015822,0.006902,0.001571,0.000190,0.439000,10,10,10,10,10,10,10,10,10,10,10,10,10,10,10,10,10,10,10,10,10,10,10,-34.725067,138.656483,30.000000,lev15,Almucantar
Adelaide_Site_7,19:11:2020,12:00:00,324,324.000000,0.000264,0.000947,0.001986,0.002620,0.002661,0.002584,0.002608,0.002806,0.003549,0.005267,0.007451,0.009232,0.010271,0.010646,0.011124,0.011965,0.013522,0.014628,0.011767,0.005530,0.001365,0.000191,0.439000,3,3,3,3,3,3,3,3,3,3,3,3,3,3,3,3,3,3,3,3,3,3,3,-34.725067,138.656483,30.000000,lev15,Almucantar
Adelaide_Site_7,20:11:2020,12:00:00,325,325.000000,0.000208,0.001020,0.002704,0.003827,0.003357,0.002437,0.001968,0.002073,0.002914,0.004922,0.007869,0.009876,0.010628,0.011468,0.012196,0.011561,0.009413,0.006364,0.003401,0.001405,0.000458,0.000126,0.439000,3,3,3,3,3,3,3,3,3,3,3,3,3,3,3,3,3,3,3,3,3,3,3,-34.725067,138.656483,30.000000,lev15,Almucantar
Adelaide_Site_7,10:12:2020,12:00:00,345,345.000000,0.000259,0.000889,0.001556,0.001796,0.002013,0.002393,0.002685,0.002846,0.003237,0.003706,0.004093,0.004764,0.005699,0.006407,0.006803,0.007647,0.009569,0.011387,0.009968,0.005032,0.001239,0.000140,0.473250,4,4,4,4,4,4,4,4,4,4,4,4,4,4,4,4,4,4,4,4,4,4,4,-34.725067,138.656483,30.000000,lev15,Almucantar
Adelaide_Site_7,11:12:2020,12:00:00,346,346.000000,0.000165,0.000996,0.002692,0.003511,0.002744,0.001813,0.001438,0.001593,0.002212,0.003220,0.004311,0.004896,0.004902,0.004866,0.005034,0.005534,0.006293,0.006482,0.004968,0.002388,0.000651,0.000098,0.439000,2,2,2,2,2,2,2,2,2,2,2,2,2,2,2,2,2,2,2,2,2,2,2,-34.725067,138.656483,30.000000,lev15,Almucantar
Adelaide_Site_7,15:12:2020,12:00:00,350,350.000000,0.000577,0.002709,0.005219,0.005015,0.003363,0.002171,0.001640,0.001525,0.001797,0.002722,0.004579,0.006817,0.008560,0.010369,0.013598,0.019817,0.026524,0.024835,0.013895,0.004560,0.000881,0.000100,0.439000,2,2,2,2,2,2,2,2,2,2,2,2,2,2,2,2,2,2,2,2,2,2,2,-34.725067,138.656483,30.000000,lev15,Almucantar
Adelaide_Site_7,16:12:2020,12:00:00,351,351.000000,0.000237,0.001617,0.004778,0.006477,0.004793,0.002647,0.001653,0.001639,0.002609,0.004645,0.006451,0.007553,0.009070,0.010655,0.011936,0.013932,0.017874,0.022048,0.019361,0.009129,0.001998,0.000194,0.439000,1,1,1,1,1,1,1,1,1,1,1,1,1,1,1,1,1,1,1,1,1,1,1,-34.725067,138.656483,30.000000,lev15,Almucantar
Adelaide_Site_7,17:12:2020,12:00:00,352,352.000000,0.000167,0.000631,0.001546,0.002519,0.002926,0.002764,0.002551,0.002725,0.003539,0.005029,0.006945,0.009700,0.014971,0.022870,0.027813,0.024096,0.014832,0.007058,0.002861,0.001056,0.000367,0.000122,0.439000,1,1,1,1,1,1,1,1,1,1,1,1,1,1,1,1,1,1,1,1,1,1,1,-34.725067,138.656483,30.000000,lev15,Almucantar
Adelaide_Site_7,18:12:2020,12:00:00,353,353.000000,0.000109,0.000507,0.001344,0.002152,0.002473,0.002433,0.002234,0.001987,0.001895,0.002125,0.002691,0.003519,0.004794,0.006875,0.009310,0.011051,0.012226,0.013068,0.011165,0.005465,0.001223,0.000120,0.439000,4,4,4,4,4,4,4,4,4,4,4,4,4,4,4,4,4,4,4,4,4,4,4,-34.725067,138.656483,30.000000,lev15,Almucantar
Adelaide_Site_7,21:12:2020,12:00:00,356,356.000000,0.000201,0.001094,0.003173,0.005010,0.005001,0.003963,0.003042,0.002610,0.002905,0.004365,0.007265,0.010523,0.013946,0.018764,0.023721,0.025582,0.022314,0.015217,0.007674,0.002788,0.000726,0.000136,0.439000,3,3,3,3,3,3,3,3,3,3,3,3,3,3,3,3,3,3,3,3,3,3,3,-34.725067,138.656483,30.000000,lev15,Almucantar
