AERONET Data Download (Version 3 Direct Sun and Inversion Algorithms)
AERONET Version 3
Birdsville
Version 3: Almucantar Level 1.5 Inversion
The following data are cloud cleared and quality controls have been applied but these data may not have final calibration applied.  These data may change.
Daily Averages,Contact: PI=Ian_Lau; PI Email=ian.lau@csiro.au 
AERONET_AERONET_Site,Date(dd:mm:yyyy),Time(hh:mm:ss),Day_of_Year,Day_of_Year(fraction),0.050000,0.065604,0.086077,0.112939,0.148184,0.194429,0.255105,0.334716,0.439173,0.576227,0.756052,0.991996,1.301571,1.707757,2.240702,2.939966,3.857452,5.061260,6.640745,8.713145,11.432287,15.000000,Inflection_Radius_of_Size_Distribution(um),N[0.050000],N[0.065604],N[0.086077],N[0.112939],N[0.148184],N[0.194429],N[0.255105],N[0.334716],N[0.439173],N[0.576227],N[0.756052],N[0.991996],N[1.301571],N[1.707757],N[2.240702],N[2.939966],N[3.857452],N[5.061260],N[6.640745],N[8.713145],N[11.432287],N[15.000000],N[Inflection_Radius_of_Size_Distribution(um)],Latitude(Degrees),Longitude(Degrees),Elevation(m),Level,Retrieval_Measurement_Scan_Type
Birdsville,01:01:2019,12:00:00,1,1.000000,0.000504,0.003531,0.009141,0.009738,0.005707,0.002999,0.002278,0.002929,0.004893,0.007195,0.008544,0.009889,0.011614,0.013079,0.014193,0.015949,0.018776,0.020467,0.016716,0.008282,0.002166,0.000286,0.439000,2,2,2,2,2,2,2,2,2,2,2,2,2,2,2,2,2,2,2,2,2,2,2,-25.898930,139.345960,46.500000,lev15,Almucantar
Birdsville,02:01:2019,12:00:00,2,2.000000,0.000318,0.001526,0.003858,0.005417,0.004930,0.003765,0.003177,0.003431,0.004504,0.006165,0.008102,0.010380,0.013014,0.015671,0.017994,0.019602,0.019367,0.015846,0.009704,0.004123,0.001168,0.000217,0.439000,1,1,1,1,1,1,1,1,1,1,1,1,1,1,1,1,1,1,1,1,1,1,1,-25.898930,139.345960,46.500000,lev15,Almucantar
Birdsville,03:01:2019,12:00:00,3,3.000000,0.000474,0.002075,0.004652,0.005657,0.004387,0.002870,0.002201,0.002508,0.004216,0.008034,0.012766,0.015379,0.017824,0.022676,0.027491,0.028849,0.027131,0.022559,0.014830,0.006774,0.001980,0.000359,0.439000,1,1,1,1,1,1,1,1,1,1,1,1,1,1,1,1,1,1,1,1,1,1,1,-25.898930,139.345960,46.500000,lev15,Almucantar
Birdsville,04:01:2019,12:00:00,4,4.000000,0.000329,0.001965,0.005052,0.005782,0.003490,0.001773,0.001286,0.001701,0.003465,0.006889,0.009614,0.011904,0.016684,0.022406,0.025394,0.026835,0.029294,0.032720,0.031724,0.019766,0.005960,0.000767,0.439000,2,2,2,2,2,2,2,2,2,2,2,2,2,2,2,2,2,2,2,2,2,2,2,-25.898930,139.345960,46.500000,lev15,Almucantar
Birdsville,08:01:2019,12:00:00,8,8.000000,0.000960,0.003146,0.004755,0.003866,0.002280,0.001389,0.001178,0.001556,0.002871,0.005892,0.011044,0.017510,0.023616,0.027986,0.034402,0.047442,0.062463,0.061272,0.037848,0.013544,0.002691,0.000294,0.439000,2,2,2,2,2,2,2,2,2,2,2,2,2,2,2,2,2,2,2,2,2,2,2,-25.898930,139.345960,46.500000,lev15,Almucantar
Birdsville,09:01:2019,12:00:00,9,9.000000,0.003645,0.005359,0.004646,0.002841,0.001648,0.001220,0.001376,0.002342,0.004864,0.009074,0.014331,0.022951,0.037442,0.050551,0.059486,0.073687,0.086574,0.074646,0.040178,0.013141,0.002648,0.000331,0.439000,3,3,3,3,3,3,3,3,3,3,3,3,3,3,3,3,3,3,3,3,3,3,3,-25.898930,139.345960,46.500000,lev15,Almucantar
Birdsville,10:01:2019,12:00:00,10,10.000000,0.000936,0.004102,0.007426,0.006141,0.003094,0.001507,0.001115,0.001564,0.003624,0.009009,0.016500,0.024218,0.034446,0.042961,0.047085,0.053113,0.064754,0.073994,0.060209,0.027127,0.005889,0.000589,0.439000,3,3,3,3,3,3,3,3,3,3,3,3,3,3,3,3,3,3,3,3,3,3,3,-25.898930,139.345960,46.500000,lev15,Almucantar
Birdsville,11:01:2019,12:00:00,11,11.000000,0.000331,0.001432,0.003044,0.003469,0.002646,0.001817,0.001465,0.001701,0.002876,0.005376,0.008305,0.010829,0.013931,0.017207,0.020027,0.023363,0.026745,0.026942,0.020390,0.009586,0.002387,0.000295,0.439000,4,4,4,4,4,4,4,4,4,4,4,4,4,4,4,4,4,4,4,4,4,4,4,-25.898930,139.345960,46.500000,lev15,Almucantar
Birdsville,12:01:2019,12:00:00,12,12.000000,0.001941,0.010541,0.021285,0.017616,0.008059,0.003298,0.001894,0.001928,0.003343,0.007756,0.018223,0.037764,0.067044,0.101993,0.148361,0.216067,0.277715,0.259619,0.150793,0.049493,0.008740,0.000831,0.439000,2,2,2,2,2,2,2,2,2,2,2,2,2,2,2,2,2,2,2,2,2,2,2,-25.898930,139.345960,46.500000,lev15,Almucantar
Birdsville,13:01:2019,12:00:00,13,13.000000,0.000406,0.002465,0.006230,0.006857,0.004051,0.002061,0.001426,0.001621,0.002752,0.005230,0.008670,0.012817,0.017814,0.023291,0.029661,0.038843,0.049766,0.053792,0.042460,0.020448,0.004910,0.000527,0.439000,2,2,2,2,2,2,2,2,2,2,2,2,2,2,2,2,2,2,2,2,2,2,2,-25.898930,139.345960,46.500000,lev15,Almucantar
Birdsville,14:01:2019,12:00:00,14,14.000000,0.000326,0.001384,0.003182,0.004137,0.003475,0.002393,0.001811,0.001873,0.002708,0.004602,0.007461,0.010708,0.014276,0.018904,0.025654,0.034847,0.043006,0.041355,0.026440,0.010029,0.002136,0.000252,0.439000,3,3,3,3,3,3,3,3,3,3,3,3,3,3,3,3,3,3,3,3,3,3,3,-25.898930,139.345960,46.500000,lev15,Almucantar
Birdsville,15:01:2019,12:00:00,15,15.000000,0.000233,0.001272,0.003253,0.004154,0.003199,0.002060,0.001577,0.001763,0.002772,0.004658,0.006498,0.007694,0.009047,0.010928,0.012942,0.015104,0.017013,0.016444,0.011482,0.004983,0.001234,0.000169,0.439000,3,3,3,3,3,3,3,3,3,3,3,3,3,3,3,3,3,3,3,3,3,3,3,-25.898930,139.345960,46.500000,lev15,Almucantar
Birdsville,16:01:2019,12:00:00,16,16.000000,0.000251,0.001394,0.003586,0.004553,0.003411,0.002077,0.001500,0.001637,0.002527,0.004070,0.005493,0.006570,0.008032,0.010029,0.011957,0.013421,0.014140,0.013052,0.009251,0.004362,0.001237,0.000203,0.439000,2,2,2,2,2,2,2,2,2,2,2,2,2,2,2,2,2,2,2,2,2,2,2,-25.898930,139.345960,46.500000,lev15,Almucantar
Birdsville,17:01:2019,12:00:00,17,17.000000,0.000342,0.002037,0.005324,0.006457,0.004370,0.002427,0.001694,0.001890,0.003144,0.005627,0.008358,0.011016,0.015130,0.020814,0.025877,0.030560,0.034955,0.035356,0.026865,0.012241,0.002686,0.000267,0.439000,3,3,3,3,3,3,3,3,3,3,3,3,3,3,3,3,3,3,3,3,3,3,3,-25.898930,139.345960,46.500000,lev15,Almucantar
Birdsville,19:01:2019,12:00:00,19,19.000000,0.000324,0.001811,0.004415,0.005086,0.003477,0.002060,0.001556,0.001829,0.003004,0.005006,0.007000,0.009084,0.012091,0.015276,0.017870,0.020750,0.023843,0.024338,0.018382,0.008336,0.001956,0.000233,0.439000,3,3,3,3,3,3,3,3,3,3,3,3,3,3,3,3,3,3,3,3,3,3,3,-25.898930,139.345960,46.500000,lev15,Almucantar
Birdsville,20:01:2019,12:00:00,20,20.000000,0.004241,0.008451,0.008882,0.005172,0.002271,0.001199,0.001119,0.001994,0.005084,0.011997,0.021202,0.032577,0.048590,0.065269,0.079772,0.093916,0.100919,0.086071,0.050234,0.018343,0.004041,0.000537,0.439000,3,3,3,3,3,3,3,3,3,3,3,3,3,3,3,3,3,3,3,3,3,3,3,-25.898930,139.345960,46.500000,lev15,Almucantar
Birdsville,21:01:2019,12:00:00,21,21.000000,0.000225,0.001606,0.004966,0.007043,0.005458,0.003198,0.002096,0.002001,0.002743,0.004286,0.006148,0.007779,0.009436,0.011684,0.014759,0.018051,0.019340,0.016101,0.009418,0.003638,0.000904,0.000144,0.439000,2,2,2,2,2,2,2,2,2,2,2,2,2,2,2,2,2,2,2,2,2,2,2,-25.898930,139.345960,46.500000,lev15,Almucantar
Birdsville,23:01:2019,12:00:00,23,23.000000,0.000455,0.002674,0.006934,0.008487,0.005965,0.003387,0.002296,0.002392,0.003739,0.006895,0.011929,0.017551,0.021710,0.025433,0.030260,0.035735,0.038717,0.033959,0.021076,0.008347,0.001999,0.000287,0.439000,3,3,3,3,3,3,3,3,3,3,3,3,3,3,3,3,3,3,3,3,3,3,3,-25.898930,139.345960,46.500000,lev15,Almucantar
Birdsville,24:01:2019,12:00:00,24,24.000000,0.000431,0.001913,0.004355,0.005358,0.004174,0.002719,0.002053,0.002241,0.003517,0.006433,0.010858,0.015629,0.020260,0.025286,0.031349,0.038349,0.043124,0.039112,0.024775,0.009831,0.002307,0.000314,0.439000,2,2,2,2,2,2,2,2,2,2,2,2,2,2,2,2,2,2,2,2,2,2,2,-25.898930,139.345960,46.500000,lev15,Almucantar
Birdsville,05:02:2019,12:00:00,36,36.000000,0.000215,0.001022,0.002558,0.003515,0.003034,0.002094,0.001558,0.001569,0.002204,0.003631,0.005536,0.006984,0.007886,0.008722,0.009805,0.011070,0.011686,0.010295,0.006755,0.003033,0.000889,0.000167,0.439000,1,1,1,1,1,1,1,1,1,1,1,1,1,1,1,1,1,1,1,1,1,1,1,-25.898930,139.345960,46.500000,lev15,Almucantar
Birdsville,08:02:2019,12:00:00,39,39.000000,0.001422,0.004004,0.005755,0.004768,0.002939,0.001877,0.001675,0.002367,0.004783,0.010971,0.022611,0.037836,0.053142,0.064912,0.076483,0.090484,0.092680,0.070530,0.037134,0.012887,0.002855,0.000410,0.439000,2,2,2,2,2,2,2,2,2,2,2,2,2,2,2,2,2,2,2,2,2,2,2,-25.898930,139.345960,46.500000,lev15,Almucantar
Birdsville,09:02:2019,12:00:00,40,40.000000,0.001869,0.005532,0.007147,0.004522,0.001968,0.000946,0.000769,0.001243,0.003238,0.008473,0.015585,0.023819,0.034995,0.041657,0.047326,0.057894,0.063742,0.053696,0.034405,0.014569,0.003174,0.000362,0.439000,3,3,3,3,3,3,3,3,3,3,3,3,3,3,3,3,3,3,3,3,3,3,3,-25.898930,139.345960,46.500000,lev15,Almucantar
Birdsville,10:02:2019,12:00:00,41,41.000000,0.000388,0.001073,0.001651,0.001553,0.001151,0.000927,0.000974,0.001374,0.002520,0.005023,0.008939,0.013362,0.016989,0.019133,0.022664,0.028748,0.032415,0.027089,0.015399,0.005681,0.001312,0.000189,0.439000,4,4,4,4,4,4,4,4,4,4,4,4,4,4,4,4,4,4,4,4,4,4,4,-25.898930,139.345960,46.500000,lev15,Almucantar
Birdsville,11:02:2019,12:00:00,42,42.000000,0.000097,0.000327,0.000722,0.001096,0.001259,0.001251,0.001251,0.001418,0.001799,0.002333,0.002883,0.003481,0.004197,0.004810,0.005246,0.005871,0.006932,0.007729,0.006452,0.003177,0.000804,0.000105,0.439000,3,3,3,3,3,3,3,3,3,3,3,3,3,3,3,3,3,3,3,3,3,3,3,-25.898930,139.345960,46.500000,lev15,Almucantar
Birdsville,12:02:2019,12:00:00,43,43.000000,0.000496,0.002111,0.004506,0.005063,0.003656,0.002322,0.001774,0.002007,0.003247,0.005889,0.009426,0.013524,0.018494,0.024535,0.032796,0.044552,0.053860,0.048474,0.028748,0.010774,0.002523,0.000359,0.439000,3,3,3,3,3,3,3,3,3,3,3,3,3,3,3,3,3,3,3,3,3,3,3,-25.898930,139.345960,46.500000,lev15,Almucantar
Birdsville,13:02:2019,12:00:00,44,44.000000,0.003258,0.006194,0.005805,0.003250,0.001574,0.000981,0.001026,0.001862,0.004833,0.012685,0.025626,0.043038,0.067400,0.089999,0.110951,0.135033,0.128540,0.079213,0.031959,0.009283,0.002090,0.000380,0.439000,2,2,2,2,2,2,2,2,2,2,2,2,2,2,2,2,2,2,2,2,2,2,2,-25.898930,139.345960,46.500000,lev15,Almucantar
Birdsville,14:02:2019,12:00:00,45,45.000000,0.000250,0.000574,0.000927,0.001084,0.001034,0.000970,0.001062,0.001466,0.002469,0.004373,0.006907,0.009688,0.013064,0.017494,0.023799,0.033253,0.043231,0.042766,0.026954,0.009753,0.001929,0.000206,0.439000,2,2,2,2,2,2,2,2,2,2,2,2,2,2,2,2,2,2,2,2,2,2,2,-25.898930,139.345960,46.500000,lev15,Almucantar
Birdsville,15:02:2019,12:00:00,46,46.000000,0.000305,0.000767,0.001270,0.001505,0.001418,0.001208,0.001112,0.001312,0.002029,0.003408,0.005331,0.008044,0.011720,0.015281,0.021233,0.031960,0.038890,0.031149,0.016883,0.005856,0.001206,0.000149,0.439000,4,4,4,4,4,4,4,4,4,4,4,4,4,4,4,4,4,4,4,4,4,4,4,-25.898930,139.345960,46.500000,lev15,Almucantar
Birdsville,16:02:2019,12:00:00,47,47.000000,0.000461,0.002731,0.007108,0.009043,0.006933,0.004117,0.002548,0.002170,0.002805,0.004700,0.007994,0.012342,0.017410,0.023320,0.031183,0.041772,0.051137,0.049059,0.031647,0.012177,0.002596,0.000302,0.439000,5,5,5,5,5,5,5,5,5,5,5,5,5,5,5,5,5,5,5,5,5,5,5,-25.898930,139.345960,46.500000,lev15,Almucantar
Birdsville,17:02:2019,12:00:00,48,48.000000,0.000741,0.003195,0.005843,0.005423,0.003524,0.002156,0.001591,0.001716,0.002729,0.005161,0.009105,0.014065,0.019558,0.024915,0.031317,0.039945,0.046666,0.042347,0.025822,0.009644,0.002097,0.000263,0.439000,6,6,6,6,6,6,6,6,6,6,6,6,6,6,6,6,6,6,6,6,6,6,6,-25.898930,139.345960,46.500000,lev15,Almucantar
Birdsville,18:02:2019,12:00:00,49,49.000000,0.000309,0.002880,0.012248,0.019819,0.017254,0.010613,0.005585,0.003533,0.003371,0.004675,0.007562,0.011662,0.016247,0.021395,0.028011,0.035978,0.041129,0.036605,0.022471,0.008752,0.002079,0.000299,0.439000,6,6,6,6,6,6,6,6,6,6,6,6,6,6,6,6,6,6,6,6,6,6,6,-25.898930,139.345960,46.500000,lev15,Almucantar
Birdsville,19:02:2019,12:00:00,50,50.000000,0.002135,0.008268,0.012873,0.009372,0.004490,0.002280,0.001838,0.002669,0.005691,0.012194,0.021083,0.033185,0.051379,0.066514,0.073587,0.078350,0.073633,0.053661,0.028285,0.010364,0.002558,0.000435,0.439000,6,6,6,6,6,6,6,6,6,6,6,6,6,6,6,6,6,6,6,6,6,6,6,-25.898930,139.345960,46.500000,lev15,Almucantar
Birdsville,20:02:2019,12:00:00,51,51.000000,0.000315,0.001370,0.003205,0.004231,0.003687,0.002792,0.002405,0.002677,0.003653,0.005079,0.006469,0.008316,0.011073,0.013654,0.016264,0.020276,0.024162,0.022965,0.014881,0.005990,0.001432,0.000201,0.439000,6,6,6,6,6,6,6,6,6,6,6,6,6,6,6,6,6,6,6,6,6,6,6,-25.898930,139.345960,46.500000,lev15,Almucantar
Birdsville,21:02:2019,12:00:00,52,52.000000,0.000255,0.000844,0.001617,0.001906,0.001644,0.001315,0.001228,0.001476,0.002100,0.003032,0.004074,0.005327,0.007251,0.009784,0.012906,0.017080,0.020984,0.020339,0.013452,0.005452,0.001247,0.000155,0.439000,7,7,7,7,7,7,7,7,7,7,7,7,7,7,7,7,7,7,7,7,7,7,7,-25.898930,139.345960,46.500000,lev15,Almucantar
Birdsville,23:02:2019,12:00:00,54,54.000000,0.000274,0.001237,0.002952,0.003887,0.003246,0.002206,0.001645,0.001675,0.002411,0.004219,0.007293,0.011203,0.015689,0.021317,0.029169,0.039210,0.046391,0.041074,0.023571,0.008087,0.001612,0.000186,0.439000,1,1,1,1,1,1,1,1,1,1,1,1,1,1,1,1,1,1,1,1,1,1,1,-25.898930,139.345960,46.500000,lev15,Almucantar
Birdsville,25:02:2019,12:00:00,56,56.000000,0.000279,0.001681,0.004862,0.007021,0.005728,0.003387,0.002096,0.001918,0.002849,0.005388,0.009021,0.011550,0.012967,0.014925,0.018302,0.023592,0.029338,0.029868,0.020695,0.008493,0.001921,0.000234,0.439000,1,1,1,1,1,1,1,1,1,1,1,1,1,1,1,1,1,1,1,1,1,1,1,-25.898930,139.345960,46.500000,lev15,Almucantar
Birdsville,26:02:2019,12:00:00,57,57.000000,0.001974,0.004537,0.005572,0.003803,0.001994,0.001185,0.001093,0.001653,0.003286,0.006126,0.008526,0.009513,0.010041,0.010487,0.010871,0.011856,0.013453,0.014163,0.011476,0.005873,0.001652,0.000247,0.439000,5,5,5,5,5,5,5,5,5,5,5,5,5,5,5,5,5,5,5,5,5,5,5,-25.898930,139.345960,46.500000,lev15,Almucantar
Birdsville,27:02:2019,12:00:00,58,58.000000,0.001008,0.004600,0.007390,0.005257,0.002672,0.001513,0.001301,0.001953,0.003969,0.006707,0.007935,0.008315,0.009119,0.010193,0.010774,0.011400,0.012339,0.012453,0.009752,0.004904,0.001413,0.000228,0.439000,6,6,6,6,6,6,6,6,6,6,6,6,6,6,6,6,6,6,6,6,6,6,6,-25.898930,139.345960,46.500000,lev15,Almucantar
Birdsville,07:10:2019,12:00:00,280,280.000000,0.000219,0.001788,0.005771,0.008512,0.007499,0.004887,0.002963,0.002131,0.002060,0.002502,0.003299,0.004471,0.006134,0.008230,0.010623,0.013294,0.015461,0.014979,0.010398,0.004402,0.001032,0.000139,0.439000,8,8,8,8,8,8,8,8,8,8,8,8,8,8,8,8,8,8,8,8,8,8,8,-25.898930,139.345960,46.500000,lev15,Almucantar
Birdsville,08:10:2019,12:00:00,281,281.000000,0.002408,0.007754,0.010638,0.007869,0.004485,0.002482,0.001704,0.001949,0.003741,0.008685,0.018472,0.034996,0.061452,0.091006,0.111902,0.133331,0.134061,0.095187,0.045810,0.014914,0.003140,0.000441,0.439000,8,8,8,8,8,8,8,8,8,8,8,8,8,8,8,8,8,8,8,8,8,8,8,-25.898930,139.345960,46.500000,lev15,Almucantar
Birdsville,09:10:2019,12:00:00,282,282.000000,0.000232,0.001097,0.002739,0.003862,0.003583,0.002644,0.001912,0.001647,0.001873,0.002699,0.004261,0.006697,0.010060,0.013941,0.018116,0.022433,0.024944,0.022181,0.013922,0.005558,0.001310,0.000178,0.439000,7,7,7,7,7,7,7,7,7,7,7,7,7,7,7,7,7,7,7,7,7,7,7,-25.898930,139.345960,46.500000,lev15,Almucantar
Birdsville,10:10:2019,12:00:00,283,283.000000,0.000111,0.000787,0.002683,0.004634,0.004598,0.003171,0.001961,0.001393,0.001254,0.001363,0.001620,0.002009,0.002521,0.003143,0.003903,0.004771,0.005406,0.005173,0.003743,0.001806,0.000525,0.000090,0.439000,8,8,8,8,8,8,8,8,8,8,8,8,8,8,8,8,8,8,8,8,8,8,8,-25.898930,139.345960,46.500000,lev15,Almucantar
Birdsville,11:10:2019,12:00:00,284,284.000000,0.000130,0.001114,0.004243,0.007503,0.007039,0.004333,0.002377,0.001593,0.001479,0.001713,0.002094,0.002588,0.003216,0.003908,0.004622,0.005411,0.006106,0.006057,0.004581,0.002255,0.000649,0.000110,0.439000,9,9,9,9,9,9,9,9,9,9,9,9,9,9,9,9,9,9,9,9,9,9,9,-25.898930,139.345960,46.500000,lev15,Almucantar
Birdsville,12:10:2019,12:00:00,285,285.000000,0.000223,0.001519,0.004647,0.006833,0.005804,0.003685,0.002362,0.001969,0.002315,0.003363,0.004824,0.006360,0.008123,0.010367,0.013013,0.015924,0.018278,0.017900,0.013185,0.006081,0.001443,0.000173,0.439000,9,9,9,9,9,9,9,9,9,9,9,9,9,9,9,9,9,9,9,9,9,9,9,-25.898930,139.345960,46.500000,lev15,Almucantar
Birdsville,13:10:2019,12:00:00,286,286.000000,0.007717,0.012790,0.012869,0.008713,0.004998,0.003065,0.002657,0.003795,0.007445,0.014661,0.026283,0.047565,0.089028,0.150243,0.217003,0.295144,0.314982,0.214959,0.090859,0.025514,0.005034,0.000715,0.439000,5,5,5,5,5,5,5,5,5,5,5,5,5,5,5,5,5,5,5,5,5,5,5,-25.898930,139.345960,46.500000,lev15,Almucantar
Birdsville,14:10:2019,12:00:00,287,287.000000,0.000392,0.002876,0.008607,0.011096,0.007822,0.004167,0.002356,0.001930,0.002558,0.004612,0.008093,0.011912,0.016143,0.020755,0.025889,0.032739,0.039759,0.040231,0.028444,0.011748,0.002455,0.000259,0.439000,5,5,5,5,5,5,5,5,5,5,5,5,5,5,5,5,5,5,5,5,5,5,5,-25.898930,139.345960,46.500000,lev15,Almucantar
Birdsville,15:10:2019,12:00:00,288,288.000000,0.000738,0.004526,0.011463,0.013193,0.008642,0.004463,0.002614,0.002311,0.003335,0.006586,0.013086,0.021671,0.029725,0.035873,0.041839,0.048433,0.051518,0.044035,0.026499,0.010242,0.002441,0.000364,0.439000,5,5,5,5,5,5,5,5,5,5,5,5,5,5,5,5,5,5,5,5,5,5,5,-25.898930,139.345960,46.500000,lev15,Almucantar
Birdsville,16:10:2019,12:00:00,289,289.000000,0.001484,0.012923,0.033077,0.028296,0.011444,0.003749,0.001742,0.001621,0.002923,0.006958,0.013899,0.020200,0.025865,0.032487,0.041467,0.052998,0.063718,0.064777,0.047339,0.020953,0.004996,0.000614,0.439000,1,1,1,1,1,1,1,1,1,1,1,1,1,1,1,1,1,1,1,1,1,1,1,-25.898930,139.345960,46.500000,lev15,Almucantar
Birdsville,17:10:2019,12:00:00,290,290.000000,0.000725,0.004102,0.009384,0.009441,0.005354,0.002576,0.001626,0.001752,0.003171,0.007425,0.015489,0.023476,0.029219,0.033892,0.041068,0.053700,0.069064,0.075075,0.055709,0.022451,0.004311,0.000403,0.439000,2,2,2,2,2,2,2,2,2,2,2,2,2,2,2,2,2,2,2,2,2,2,2,-25.898930,139.345960,46.500000,lev15,Almucantar
Birdsville,18:10:2019,12:00:00,291,291.000000,0.000152,0.000876,0.002423,0.003476,0.003152,0.002291,0.001683,0.001489,0.001650,0.002095,0.002694,0.003415,0.004323,0.005398,0.006641,0.008121,0.009476,0.009428,0.006834,0.003090,0.000786,0.000111,0.439000,7,7,7,7,7,7,7,7,7,7,7,7,7,7,7,7,7,7,7,7,7,7,7,-25.898930,139.345960,46.500000,lev15,Almucantar
Birdsville,19:10:2019,12:00:00,292,292.000000,0.000227,0.001199,0.003436,0.005448,0.005351,0.003996,0.002903,0.002511,0.002786,0.003711,0.005232,0.007153,0.009229,0.011382,0.013705,0.015945,0.016726,0.014173,0.008734,0.003648,0.000999,0.000178,0.439000,3,3,3,3,3,3,3,3,3,3,3,3,3,3,3,3,3,3,3,3,3,3,3,-25.898930,139.345960,46.500000,lev15,Almucantar
Birdsville,20:10:2019,12:00:00,293,293.000000,0.000188,0.000819,0.002045,0.003006,0.002878,0.002158,0.001592,0.001409,0.001643,0.002384,0.003708,0.005627,0.008217,0.011235,0.014736,0.019266,0.023167,0.021781,0.013654,0.005184,0.001148,0.000148,0.439000,5,5,5,5,5,5,5,5,5,5,5,5,5,5,5,5,5,5,5,5,5,5,5,-25.898930,139.345960,46.500000,lev15,Almucantar
Birdsville,21:10:2019,12:00:00,294,294.000000,0.000107,0.000553,0.001672,0.003021,0.003489,0.002925,0.002129,0.001625,0.001466,0.001593,0.001962,0.002562,0.003421,0.004599,0.006132,0.007766,0.008587,0.007472,0.004662,0.001955,0.000533,0.000094,0.439000,2,2,2,2,2,2,2,2,2,2,2,2,2,2,2,2,2,2,2,2,2,2,2,-25.898930,139.345960,46.500000,lev15,Almucantar
Birdsville,22:10:2019,12:00:00,295,295.000000,0.000193,0.000891,0.002332,0.003559,0.003548,0.002785,0.002109,0.001829,0.002019,0.002804,0.004402,0.006990,0.010563,0.015065,0.020596,0.026468,0.029318,0.024704,0.014165,0.005143,0.001146,0.000156,0.439000,4,4,4,4,4,4,4,4,4,4,4,4,4,4,4,4,4,4,4,4,4,4,4,-25.898930,139.345960,46.500000,lev15,Almucantar
Birdsville,23:10:2019,12:00:00,296,296.000000,0.000528,0.003113,0.007696,0.009093,0.006787,0.004300,0.003055,0.002966,0.003943,0.006136,0.009501,0.013627,0.018166,0.023260,0.029375,0.035642,0.037964,0.031529,0.018421,0.007074,0.001727,0.000267,0.439000,3,3,3,3,3,3,3,3,3,3,3,3,3,3,3,3,3,3,3,3,3,3,3,-25.898930,139.345960,46.500000,lev15,Almucantar
Birdsville,24:10:2019,12:00:00,297,297.000000,0.000396,0.002528,0.006891,0.008724,0.006492,0.003903,0.002626,0.002500,0.003414,0.005452,0.008147,0.011126,0.014612,0.018553,0.022425,0.025992,0.027769,0.025066,0.017839,0.009202,0.002844,0.000448,0.439000,4,4,4,4,4,4,4,4,4,4,4,4,4,4,4,4,4,4,4,4,4,4,4,-25.898930,139.345960,46.500000,lev15,Almucantar
Birdsville,25:10:2019,12:00:00,298,298.000000,0.000315,0.001679,0.004703,0.007167,0.006610,0.004528,0.003053,0.002619,0.003140,0.004775,0.007709,0.011672,0.016136,0.021232,0.027898,0.036041,0.041435,0.036712,0.021992,0.008192,0.001835,0.000248,0.439000,2,2,2,2,2,2,2,2,2,2,2,2,2,2,2,2,2,2,2,2,2,2,2,-25.898930,139.345960,46.500000,lev15,Almucantar
Birdsville,26:10:2019,12:00:00,299,299.000000,0.000541,0.002463,0.005209,0.005594,0.003877,0.002492,0.002075,0.002521,0.003853,0.005901,0.008576,0.012805,0.019419,0.026241,0.031386,0.034419,0.033961,0.027392,0.016059,0.006298,0.001588,0.000254,0.439000,1,1,1,1,1,1,1,1,1,1,1,1,1,1,1,1,1,1,1,1,1,1,1,-25.898930,139.345960,46.500000,lev15,Almucantar
Birdsville,28:10:2019,12:00:00,301,301.000000,0.000237,0.000802,0.001881,0.003106,0.003794,0.003733,0.003335,0.003092,0.003307,0.004208,0.006029,0.008958,0.012855,0.017318,0.021950,0.025946,0.027122,0.022762,0.013815,0.005596,0.001446,0.000234,0.439000,1,1,1,1,1,1,1,1,1,1,1,1,1,1,1,1,1,1,1,1,1,1,1,-25.898930,139.345960,46.500000,lev15,Almucantar
Birdsville,30:10:2019,12:00:00,303,303.000000,0.000204,0.001451,0.004783,0.007663,0.006841,0.004423,0.002888,0.002544,0.003291,0.005209,0.007649,0.009677,0.010745,0.010349,0.009233,0.008521,0.008167,0.007215,0.005018,0.002434,0.000773,0.000157,0.439000,1,1,1,1,1,1,1,1,1,1,1,1,1,1,1,1,1,1,1,1,1,1,1,-25.898930,139.345960,46.500000,lev15,Almucantar
Birdsville,31:10:2019,12:00:00,304,304.000000,0.000255,0.001661,0.004930,0.006905,0.005770,0.003937,0.002573,0.001734,0.001531,0.001940,0.002634,0.002641,0.002191,0.001903,0.001611,0.001325,0.001077,0.000843,0.000597,0.000361,0.000181,0.000076,0.439000,4,4,4,4,4,4,4,4,4,4,4,4,4,4,4,4,4,4,4,4,4,4,4,-25.898930,139.345960,46.500000,lev15,Almucantar
Birdsville,01:11:2019,12:00:00,305,305.000000,0.000204,0.001339,0.004115,0.006259,0.005539,0.003669,0.002346,0.001863,0.002082,0.002904,0.003984,0.004866,0.005872,0.007253,0.009138,0.011802,0.014549,0.014852,0.010533,0.004446,0.001066,0.000168,0.439000,6,6,6,6,6,6,6,6,6,6,6,6,6,6,6,6,6,6,6,6,6,6,6,-25.898930,139.345960,46.500000,lev15,Almucantar
Birdsville,02:11:2019,12:00:00,306,306.000000,0.000278,0.001351,0.003642,0.005657,0.005633,0.004323,0.003199,0.002738,0.002918,0.003787,0.005614,0.008836,0.013602,0.019467,0.025673,0.030467,0.030757,0.024398,0.013992,0.005426,0.001367,0.000221,0.439000,1,1,1,1,1,1,1,1,1,1,1,1,1,1,1,1,1,1,1,1,1,1,1,-25.898930,139.345960,46.500000,lev15,Almucantar
Birdsville,04:11:2019,12:00:00,308,308.000000,0.000311,0.001233,0.002398,0.002469,0.001656,0.000994,0.000738,0.000842,0.001508,0.003371,0.006582,0.009810,0.012304,0.014444,0.016713,0.020734,0.028058,0.036091,0.033819,0.017100,0.003734,0.000323,0.439000,1,1,1,1,1,1,1,1,1,1,1,1,1,1,1,1,1,1,1,1,1,1,1,-25.898930,139.345960,46.500000,lev15,Almucantar
Birdsville,12:11:2019,12:00:00,316,316.000000,0.000326,0.001303,0.003083,0.004467,0.004404,0.003550,0.002920,0.002925,0.003763,0.005729,0.008936,0.012830,0.016615,0.020303,0.024616,0.029632,0.032875,0.029486,0.018674,0.007575,0.001869,0.000276,0.439000,1,1,1,1,1,1,1,1,1,1,1,1,1,1,1,1,1,1,1,1,1,1,1,-25.898930,139.345960,46.500000,lev15,Almucantar
Birdsville,13:11:2019,12:00:00,317,317.000000,0.002412,0.006700,0.008025,0.005114,0.002634,0.001633,0.001575,0.002557,0.005870,0.013623,0.026886,0.047098,0.071622,0.084415,0.085652,0.082633,0.067616,0.041559,0.018780,0.006495,0.001800,0.000416,0.439000,2,2,2,2,2,2,2,2,2,2,2,2,2,2,2,2,2,2,2,2,2,2,2,-25.898930,139.345960,46.500000,lev15,Almucantar
Birdsville,14:11:2019,12:00:00,318,318.000000,0.000099,0.000421,0.001119,0.001897,0.002225,0.002056,0.001737,0.001526,0.001514,0.001731,0.002211,0.002994,0.004076,0.005413,0.006920,0.008315,0.008942,0.007847,0.004943,0.002013,0.000514,0.000087,0.439000,3,3,3,3,3,3,3,3,3,3,3,3,3,3,3,3,3,3,3,3,3,3,3,-25.898930,139.345960,46.500000,lev15,Almucantar
Birdsville,18:12:2019,12:00:00,352,352.000000,0.000462,0.004694,0.016684,0.022673,0.015196,0.006930,0.003071,0.001863,0.001846,0.002757,0.004848,0.008157,0.012352,0.017068,0.023399,0.033002,0.042243,0.040406,0.025029,0.009181,0.001897,0.000222,0.439000,9,9,9,9,9,9,9,9,9,9,9,9,9,9,9,9,9,9,9,9,9,9,9,-25.898930,139.345960,46.500000,lev15,Almucantar
Birdsville,19:12:2019,12:00:00,353,353.000000,0.000422,0.004382,0.019381,0.036574,0.032098,0.015806,0.006689,0.003976,0.003927,0.005487,0.008308,0.012638,0.018779,0.024798,0.030572,0.039208,0.048916,0.047637,0.028638,0.009843,0.002127,0.000315,0.439000,4,4,4,4,4,4,4,4,4,4,4,4,4,4,4,4,4,4,4,4,4,4,4,-25.898930,139.345960,46.500000,lev15,Almucantar
Birdsville,20:12:2019,12:00:00,354,354.000000,0.000361,0.002547,0.008941,0.015995,0.015894,0.010664,0.006460,0.004603,0.004397,0.005454,0.007659,0.010753,0.014358,0.018356,0.023011,0.027957,0.030558,0.026734,0.016701,0.006886,0.001806,0.000300,0.439000,2,2,2,2,2,2,2,2,2,2,2,2,2,2,2,2,2,2,2,2,2,2,2,-25.898930,139.345960,46.500000,lev15,Almucantar
Birdsville,21:12:2019,12:00:00,355,355.000000,0.000525,0.004095,0.021121,0.059372,0.086525,0.062939,0.025875,0.010227,0.005764,0.005144,0.006423,0.009226,0.012300,0.014188,0.015677,0.018226,0.021070,0.020204,0.013914,0.006633,0.002188,0.000499,0.548600,5,5,5,5,5,5,5,5,5,5,5,5,5,5,5,5,5,5,5,5,5,5,5,-25.898930,139.345960,46.500000,lev15,Almucantar
Birdsville,22:12:2019,12:00:00,356,356.000000,0.000588,0.005814,0.026675,0.068005,0.111430,0.088926,0.032378,0.011477,0.006874,0.006568,0.007773,0.010643,0.015403,0.020272,0.023725,0.026951,0.030835,0.030385,0.022075,0.010663,0.003155,0.000570,0.512875,8,8,8,8,8,8,8,8,8,8,8,8,8,8,8,8,8,8,8,8,8,8,8,-25.898930,139.345960,46.500000,lev15,Almucantar
Birdsville,23:12:2019,12:00:00,357,357.000000,0.000879,0.009104,0.036661,0.059221,0.052114,0.029638,0.012399,0.006486,0.006432,0.011209,0.023064,0.043619,0.068998,0.084330,0.098116,0.123916,0.142298,0.112711,0.055126,0.017908,0.004297,0.000801,0.439000,7,7,7,7,7,7,7,7,7,7,7,7,7,7,7,7,7,7,7,7,7,7,7,-25.898930,139.345960,46.500000,lev15,Almucantar
Birdsville,24:12:2019,12:00:00,358,358.000000,0.000647,0.006660,0.026094,0.042320,0.042040,0.032956,0.018529,0.009766,0.007998,0.011793,0.022488,0.039094,0.057537,0.068575,0.077195,0.091211,0.096369,0.072253,0.035340,0.012083,0.003182,0.000683,0.439000,4,4,4,4,4,4,4,4,4,4,4,4,4,4,4,4,4,4,4,4,4,4,4,-25.898930,139.345960,46.500000,lev15,Almucantar
Birdsville,25:12:2019,12:00:00,359,359.000000,0.000610,0.003293,0.012341,0.028786,0.038669,0.028049,0.012661,0.006309,0.005521,0.008395,0.015762,0.027220,0.038077,0.044642,0.051946,0.064644,0.076605,0.070053,0.042235,0.015650,0.003489,0.000470,0.439000,3,3,3,3,3,3,3,3,3,3,3,3,3,3,3,3,3,3,3,3,3,3,3,-25.898930,139.345960,46.500000,lev15,Almucantar
Birdsville,26:12:2019,12:00:00,360,360.000000,0.000277,0.002892,0.013631,0.029607,0.037756,0.028556,0.012416,0.005404,0.003859,0.004754,0.007592,0.011894,0.016453,0.020654,0.026716,0.037126,0.048007,0.046555,0.029365,0.011309,0.002599,0.000363,0.439000,3,3,3,3,3,3,3,3,3,3,3,3,3,3,3,3,3,3,3,3,3,3,3,-25.898930,139.345960,46.500000,lev15,Almucantar
Birdsville,27:12:2019,12:00:00,361,361.000000,0.000280,0.002876,0.015664,0.033228,0.034352,0.024689,0.014780,0.008321,0.005170,0.004085,0.004308,0.005728,0.008549,0.012839,0.018363,0.024424,0.028157,0.025266,0.015940,0.006567,0.001703,0.000280,0.612000,5,5,5,5,5,5,5,5,5,5,5,5,5,5,5,5,5,5,5,5,5,5,5,-25.898930,139.345960,46.500000,lev15,Almucantar
Birdsville,28:12:2019,12:00:00,362,362.000000,0.000162,0.001307,0.005515,0.012064,0.015244,0.012093,0.006451,0.003279,0.002442,0.002829,0.003817,0.004738,0.005602,0.006789,0.008362,0.010798,0.013915,0.015073,0.011321,0.005040,0.001219,0.000162,0.439000,5,5,5,5,5,5,5,5,5,5,5,5,5,5,5,5,5,5,5,5,5,5,5,-25.898930,139.345960,46.500000,lev15,Almucantar
Birdsville,29:12:2019,12:00:00,363,363.000000,0.000321,0.002316,0.008723,0.017558,0.021500,0.016477,0.008097,0.004085,0.003431,0.004445,0.005797,0.006993,0.008889,0.011234,0.013070,0.016241,0.021312,0.024749,0.020245,0.009333,0.002097,0.000235,0.439000,4,4,4,4,4,4,4,4,4,4,4,4,4,4,4,4,4,4,4,4,4,4,4,-25.898930,139.345960,46.500000,lev15,Almucantar
Birdsville,30:12:2019,12:00:00,364,364.000000,0.000224,0.001782,0.006542,0.011611,0.011089,0.006682,0.003332,0.002128,0.002290,0.003465,0.004892,0.005902,0.007126,0.009124,0.011289,0.014483,0.018894,0.021481,0.017062,0.007683,0.001704,0.000180,0.439000,4,4,4,4,4,4,4,4,4,4,4,4,4,4,4,4,4,4,4,4,4,4,4,-25.898930,139.345960,46.500000,lev15,Almucantar
Birdsville,31:12:2019,12:00:00,365,365.000000,0.001173,0.006823,0.018688,0.024818,0.018749,0.010774,0.006446,0.005087,0.005972,0.009990,0.018803,0.032846,0.052448,0.071741,0.089957,0.113821,0.126011,0.100450,0.053490,0.018703,0.004207,0.000628,0.439000,3,3,3,3,3,3,3,3,3,3,3,3,3,3,3,3,3,3,3,3,3,3,3,-25.898930,139.345960,46.500000,lev15,Almucantar
Birdsville,01:01:2020,12:00:00,1,1.000000,0.006521,0.023260,0.033083,0.021854,0.010029,0.005335,0.004633,0.006724,0.012628,0.022329,0.035450,0.063284,0.129407,0.213191,0.245727,0.243667,0.197970,0.118163,0.050398,0.016082,0.004066,0.000854,0.439000,8,8,8,8,8,8,8,8,8,8,8,8,8,8,8,8,8,8,8,8,8,8,8,-25.898930,139.345960,46.500000,lev15,Almucantar
Birdsville,02:01:2020,12:00:00,2,2.000000,0.000736,0.005185,0.013997,0.016158,0.010451,0.005468,0.003292,0.002941,0.004047,0.006952,0.011616,0.017899,0.026061,0.033274,0.039449,0.048405,0.055698,0.050447,0.031395,0.012129,0.002719,0.000353,0.439000,8,8,8,8,8,8,8,8,8,8,8,8,8,8,8,8,8,8,8,8,8,8,8,-25.898930,139.345960,46.500000,lev15,Almucantar
Birdsville,03:01:2020,12:00:00,3,3.000000,0.001451,0.007931,0.015949,0.013353,0.006771,0.003389,0.002385,0.002704,0.004602,0.009093,0.015971,0.025904,0.040760,0.049627,0.053254,0.063111,0.074112,0.067100,0.039372,0.014101,0.003048,0.000399,0.439000,4,4,4,4,4,4,4,4,4,4,4,4,4,4,4,4,4,4,4,4,4,4,4,-25.898930,139.345960,46.500000,lev15,Almucantar
Birdsville,04:01:2020,12:00:00,4,4.000000,0.000535,0.002902,0.008348,0.013193,0.012534,0.008423,0.005187,0.003856,0.004012,0.005656,0.009060,0.014198,0.021051,0.029243,0.038602,0.049713,0.060343,0.061128,0.043944,0.019083,0.004444,0.000531,0.439000,2,2,2,2,2,2,2,2,2,2,2,2,2,2,2,2,2,2,2,2,2,2,2,-25.898930,139.345960,46.500000,lev15,Almucantar
Birdsville,05:01:2020,12:00:00,5,5.000000,0.001894,0.009700,0.019907,0.020147,0.014255,0.008504,0.005136,0.004433,0.006069,0.009970,0.015766,0.026923,0.053829,0.086944,0.094682,0.098092,0.091776,0.065140,0.032461,0.011091,0.002556,0.000411,0.439000,5,5,5,5,5,5,5,5,5,5,5,5,5,5,5,5,5,5,5,5,5,5,5,-25.898930,139.345960,46.500000,lev15,Almucantar
Birdsville,07:01:2020,12:00:00,7,7.000000,0.001098,0.003834,0.009801,0.019792,0.034414,0.050179,0.052848,0.037030,0.023248,0.018985,0.023725,0.041101,0.077122,0.127771,0.171882,0.183229,0.146543,0.088440,0.042775,0.017032,0.005330,0.001251,0.606000,6,6,6,6,6,6,6,6,6,6,6,6,6,6,6,6,6,6,6,6,6,6,6,-25.898930,139.345960,46.500000,lev15,Almucantar
Birdsville,08:01:2020,12:00:00,8,8.000000,0.000593,0.002182,0.005702,0.010827,0.016460,0.020806,0.019797,0.013850,0.009368,0.008377,0.010965,0.019030,0.036039,0.058795,0.075092,0.077704,0.068584,0.051706,0.029262,0.011179,0.002981,0.000704,0.548600,5,5,5,5,5,5,5,5,5,5,5,5,5,5,5,5,5,5,5,5,5,5,5,-25.898930,139.345960,46.500000,lev15,Almucantar
Birdsville,09:01:2020,12:00:00,9,9.000000,0.000232,0.001440,0.004942,0.009564,0.011093,0.008754,0.005711,0.003804,0.003006,0.002987,0.003542,0.004495,0.005767,0.007660,0.010628,0.014652,0.018138,0.017666,0.011958,0.005171,0.001369,0.000219,0.507500,2,2,2,2,2,2,2,2,2,2,2,2,2,2,2,2,2,2,2,2,2,2,2,-25.898930,139.345960,46.500000,lev15,Almucantar
Birdsville,10:01:2020,12:00:00,10,10.000000,0.000271,0.001416,0.004604,0.009411,0.012687,0.012260,0.009094,0.005681,0.003888,0.003480,0.004052,0.005595,0.008230,0.012009,0.017713,0.025736,0.032534,0.030521,0.018831,0.007254,0.001699,0.000239,0.558875,8,8,8,8,8,8,8,8,8,8,8,8,8,8,8,8,8,8,8,8,8,8,8,-25.898930,139.345960,46.500000,lev15,Almucantar
Birdsville,12:01:2020,12:00:00,12,12.000000,0.005137,0.010309,0.011827,0.008905,0.005952,0.004723,0.005157,0.007656,0.013193,0.022494,0.038630,0.073809,0.143439,0.208488,0.217734,0.199778,0.161654,0.109420,0.058094,0.021477,0.005122,0.000947,0.439000,5,5,5,5,5,5,5,5,5,5,5,5,5,5,5,5,5,5,5,5,5,5,5,-25.898930,139.345960,46.500000,lev15,Almucantar
Birdsville,13:01:2020,12:00:00,13,13.000000,0.001162,0.004046,0.006283,0.005157,0.003077,0.001890,0.001579,0.002052,0.003876,0.008499,0.017503,0.031153,0.046276,0.053012,0.049515,0.041071,0.030162,0.018602,0.009126,0.003524,0.001112,0.000316,0.439000,4,4,4,4,4,4,4,4,4,4,4,4,4,4,4,4,4,4,4,4,4,4,4,-25.898930,139.345960,46.500000,lev15,Almucantar
Birdsville,14:01:2020,12:00:00,14,14.000000,0.002012,0.007835,0.012185,0.009351,0.005923,0.004598,0.004225,0.004437,0.005938,0.010303,0.019347,0.035369,0.060040,0.084673,0.099451,0.100999,0.084053,0.053869,0.025479,0.008770,0.002277,0.000491,0.439000,2,2,2,2,2,2,2,2,2,2,2,2,2,2,2,2,2,2,2,2,2,2,2,-25.898930,139.345960,46.500000,lev15,Almucantar
Birdsville,15:01:2020,12:00:00,15,15.000000,0.001477,0.006819,0.015526,0.016481,0.010066,0.005155,0.003152,0.002944,0.004362,0.008581,0.017670,0.033294,0.054452,0.073528,0.097986,0.137657,0.166389,0.139390,0.072994,0.022837,0.004229,0.000507,0.439000,7,7,7,7,7,7,7,7,7,7,7,7,7,7,7,7,7,7,7,7,7,7,7,-25.898930,139.345960,46.500000,lev15,Almucantar
Birdsville,17:01:2020,12:00:00,17,17.000000,0.004051,0.011795,0.017176,0.015033,0.011130,0.009046,0.008274,0.009107,0.013252,0.019444,0.026060,0.039918,0.071740,0.126595,0.155319,0.140143,0.106927,0.070513,0.034733,0.011824,0.002848,0.000580,0.439000,8,8,8,8,8,8,8,8,8,8,8,8,8,8,8,8,8,8,8,8,8,8,8,-25.898930,139.345960,46.500000,lev15,Almucantar
Birdsville,18:01:2020,12:00:00,18,18.000000,0.000386,0.001413,0.003007,0.003952,0.003816,0.003379,0.003088,0.002869,0.003044,0.004255,0.006805,0.010336,0.014414,0.018386,0.022419,0.027659,0.032663,0.032298,0.022077,0.008694,0.001798,0.000214,0.439000,7,7,7,7,7,7,7,7,7,7,7,7,7,7,7,7,7,7,7,7,7,7,7,-25.898930,139.345960,46.500000,lev15,Almucantar
Birdsville,19:01:2020,12:00:00,19,19.000000,0.000339,0.001261,0.003050,0.004940,0.005786,0.005484,0.004740,0.004289,0.004592,0.005932,0.008720,0.013810,0.018761,0.020184,0.023122,0.031543,0.047265,0.061336,0.054147,0.026533,0.005814,0.000509,0.439000,3,3,3,3,3,3,3,3,3,3,3,3,3,3,3,3,3,3,3,3,3,3,3,-25.898930,139.345960,46.500000,lev15,Almucantar
Birdsville,20:01:2020,12:00:00,20,20.000000,0.000207,0.000683,0.001668,0.003059,0.004435,0.005210,0.004775,0.003671,0.003225,0.003865,0.005586,0.008463,0.012064,0.014367,0.016244,0.019685,0.024972,0.027926,0.021910,0.009667,0.002104,0.000234,0.439000,7,7,7,7,7,7,7,7,7,7,7,7,7,7,7,7,7,7,7,7,7,7,7,-25.898930,139.345960,46.500000,lev15,Almucantar
Birdsville,08:09:2020,12:00:00,252,252.000000,0.000196,0.001137,0.003183,0.004593,0.004097,0.002937,0.002164,0.001925,0.002137,0.002663,0.003207,0.003825,0.004994,0.006457,0.007590,0.009115,0.010940,0.011502,0.008842,0.004223,0.001119,0.000157,0.439000,9,9,9,9,9,9,9,9,9,9,9,9,9,9,9,9,9,9,9,9,9,9,9,-25.898930,139.345960,46.500000,lev15,Almucantar
Birdsville,09:09:2020,12:00:00,253,253.000000,0.000206,0.001292,0.003619,0.004940,0.004122,0.002795,0.001992,0.001773,0.002042,0.002684,0.003348,0.003958,0.005068,0.006704,0.008100,0.009501,0.010843,0.010785,0.007921,0.003686,0.000983,0.000145,0.439000,11,11,11,11,11,11,11,11,11,11,11,11,11,11,11,11,11,11,11,11,11,11,11,-25.898930,139.345960,46.500000,lev15,Almucantar
Birdsville,10:09:2020,12:00:00,254,254.000000,0.000216,0.001454,0.004464,0.006623,0.005711,0.003742,0.002449,0.001990,0.002166,0.002859,0.003753,0.004652,0.005902,0.007613,0.009259,0.011040,0.012622,0.012475,0.009167,0.004281,0.001128,0.000160,0.439000,12,12,12,12,12,12,12,12,12,12,12,12,12,12,12,12,12,12,12,12,12,12,12,-25.898930,139.345960,46.500000,lev15,Almucantar
Birdsville,11:09:2020,12:00:00,255,255.000000,0.000129,0.000822,0.002597,0.004261,0.004242,0.003232,0.002287,0.001728,0.001626,0.001929,0.002458,0.003010,0.003612,0.004249,0.004835,0.005485,0.006021,0.005833,0.004384,0.002235,0.000686,0.000120,0.439000,11,11,11,11,11,11,11,11,11,11,11,11,11,11,11,11,11,11,11,11,11,11,11,-25.898930,139.345960,46.500000,lev15,Almucantar
Birdsville,12:09:2020,12:00:00,256,256.000000,0.000137,0.000848,0.002511,0.003784,0.003486,0.002549,0.001840,0.001445,0.001286,0.001311,0.001459,0.001746,0.002242,0.002942,0.003848,0.005071,0.006358,0.006710,0.005100,0.002412,0.000641,0.000091,0.509091,11,11,11,11,11,11,11,11,11,11,11,11,11,11,11,11,11,11,11,11,11,11,11,-25.898930,139.345960,46.500000,lev15,Almucantar
Birdsville,13:09:2020,12:00:00,257,257.000000,0.000154,0.000967,0.002969,0.004675,0.004513,0.003433,0.002524,0.002016,0.001905,0.002151,0.002656,0.003359,0.004254,0.005292,0.006494,0.008015,0.009460,0.009390,0.006703,0.003008,0.000777,0.000112,0.451455,11,11,11,11,11,11,11,11,11,11,11,11,11,11,11,11,11,11,11,11,11,11,11,-25.898930,139.345960,46.500000,lev15,Almucantar
Birdsville,14:09:2020,12:00:00,258,258.000000,0.000238,0.001489,0.004343,0.006415,0.005926,0.004365,0.003054,0.002330,0.002162,0.002483,0.003222,0.004198,0.005198,0.006140,0.007137,0.008352,0.009454,0.009413,0.007216,0.003583,0.000993,0.000150,0.439000,5,5,5,5,5,5,5,5,5,5,5,5,5,5,5,5,5,5,5,5,5,5,5,-25.898930,139.345960,46.500000,lev15,Almucantar
Birdsville,15:09:2020,12:00:00,259,259.000000,0.000149,0.000856,0.002575,0.004292,0.004627,0.003930,0.003148,0.002649,0.002475,0.002632,0.002904,0.003247,0.003862,0.004735,0.005671,0.006782,0.007795,0.007741,0.005848,0.002932,0.000864,0.000141,0.508125,8,8,8,8,8,8,8,8,8,8,8,8,8,8,8,8,8,8,8,8,8,8,8,-25.898930,139.345960,46.500000,lev15,Almucantar
Birdsville,16:09:2020,12:00:00,260,260.000000,0.000212,0.001361,0.004046,0.005933,0.005245,0.003681,0.002612,0.002218,0.002389,0.002958,0.003502,0.003917,0.004718,0.005928,0.006814,0.007668,0.008659,0.009006,0.007315,0.003842,0.001129,0.000176,0.439000,5,5,5,5,5,5,5,5,5,5,5,5,5,5,5,5,5,5,5,5,5,5,5,-25.898930,139.345960,46.500000,lev15,Almucantar
Birdsville,17:09:2020,12:00:00,261,261.000000,0.000175,0.001135,0.003467,0.005243,0.004623,0.003125,0.002208,0.001997,0.002285,0.002880,0.003549,0.004158,0.004803,0.005615,0.006604,0.007547,0.007824,0.006674,0.004249,0.001886,0.000564,0.000112,0.439000,2,2,2,2,2,2,2,2,2,2,2,2,2,2,2,2,2,2,2,2,2,2,2,-25.898930,139.345960,46.500000,lev15,Almucantar
Birdsville,19:09:2020,12:00:00,263,263.000000,0.000198,0.001138,0.003274,0.005048,0.004940,0.003742,0.002570,0.001886,0.001785,0.002250,0.003107,0.004017,0.004966,0.006022,0.007075,0.008617,0.010955,0.012859,0.011143,0.005611,0.001399,0.000168,0.439000,7,7,7,7,7,7,7,7,7,7,7,7,7,7,7,7,7,7,7,7,7,7,7,-25.898930,139.345960,46.500000,lev15,Almucantar
Birdsville,20:09:2020,12:00:00,264,264.000000,0.000214,0.001353,0.003985,0.005806,0.005071,0.003403,0.002208,0.001698,0.001741,0.002273,0.003143,0.004020,0.005044,0.006533,0.008545,0.011374,0.014655,0.016028,0.012765,0.006404,0.001743,0.000233,0.439000,11,11,11,11,11,11,11,11,11,11,11,11,11,11,11,11,11,11,11,11,11,11,11,-25.898930,139.345960,46.500000,lev15,Almucantar
Birdsville,22:09:2020,12:00:00,266,266.000000,0.000290,0.001460,0.003980,0.006183,0.006250,0.004682,0.002995,0.002147,0.002173,0.003013,0.004475,0.005963,0.007587,0.009921,0.012401,0.015488,0.018810,0.019941,0.015803,0.007796,0.001997,0.000244,0.439000,11,11,11,11,11,11,11,11,11,11,11,11,11,11,11,11,11,11,11,11,11,11,11,-25.898930,139.345960,46.500000,lev15,Almucantar
Birdsville,23:09:2020,12:00:00,267,267.000000,0.000127,0.000773,0.002655,0.005307,0.006688,0.005772,0.003878,0.002584,0.002177,0.002346,0.002696,0.003050,0.003465,0.003727,0.003824,0.003978,0.004208,0.004093,0.003142,0.001671,0.000570,0.000123,0.501273,11,11,11,11,11,11,11,11,11,11,11,11,11,11,11,11,11,11,11,11,11,11,11,-25.898930,139.345960,46.500000,lev15,Almucantar
Birdsville,24:09:2020,12:00:00,268,268.000000,0.000127,0.000872,0.003327,0.007195,0.009263,0.007667,0.004735,0.002775,0.001951,0.001818,0.002052,0.002445,0.002832,0.002964,0.002828,0.002539,0.002180,0.001739,0.001213,0.000697,0.000319,0.000117,0.536857,7,7,7,7,7,7,7,7,7,7,7,7,7,7,7,7,7,7,7,7,7,7,7,-25.898930,139.345960,46.500000,lev15,Almucantar
Birdsville,25:09:2020,12:00:00,269,269.000000,0.000195,0.001030,0.003311,0.006475,0.008020,0.006611,0.004173,0.002745,0.002405,0.002846,0.003874,0.005449,0.007562,0.010045,0.013310,0.018119,0.023396,0.024627,0.017683,0.007258,0.001533,0.000171,0.439000,6,6,6,6,6,6,6,6,6,6,6,6,6,6,6,6,6,6,6,6,6,6,6,-25.898930,139.345960,46.500000,lev15,Almucantar
Birdsville,26:09:2020,12:00:00,270,270.000000,0.000233,0.001268,0.003816,0.006584,0.007002,0.005139,0.003130,0.002120,0.002106,0.003239,0.006085,0.009925,0.013227,0.016697,0.020872,0.025837,0.029927,0.028569,0.019205,0.007879,0.001807,0.000230,0.439000,11,11,11,11,11,11,11,11,11,11,11,11,11,11,11,11,11,11,11,11,11,11,11,-25.898930,139.345960,46.500000,lev15,Almucantar
Birdsville,27:09:2020,12:00:00,271,271.000000,0.000116,0.000735,0.002466,0.004611,0.005363,0.004410,0.002965,0.001983,0.001576,0.001587,0.001862,0.002267,0.002756,0.003272,0.003723,0.004081,0.004185,0.003709,0.002564,0.001265,0.000421,0.000093,0.507500,10,10,10,10,10,10,10,10,10,10,10,10,10,10,10,10,10,10,10,10,10,10,10,-25.898930,139.345960,46.500000,lev15,Almucantar
Birdsville,28:09:2020,12:00:00,272,272.000000,0.000132,0.000770,0.002407,0.004121,0.004310,0.003289,0.002279,0.001792,0.001778,0.002119,0.002701,0.003484,0.004495,0.005718,0.007140,0.008780,0.010198,0.010061,0.007338,0.003426,0.000913,0.000133,0.439000,10,10,10,10,10,10,10,10,10,10,10,10,10,10,10,10,10,10,10,10,10,10,10,-25.898930,139.345960,46.500000,lev15,Almucantar
Birdsville,30:09:2020,12:00:00,274,274.000000,0.000125,0.000870,0.003263,0.006651,0.007976,0.006158,0.003505,0.002020,0.001611,0.001840,0.002454,0.003154,0.003883,0.004550,0.005006,0.005273,0.005301,0.004852,0.003624,0.001897,0.000618,0.000127,0.484400,10,10,10,10,10,10,10,10,10,10,10,10,10,10,10,10,10,10,10,10,10,10,10,-25.898930,139.345960,46.500000,lev15,Almucantar
Birdsville,01:10:2020,12:00:00,275,275.000000,0.000184,0.001242,0.004207,0.007608,0.008433,0.006530,0.004069,0.002555,0.001979,0.001955,0.002152,0.002312,0.002440,0.002556,0.002696,0.002958,0.003254,0.003214,0.002458,0.001305,0.000462,0.000110,0.512769,13,13,13,13,13,13,13,13,13,13,13,13,13,13,13,13,13,13,13,13,13,13,13,-25.898930,139.345960,46.500000,lev15,Almucantar
Birdsville,02:10:2020,12:00:00,276,276.000000,0.000204,0.001615,0.005267,0.007956,0.007223,0.005106,0.003338,0.002283,0.001846,0.001835,0.002099,0.002554,0.003098,0.003614,0.004152,0.004791,0.005300,0.005017,0.003559,0.001725,0.000548,0.000115,0.561500,10,10,10,10,10,10,10,10,10,10,10,10,10,10,10,10,10,10,10,10,10,10,10,-25.898930,139.345960,46.500000,lev15,Almucantar
Birdsville,03:10:2020,12:00:00,277,277.000000,0.000231,0.001704,0.005205,0.007098,0.005634,0.003655,0.002524,0.002132,0.002271,0.002814,0.003483,0.004315,0.005614,0.006941,0.008046,0.009716,0.011672,0.011793,0.008451,0.003769,0.000975,0.000146,0.439000,10,10,10,10,10,10,10,10,10,10,10,10,10,10,10,10,10,10,10,10,10,10,10,-25.898930,139.345960,46.500000,lev15,Almucantar
Birdsville,04:10:2020,12:00:00,278,278.000000,0.000259,0.001677,0.005300,0.008437,0.007932,0.005519,0.003650,0.002851,0.002895,0.003597,0.004764,0.006304,0.008262,0.010575,0.013681,0.018187,0.023435,0.025104,0.018416,0.007869,0.001785,0.000212,0.439000,9,9,9,9,9,9,9,9,9,9,9,9,9,9,9,9,9,9,9,9,9,9,9,-25.898930,139.345960,46.500000,lev15,Almucantar
Birdsville,27:11:2020,12:00:00,332,332.000000,0.000189,0.001310,0.003891,0.005371,0.004231,0.002594,0.001718,0.001504,0.001725,0.002244,0.002884,0.003525,0.004305,0.005525,0.007530,0.010671,0.014320,0.015588,0.011543,0.004931,0.001093,0.000122,0.439000,6,6,6,6,6,6,6,6,6,6,6,6,6,6,6,6,6,6,6,6,6,6,6,-25.898930,139.345960,46.500000,lev15,Almucantar
Birdsville,28:11:2020,12:00:00,333,333.000000,0.000392,0.003726,0.011790,0.012723,0.007031,0.003383,0.002045,0.001837,0.002352,0.003475,0.004792,0.006068,0.007615,0.009741,0.012772,0.016755,0.021161,0.023344,0.018902,0.009379,0.002399,0.000282,0.439000,7,7,7,7,7,7,7,7,7,7,7,7,7,7,7,7,7,7,7,7,7,7,7,-25.898930,139.345960,46.500000,lev15,Almucantar
Birdsville,29:11:2020,12:00:00,334,334.000000,0.000260,0.002252,0.007296,0.009532,0.006392,0.003325,0.002035,0.001839,0.002340,0.003305,0.004225,0.005093,0.006417,0.008322,0.010299,0.013018,0.016418,0.018150,0.014478,0.006566,0.001428,0.000151,0.439000,5,5,5,5,5,5,5,5,5,5,5,5,5,5,5,5,5,5,5,5,5,5,5,-25.898930,139.345960,46.500000,lev15,Almucantar
Birdsville,30:11:2020,12:00:00,335,335.000000,0.000281,0.001843,0.004870,0.005767,0.004004,0.002379,0.001698,0.001693,0.002210,0.003191,0.004433,0.005768,0.007398,0.009462,0.011906,0.015305,0.019703,0.022168,0.017235,0.007367,0.001576,0.000176,0.439000,9,9,9,9,9,9,9,9,9,9,9,9,9,9,9,9,9,9,9,9,9,9,9,-25.898930,139.345960,46.500000,lev15,Almucantar
Birdsville,01:12:2020,12:00:00,336,336.000000,0.001429,0.005255,0.007920,0.005852,0.003104,0.001786,0.001458,0.001768,0.002919,0.005595,0.010573,0.018786,0.030541,0.041783,0.049785,0.057556,0.060779,0.049363,0.027621,0.009954,0.002156,0.000283,0.439000,9,9,9,9,9,9,9,9,9,9,9,9,9,9,9,9,9,9,9,9,9,9,9,-25.898930,139.345960,46.500000,lev15,Almucantar
Birdsville,02:12:2020,12:00:00,337,337.000000,0.000462,0.001532,0.002990,0.003575,0.003081,0.002452,0.002296,0.002953,0.005165,0.009714,0.014922,0.019268,0.023992,0.031754,0.044533,0.059962,0.067725,0.056390,0.031217,0.010753,0.002260,0.000301,0.439000,2,2,2,2,2,2,2,2,2,2,2,2,2,2,2,2,2,2,2,2,2,2,2,-25.898930,139.345960,46.500000,lev15,Almucantar
Birdsville,03:12:2020,12:00:00,338,338.000000,0.000431,0.002101,0.004786,0.005490,0.004091,0.002803,0.002320,0.002534,0.003455,0.005007,0.006800,0.009052,0.012468,0.016450,0.020491,0.025357,0.029407,0.027506,0.017819,0.007171,0.001680,0.000224,0.439000,7,7,7,7,7,7,7,7,7,7,7,7,7,7,7,7,7,7,7,7,7,7,7,-25.898930,139.345960,46.500000,lev15,Almucantar
Birdsville,04:12:2020,12:00:00,339,339.000000,0.000429,0.002368,0.006131,0.007943,0.006146,0.003783,0.002575,0.002486,0.003503,0.005811,0.008603,0.010615,0.012604,0.015916,0.021474,0.029928,0.039700,0.042858,0.030997,0.012813,0.002766,0.000302,0.439000,1,1,1,1,1,1,1,1,1,1,1,1,1,1,1,1,1,1,1,1,1,1,1,-25.898930,139.345960,46.500000,lev15,Almucantar
Birdsville,05:12:2020,12:00:00,340,340.000000,0.000294,0.002429,0.008169,0.011906,0.008994,0.004816,0.002708,0.002193,0.002700,0.004107,0.005959,0.007519,0.008767,0.010133,0.012025,0.014751,0.017688,0.018020,0.013044,0.005804,0.001466,0.000205,0.439000,1,1,1,1,1,1,1,1,1,1,1,1,1,1,1,1,1,1,1,1,1,1,1,-25.898930,139.345960,46.500000,lev15,Almucantar
Birdsville,08:12:2020,12:00:00,343,343.000000,0.000131,0.000533,0.001325,0.002093,0.002339,0.002176,0.001997,0.002037,0.002367,0.002961,0.003734,0.004613,0.005574,0.006659,0.008053,0.009913,0.011523,0.010922,0.007254,0.003026,0.000749,0.000108,0.439000,5,5,5,5,5,5,5,5,5,5,5,5,5,5,5,5,5,5,5,5,5,5,5,-25.898930,139.345960,46.500000,lev15,Almucantar
Birdsville,09:12:2020,12:00:00,344,344.000000,0.000132,0.000443,0.001072,0.001891,0.002508,0.002653,0.002482,0.002353,0.002521,0.003154,0.004296,0.005649,0.006654,0.007097,0.007264,0.007543,0.007800,0.007185,0.005039,0.002396,0.000728,0.000139,0.439000,1,1,1,1,1,1,1,1,1,1,1,1,1,1,1,1,1,1,1,1,1,1,1,-25.898930,139.345960,46.500000,lev15,Almucantar
Birdsville,11:12:2020,12:00:00,346,346.000000,0.000161,0.000639,0.001460,0.002006,0.001891,0.001525,0.001333,0.001427,0.001780,0.002304,0.002906,0.003604,0.004620,0.006325,0.009142,0.013810,0.020404,0.024913,0.019828,0.008322,0.001632,0.000144,0.439000,4,4,4,4,4,4,4,4,4,4,4,4,4,4,4,4,4,4,4,4,4,4,4,-25.898930,139.345960,46.500000,lev15,Almucantar
Birdsville,14:12:2020,12:00:00,349,349.000000,0.000186,0.001189,0.003326,0.004402,0.003409,0.002138,0.001487,0.001381,0.001708,0.002416,0.003274,0.004037,0.004888,0.006102,0.007514,0.008737,0.009146,0.007864,0.004976,0.002131,0.000592,0.000105,0.439000,1,1,1,1,1,1,1,1,1,1,1,1,1,1,1,1,1,1,1,1,1,1,1,-25.898930,139.345960,46.500000,lev15,Almucantar
