AERONET Data Download (Version 3 Direct Sun and Inversion Algorithms)
AERONET Version 3
Birdsville
Version 3: Almucantar Level 1.5 Inversion
The following data are cloud cleared and quality controls have been applied but these data may not have final calibration applied.  These data may change.
Daily Averages,Contact: PI=Ian_Lau; PI Email=ian.lau@csiro.au 
AERONET_AERONET_Site,Date(dd:mm:yyyy),Time(hh:mm:ss),Day_of_Year,Day_of_Year(fraction),AOD_Extinction-Total[440nm],AOD_Extinction-Total[675nm],AOD_Extinction-Total[870nm],AOD_Extinction-Total[1020nm],AOD_Extinction-Fine[440nm],AOD_Extinction-Fine[675nm],AOD_Extinction-Fine[870nm],AOD_Extinction-Fine[1020nm],AOD_Extinction-Coarse[440nm],AOD_Extinction-Coarse[675nm],AOD_Extinction-Coarse[870nm],AOD_Extinction-Coarse[1020nm],Extinction_Angstrom_Exponent_440-870nm-Total,N[AOD_Extinction-Total[440nm]],N[AOD_Extinction-Total[675nm]],N[AOD_Extinction-Total[870nm]],N[AOD_Extinction-Total[1020nm]],N[AOD_Extinction-Fine[440nm]],N[AOD_Extinction-Fine[675nm]],N[AOD_Extinction-Fine[870nm]],N[AOD_Extinction-Fine[1020nm]],N[AOD_Extinction-Coarse[440nm]],N[AOD_Extinction-Coarse[675nm]],N[AOD_Extinction-Coarse[870nm]],N[AOD_Extinction-Coarse[1020nm]],N[Extinction_Angstrom_Exponent_440-870nm-Total],Latitude(Degrees),Longitude(Degrees),Elevation(m),Level,Retrieval_Measurement_Scan_Type
Birdsville,01:01:2019,12:00:00,1,1.000000,0.130250,0.082350,0.070700,0.065450,0.090500,0.038600,0.023750,0.017000,0.039750,0.043800,0.046950,0.048500,0.915279,2,2,2,2,2,2,2,2,2,2,2,2,2,-25.898930,139.345960,46.500000,lev15,Almucantar
Birdsville,02:01:2019,12:00:00,2,2.000000,0.114000,0.082500,0.071300,0.066300,0.073500,0.038200,0.024000,0.017500,0.040500,0.044200,0.047300,0.048800,0.696455,1,1,1,1,1,1,1,1,1,1,1,1,1,-25.898930,139.345960,46.500000,lev15,Almucantar
Birdsville,03:01:2019,12:00:00,3,3.000000,0.124300,0.096000,0.088700,0.085600,0.063900,0.029600,0.018300,0.013100,0.060400,0.066400,0.070500,0.072500,0.507121,1,1,1,1,1,1,1,1,1,1,1,1,1,-25.898930,139.345960,46.500000,lev15,Almucantar
Birdsville,04:01:2019,12:00:00,4,4.000000,0.105800,0.081750,0.076700,0.074500,0.050600,0.021650,0.013150,0.009400,0.055200,0.060100,0.063550,0.065150,0.486232,2,2,2,2,2,2,2,2,2,2,2,2,2,-25.898930,139.345960,46.500000,lev15,Almucantar
Birdsville,08:01:2019,12:00:00,8,8.000000,0.116300,0.100750,0.097800,0.096750,0.039100,0.018000,0.011100,0.008050,0.077200,0.082750,0.086700,0.088750,0.267876,2,2,2,2,2,2,2,2,2,2,2,2,2,-25.898930,139.345960,46.500000,lev15,Almucantar
Birdsville,09:01:2019,12:00:00,9,9.000000,0.156267,0.143800,0.142167,0.141233,0.041967,0.020367,0.012800,0.009500,0.114300,0.123433,0.129367,0.131733,0.164188,3,3,3,3,3,3,3,3,3,3,3,3,3,-25.898930,139.345960,46.500000,lev15,Almucantar
Birdsville,10:01:2019,12:00:00,10,10.000000,0.158300,0.135633,0.132467,0.131667,0.052900,0.022333,0.013167,0.009367,0.105400,0.113333,0.119267,0.122300,0.272767,3,3,3,3,3,3,3,3,3,3,3,3,3,-25.898930,139.345960,46.500000,lev15,Almucantar
Birdsville,11:01:2019,12:00:00,11,11.000000,0.085625,0.068125,0.063475,0.061600,0.041175,0.020125,0.012500,0.009150,0.044500,0.048025,0.050975,0.052450,0.454588,4,4,4,4,4,4,4,4,4,4,4,4,4,-25.898930,139.345960,46.500000,lev15,Almucantar
Birdsville,12:01:2019,12:00:00,12,12.000000,0.385200,0.307850,0.293700,0.289600,0.137250,0.047700,0.024800,0.016600,0.247950,0.260100,0.268950,0.273050,0.411844,2,2,2,2,2,2,2,2,2,2,2,2,2,-25.898930,139.345960,46.500000,lev15,Almucantar
Birdsville,13:01:2019,12:00:00,13,13.000000,0.122950,0.092800,0.085600,0.082850,0.059550,0.024950,0.014450,0.010100,0.063450,0.067850,0.071200,0.072750,0.545145,2,2,2,2,2,2,2,2,2,2,2,2,2,-25.898930,139.345960,46.500000,lev15,Almucantar
Birdsville,14:01:2019,12:00:00,14,14.000000,0.101967,0.079800,0.073200,0.070500,0.049733,0.023833,0.014467,0.010433,0.052233,0.055967,0.058767,0.060100,0.499460,3,3,3,3,3,3,3,3,3,3,3,3,3,-25.898930,139.345960,46.500000,lev15,Almucantar
Birdsville,15:01:2019,12:00:00,15,15.000000,0.076900,0.055667,0.049667,0.047100,0.045567,0.021400,0.013233,0.009667,0.031267,0.034200,0.036400,0.037433,0.653069,3,3,3,3,3,3,3,3,3,3,3,3,3,-25.898930,139.345960,46.500000,lev15,Almucantar
Birdsville,16:01:2019,12:00:00,16,16.000000,0.076100,0.052450,0.045700,0.042900,0.048600,0.022550,0.013850,0.010200,0.027450,0.029900,0.031800,0.032700,0.761873,2,2,2,2,2,2,2,2,2,2,2,2,2,-25.898930,139.345960,46.500000,lev15,Almucantar
Birdsville,17:01:2019,12:00:00,17,17.000000,0.114900,0.083900,0.076033,0.072833,0.062200,0.027100,0.016133,0.011467,0.052733,0.056867,0.059900,0.061333,0.619920,3,3,3,3,3,3,3,3,3,3,3,3,3,-25.898930,139.345960,46.500000,lev15,Almucantar
Birdsville,19:01:2019,12:00:00,19,19.000000,0.092667,0.067467,0.060767,0.057900,0.052367,0.023700,0.014500,0.010500,0.040267,0.043733,0.046233,0.047367,0.636217,3,3,3,3,3,3,3,3,3,3,3,3,3,-25.898930,139.345960,46.500000,lev15,Almucantar
Birdsville,20:01:2019,12:00:00,20,20.000000,0.206700,0.184033,0.182600,0.182667,0.057933,0.024800,0.015267,0.011233,0.148767,0.159200,0.167400,0.171433,0.204715,3,3,3,3,3,3,3,3,3,3,3,3,3,-25.898930,139.345960,46.500000,lev15,Almucantar
Birdsville,21:01:2019,12:00:00,21,21.000000,0.103500,0.066350,0.055350,0.050900,0.072000,0.032300,0.019100,0.013650,0.031500,0.034050,0.036200,0.037300,0.932085,2,2,2,2,2,2,2,2,2,2,2,2,2,-25.898930,139.345960,46.500000,lev15,Almucantar
Birdsville,23:01:2019,12:00:00,23,23.000000,0.143500,0.103433,0.092933,0.089200,0.079800,0.034933,0.020333,0.014433,0.063700,0.068500,0.072600,0.074800,0.651645,3,3,3,3,3,3,3,3,3,3,3,3,3,-25.898930,139.345960,46.500000,lev15,Almucantar
Birdsville,24:01:2019,12:00:00,24,24.000000,0.126450,0.099500,0.092100,0.089200,0.060650,0.028700,0.017450,0.012600,0.065800,0.070800,0.074650,0.076550,0.475766,2,2,2,2,2,2,2,2,2,2,2,2,2,-25.898930,139.345960,46.500000,lev15,Almucantar
Birdsville,05:02:2019,12:00:00,36,36.000000,0.067700,0.048300,0.042200,0.039700,0.042000,0.020200,0.012200,0.008800,0.025700,0.028100,0.030000,0.030900,0.704385,1,1,1,1,1,1,1,1,1,1,1,1,1,-25.898930,139.345960,46.500000,lev15,Almucantar
Birdsville,08:02:2019,12:00:00,39,39.000000,0.200650,0.183450,0.182250,0.182350,0.053300,0.025050,0.015400,0.011200,0.147350,0.158400,0.166850,0.171100,0.148618,2,2,2,2,2,2,2,2,2,2,2,2,2,-25.898930,139.345960,46.500000,lev15,Almucantar
Birdsville,09:02:2019,12:00:00,40,40.000000,0.137400,0.123100,0.122300,0.122300,0.038067,0.015900,0.009600,0.007233,0.099367,0.107200,0.112700,0.115100,0.228210,3,3,3,3,3,3,3,3,3,3,3,3,3,-25.898930,139.345960,46.500000,lev15,Almucantar
Birdsville,10:02:2019,12:00:00,41,41.000000,0.072925,0.066925,0.065975,0.065550,0.022300,0.012325,0.008275,0.006325,0.050600,0.054600,0.057675,0.059250,0.176877,4,4,4,4,4,4,4,4,4,4,4,4,4,-25.898930,139.345960,46.500000,lev15,Almucantar
Birdsville,11:02:2019,12:00:00,42,42.000000,0.035667,0.028633,0.025467,0.023833,0.021300,0.012700,0.008567,0.006567,0.014433,0.015933,0.016867,0.017267,0.529831,3,3,3,3,3,3,3,3,3,3,3,3,3,-25.898930,139.345960,46.500000,lev15,Almucantar
Birdsville,12:02:2019,12:00:00,43,43.000000,0.117533,0.095533,0.089833,0.087400,0.051700,0.024733,0.015533,0.011433,0.065833,0.070733,0.074300,0.075967,0.656688,3,3,3,3,3,3,3,3,3,3,3,3,3,-25.898930,139.345960,46.500000,lev15,Almucantar
Birdsville,13:02:2019,12:00:00,44,44.000000,0.227450,0.221650,0.225500,0.227150,0.038000,0.017550,0.011000,0.008200,0.189400,0.204100,0.214500,0.218900,0.017696,2,2,2,2,2,2,2,2,2,2,2,2,2,-25.898930,139.345960,46.500000,lev15,Almucantar
Birdsville,14:02:2019,12:00:00,45,45.000000,0.069900,0.065450,0.064100,0.063300,0.020400,0.012400,0.008400,0.006450,0.049550,0.053000,0.055700,0.056900,0.127004,2,2,2,2,2,2,2,2,2,2,2,2,2,-25.898930,139.345960,46.500000,lev15,Almucantar
Birdsville,15:02:2019,12:00:00,46,46.000000,0.065800,0.057975,0.055450,0.054200,0.023825,0.013050,0.008425,0.006275,0.041975,0.044950,0.047000,0.047975,0.294056,4,4,4,4,4,4,4,4,4,4,4,4,4,-25.898930,139.345960,46.500000,lev15,Almucantar
Birdsville,16:02:2019,12:00:00,47,47.000000,0.149200,0.103840,0.090360,0.085120,0.087660,0.038120,0.021560,0.014960,0.061520,0.065720,0.068780,0.070200,0.746565,5,5,5,5,5,5,5,5,5,5,5,5,5,-25.898930,139.345960,46.500000,lev15,Almucantar
Birdsville,17:02:2019,12:00:00,48,48.000000,0.117250,0.091783,0.085317,0.082850,0.054050,0.024017,0.014250,0.010150,0.063250,0.067783,0.071083,0.072700,0.479404,6,6,6,6,6,6,6,6,6,6,6,6,6,-25.898930,139.345960,46.500000,lev15,Almucantar
Birdsville,18:02:2019,12:00:00,49,49.000000,0.210833,0.129667,0.101733,0.089967,0.156833,0.071850,0.041300,0.028350,0.054033,0.057817,0.060467,0.061700,1.072868,6,6,6,6,6,6,6,6,6,6,6,6,6,-25.898930,139.345960,46.500000,lev15,Almucantar
Birdsville,19:02:2019,12:00:00,50,50.000000,0.215500,0.183900,0.177950,0.175817,0.076133,0.033183,0.019567,0.014050,0.139367,0.150717,0.158383,0.161783,0.306592,6,6,6,6,6,6,6,6,6,6,6,6,6,-25.898930,139.345960,46.500000,lev15,Almucantar
Birdsville,20:02:2019,12:00:00,51,51.000000,0.093967,0.070100,0.061883,0.058033,0.056217,0.028950,0.018300,0.013450,0.037750,0.041150,0.043567,0.044600,0.625224,6,6,6,6,6,6,6,6,6,6,6,6,6,-25.898930,139.345960,46.500000,lev15,Almucantar
Birdsville,21:02:2019,12:00:00,52,52.000000,0.054000,0.043571,0.040029,0.038357,0.026957,0.014329,0.009186,0.006886,0.027043,0.029271,0.030829,0.031486,0.468117,7,7,7,7,7,7,7,7,7,7,7,7,7,-25.898930,139.345960,46.500000,lev15,Almucantar
Birdsville,23:02:2019,12:00:00,54,54.000000,0.100600,0.080600,0.074800,0.072500,0.045400,0.021600,0.013100,0.009500,0.055200,0.059000,0.061800,0.063000,0.444062,1,1,1,1,1,1,1,1,1,1,1,1,1,-25.898930,139.345960,46.500000,lev15,Almucantar
Birdsville,25:02:2019,12:00:00,56,56.000000,0.118000,0.081700,0.071500,0.067600,0.071700,0.031600,0.018300,0.013000,0.046300,0.050100,0.053200,0.054600,0.748989,1,1,1,1,1,1,1,1,1,1,1,1,1,-25.898930,139.345960,46.500000,lev15,Almucantar
Birdsville,26:02:2019,12:00:00,57,57.000000,0.074840,0.056980,0.053040,0.051220,0.040080,0.018420,0.011720,0.008760,0.034800,0.038580,0.041320,0.042460,0.519746,5,5,5,5,5,5,5,5,5,5,5,5,5,-25.898930,139.345960,46.500000,lev15,Almucantar
Birdsville,27:02:2019,12:00:00,58,58.000000,0.076583,0.056083,0.051200,0.048883,0.045150,0.020667,0.012933,0.009667,0.031417,0.035417,0.038267,0.039233,0.606333,6,6,6,6,6,6,6,6,6,6,6,6,6,-25.898930,139.345960,46.500000,lev15,Almucantar
Birdsville,07:10:2019,12:00:00,280,280.000000,0.113187,0.064588,0.048612,0.041763,0.090925,0.040450,0.023300,0.015900,0.022275,0.024113,0.025300,0.025863,1.258611,8,8,8,8,8,8,8,8,8,8,8,8,8,-25.898930,139.345960,46.500000,lev15,Almucantar
Birdsville,08:10:2019,12:00:00,281,281.000000,0.245287,0.216913,0.212325,0.211275,0.068712,0.028925,0.016063,0.011100,0.176575,0.188000,0.196288,0.200163,0.384293,8,8,8,8,8,8,8,8,8,8,8,8,8,-25.898930,139.345960,46.500000,lev15,Almucantar
Birdsville,09:10:2019,12:00:00,282,282.000000,0.081114,0.058643,0.050871,0.047614,0.047943,0.023143,0.013686,0.009671,0.033200,0.035514,0.037157,0.037957,0.692565,7,7,7,7,7,7,7,7,7,7,7,7,7,-25.898930,139.345960,46.500000,lev15,Almucantar
Birdsville,10:10:2019,12:00:00,283,283.000000,0.062375,0.035450,0.026088,0.021737,0.053025,0.025237,0.015288,0.010700,0.009363,0.010250,0.010800,0.011012,1.283779,8,8,8,8,8,8,8,8,8,8,8,8,8,-25.898930,139.345960,46.500000,lev15,Almucantar
Birdsville,11:10:2019,12:00:00,284,284.000000,0.086400,0.047344,0.033900,0.027856,0.074756,0.034567,0.020478,0.014122,0.011667,0.012778,0.013433,0.013733,1.380965,9,9,9,9,9,9,9,9,9,9,9,9,9,-25.898930,139.345960,46.500000,lev15,Almucantar
Birdsville,12:10:2019,12:00:00,285,285.000000,0.098878,0.063189,0.051956,0.046944,0.070078,0.031933,0.019067,0.013278,0.028833,0.031244,0.032900,0.033644,0.957261,9,9,9,9,9,9,9,9,9,9,9,9,9,-25.898930,139.345960,46.500000,lev15,Almucantar
Birdsville,13:10:2019,12:00:00,286,286.000000,0.413100,0.379120,0.374480,0.372520,0.095940,0.043440,0.025920,0.018520,0.317160,0.335660,0.348560,0.354000,0.274466,5,5,5,5,5,5,5,5,5,5,5,5,5,-25.898930,139.345960,46.500000,lev15,Almucantar
Birdsville,14:10:2019,12:00:00,287,287.000000,0.142560,0.096140,0.083360,0.077740,0.087580,0.037080,0.021580,0.014520,0.055000,0.059100,0.061760,0.063180,0.803767,5,5,5,5,5,5,5,5,5,5,5,5,5,-25.898930,139.345960,46.500000,lev15,Almucantar
Birdsville,15:10:2019,12:00:00,288,288.000000,0.185700,0.130380,0.116280,0.111360,0.103240,0.041920,0.023260,0.015840,0.082480,0.088480,0.093040,0.095560,0.703088,5,5,5,5,5,5,5,5,5,5,5,5,5,-25.898930,139.345960,46.500000,lev15,Almucantar
Birdsville,16:10:2019,12:00:00,289,289.000000,0.212300,0.148600,0.129700,0.122000,0.122600,0.052600,0.030000,0.020100,0.089600,0.096000,0.099700,0.101900,0.735517,1,1,1,1,1,1,1,1,1,1,1,1,1,-25.898930,139.345960,46.500000,lev15,Almucantar
Birdsville,17:10:2019,12:00:00,290,290.000000,0.176050,0.134200,0.125700,0.123200,0.080150,0.031650,0.017700,0.012450,0.095950,0.102600,0.108000,0.110800,0.512070,2,2,2,2,2,2,2,2,2,2,2,2,2,-25.898930,139.345960,46.500000,lev15,Almucantar
Birdsville,18:10:2019,12:00:00,291,291.000000,0.055957,0.036986,0.030286,0.027071,0.040343,0.019929,0.012286,0.008686,0.015629,0.017043,0.017971,0.018386,0.914586,7,7,7,7,7,7,7,7,7,7,7,7,7,-25.898930,139.345960,46.500000,lev15,Almucantar
Birdsville,19:10:2019,12:00:00,292,292.000000,0.100500,0.066933,0.054900,0.049767,0.071100,0.035033,0.021133,0.015167,0.029400,0.031900,0.033767,0.034667,0.895663,3,3,3,3,3,3,3,3,3,3,3,3,3,-25.898930,139.345960,46.500000,lev15,Almucantar
Birdsville,20:10:2019,12:00:00,293,293.000000,0.067280,0.049520,0.043460,0.040820,0.038440,0.018620,0.011120,0.007860,0.028820,0.030900,0.032320,0.032980,0.657439,5,5,5,5,5,5,5,5,5,5,5,5,5,-25.898930,139.345960,46.500000,lev15,Almucantar
Birdsville,21:10:2019,12:00:00,294,294.000000,0.057550,0.036550,0.028250,0.024550,0.045000,0.022950,0.013850,0.009850,0.012450,0.013600,0.014350,0.014700,1.046557,2,2,2,2,2,2,2,2,2,2,2,2,2,-25.898930,139.345960,46.500000,lev15,Almucantar
Birdsville,22:10:2019,12:00:00,295,295.000000,0.084150,0.062000,0.054150,0.050875,0.048575,0.023975,0.014300,0.010200,0.035600,0.038050,0.039850,0.040700,0.655346,4,4,4,4,4,4,4,4,4,4,4,4,4,-25.898930,139.345960,46.500000,lev15,Almucantar
Birdsville,23:10:2019,12:00:00,296,296.000000,0.155200,0.107133,0.092733,0.087000,0.095733,0.042867,0.024967,0.017667,0.059433,0.064267,0.067733,0.069367,0.770232,3,3,3,3,3,3,3,3,3,3,3,3,3,-25.898930,139.345960,46.500000,lev15,Almucantar
Birdsville,24:10:2019,12:00:00,297,297.000000,0.133525,0.090625,0.077450,0.072125,0.085400,0.038475,0.022400,0.015750,0.048150,0.052125,0.055025,0.056425,0.813439,4,4,4,4,4,4,4,4,4,4,4,4,4,-25.898930,139.345960,46.500000,lev15,Almucantar
Birdsville,25:10:2019,12:00:00,298,298.000000,0.139550,0.098200,0.084650,0.079150,0.084850,0.039450,0.023050,0.016200,0.054750,0.058750,0.061650,0.062950,0.743933,2,2,2,2,2,2,2,2,2,2,2,2,2,-25.898930,139.345960,46.500000,lev15,Almucantar
Birdsville,26:10:2019,12:00:00,299,299.000000,0.121300,0.093500,0.085400,0.081900,0.062100,0.029400,0.018000,0.013100,0.059200,0.064100,0.067300,0.068700,0.525324,1,1,1,1,1,1,1,1,1,1,1,1,1,-25.898930,139.345960,46.500000,lev15,Almucantar
Birdsville,28:10:2019,12:00:00,301,301.000000,0.100700,0.077900,0.068100,0.063500,0.058800,0.032600,0.020500,0.014900,0.041900,0.045300,0.047600,0.048600,0.577343,1,1,1,1,1,1,1,1,1,1,1,1,1,-25.898930,139.345960,46.500000,lev15,Almucantar
Birdsville,30:10:2019,12:00:00,303,303.000000,0.098900,0.064400,0.053800,0.049600,0.070700,0.032900,0.019900,0.014800,0.028200,0.031500,0.033800,0.034800,0.905850,1,1,1,1,1,1,1,1,1,1,1,1,1,-25.898930,139.345960,46.500000,lev15,Almucantar
Birdsville,31:10:2019,12:00:00,304,304.000000,0.068900,0.037325,0.027200,0.022125,0.060975,0.028250,0.017550,0.012275,0.007925,0.009075,0.009700,0.009875,1.366344,4,4,4,4,4,4,4,4,4,4,4,4,4,-25.898930,139.345960,46.500000,lev15,Almucantar
Birdsville,01:11:2019,12:00:00,305,305.000000,0.092517,0.055683,0.044133,0.038983,0.070583,0.031850,0.018950,0.013200,0.021950,0.023850,0.025183,0.025783,1.154052,6,6,6,6,6,6,6,6,6,6,6,6,6,-25.898930,139.345960,46.500000,lev15,Almucantar
Birdsville,02:11:2019,12:00:00,306,306.000000,0.119500,0.084100,0.071400,0.066100,0.075800,0.037200,0.022400,0.016100,0.043700,0.046900,0.049100,0.050000,0.763415,1,1,1,1,1,1,1,1,1,1,1,1,1,-25.898930,139.345960,46.500000,lev15,Almucantar
Birdsville,04:11:2019,12:00:00,308,308.000000,0.067600,0.056400,0.054100,0.053400,0.025700,0.011500,0.006900,0.005000,0.042000,0.044900,0.047200,0.048400,0.337401,1,1,1,1,1,1,1,1,1,1,1,1,1,-25.898930,139.345960,46.500000,lev15,Almucantar
Birdsville,12:11:2019,12:00:00,316,316.000000,0.116900,0.090000,0.080400,0.076300,0.064700,0.033600,0.020900,0.015200,0.052300,0.056400,0.059600,0.061200,0.556356,1,1,1,1,1,1,1,1,1,1,1,1,1,-25.898930,139.345960,46.500000,lev15,Almucantar
Birdsville,13:11:2019,12:00:00,317,317.000000,0.219800,0.206650,0.206800,0.207550,0.052550,0.025650,0.016200,0.011900,0.167300,0.181050,0.190650,0.195700,0.105365,2,2,2,2,2,2,2,2,2,2,2,2,2,-25.898930,139.345960,46.500000,lev15,Almucantar
Birdsville,14:11:2019,12:00:00,318,318.000000,0.045900,0.032133,0.026467,0.023900,0.032100,0.017167,0.010600,0.007600,0.013767,0.015000,0.015933,0.016267,0.811405,3,3,3,3,3,3,3,3,3,3,3,3,3,-25.898930,139.345960,46.500000,lev15,Almucantar
Birdsville,18:12:2019,12:00:00,352,352.000000,0.198900,0.107144,0.081278,0.070800,0.154244,0.059622,0.031889,0.020467,0.044689,0.047578,0.049400,0.050311,1.323226,9,9,9,9,9,9,9,9,9,9,9,9,9,-25.898930,139.345960,46.500000,lev15,Almucantar
Birdsville,19:12:2019,12:00:00,353,353.000000,0.332800,0.176575,0.129650,0.109425,0.271725,0.110850,0.060925,0.039075,0.061075,0.065725,0.068775,0.070325,1.394777,4,4,4,4,4,4,4,4,4,4,4,4,4,-25.898930,139.345960,46.500000,lev15,Almucantar
Birdsville,20:12:2019,12:00:00,354,354.000000,0.234050,0.135950,0.102350,0.088850,0.186500,0.084400,0.047950,0.033150,0.047600,0.051550,0.054400,0.055750,1.220916,2,2,2,2,2,2,2,2,2,2,2,2,2,-25.898930,139.345960,46.500000,lev15,Almucantar
Birdsville,21:12:2019,12:00:00,355,355.000000,0.611080,0.294300,0.183260,0.133480,0.579440,0.260260,0.147200,0.096100,0.031640,0.034080,0.036100,0.037380,1.761556,5,5,5,5,5,5,5,5,5,5,5,5,5,-25.898930,139.345960,46.500000,lev15,Almucantar
Birdsville,22:12:2019,12:00:00,356,356.000000,0.871412,0.410325,0.247637,0.178163,0.827937,0.363312,0.198000,0.127088,0.043500,0.047038,0.049650,0.051075,1.819088,8,8,8,8,8,8,8,8,8,8,8,8,8,-25.898930,139.345960,46.500000,lev15,Almucantar
Birdsville,23:12:2019,12:00:00,357,357.000000,0.591814,0.374300,0.303986,0.273029,0.406400,0.176171,0.097443,0.061443,0.185443,0.198157,0.206543,0.211614,0.986658,7,7,7,7,7,7,7,7,7,7,7,7,7,-25.898930,139.345960,46.500000,lev15,Almucantar
Birdsville,24:12:2019,12:00:00,358,358.000000,0.588125,0.367400,0.285825,0.248450,0.434025,0.202100,0.112600,0.070350,0.154100,0.165300,0.173225,0.178125,1.063670,4,4,4,4,4,4,4,4,4,4,4,4,4,-25.898930,139.345960,46.500000,lev15,Almucantar
Birdsville,25:12:2019,12:00:00,359,359.000000,0.452000,0.269167,0.206333,0.179300,0.344000,0.153333,0.085133,0.054900,0.108000,0.115867,0.121233,0.124367,1.157838,3,3,3,3,3,3,3,3,3,3,3,3,3,-25.898930,139.345960,46.500000,lev15,Almucantar
Birdsville,26:12:2019,12:00:00,360,360.000000,0.394133,0.213700,0.149333,0.120000,0.337667,0.153200,0.086167,0.055433,0.056467,0.060500,0.063167,0.064567,1.418628,3,3,3,3,3,3,3,3,3,3,3,3,3,-25.898930,139.345960,46.500000,lev15,Almucantar
Birdsville,27:12:2019,12:00:00,361,361.000000,0.288200,0.152540,0.103900,0.082660,0.260200,0.122940,0.072880,0.050700,0.028000,0.029620,0.031080,0.031960,1.493250,5,5,5,5,5,5,5,5,5,5,5,5,5,-25.898930,139.345960,46.500000,lev15,Almucantar
Birdsville,28:12:2019,12:00:00,362,362.000000,0.152400,0.082660,0.058540,0.047300,0.130600,0.058640,0.033440,0.021840,0.021800,0.024000,0.025100,0.025460,1.411944,5,5,5,5,5,5,5,5,5,5,5,5,5,-25.898930,139.345960,46.500000,lev15,Almucantar
Birdsville,29:12:2019,12:00:00,363,363.000000,0.238050,0.124600,0.087475,0.070325,0.205850,0.089150,0.049975,0.031975,0.032275,0.035475,0.037525,0.038350,1.475542,4,4,4,4,4,4,4,4,4,4,4,4,4,-25.898930,139.345960,46.500000,lev15,Almucantar
Birdsville,30:12:2019,12:00:00,364,364.000000,0.136700,0.077300,0.058750,0.050275,0.109000,0.047175,0.026975,0.017700,0.027675,0.030125,0.031775,0.032600,1.254939,4,4,4,4,4,4,4,4,4,4,4,4,4,-25.898930,139.345960,46.500000,lev15,Almucantar
Birdsville,31:12:2019,12:00:00,365,365.000000,0.372500,0.262500,0.228100,0.215233,0.212567,0.091800,0.049333,0.032400,0.159933,0.170700,0.178767,0.182833,0.896532,3,3,3,3,3,3,3,3,3,3,3,3,3,-25.898930,139.345960,46.500000,lev15,Almucantar
Birdsville,01:01:2020,12:00:00,1,1.000000,0.519038,0.451850,0.435325,0.428638,0.167388,0.075075,0.042238,0.029050,0.351662,0.376775,0.393100,0.399600,0.272931,8,8,8,8,8,8,8,8,8,8,8,8,8,-25.898930,139.345960,46.500000,lev15,Almucantar
Birdsville,02:01:2020,12:00:00,2,2.000000,0.203250,0.139813,0.121050,0.113150,0.122175,0.052675,0.029775,0.019825,0.081075,0.087150,0.091250,0.093325,0.770840,8,8,8,8,8,8,8,8,8,8,8,8,8,-25.898930,139.345960,46.500000,lev15,Almucantar
Birdsville,03:01:2020,12:00:00,3,3.000000,0.210500,0.163100,0.150675,0.146225,0.097475,0.041850,0.023400,0.016075,0.113025,0.121300,0.127300,0.130175,0.502420,4,4,4,4,4,4,4,4,4,4,4,4,4,-25.898930,139.345960,46.500000,lev15,Almucantar
Birdsville,04:01:2020,12:00:00,4,4.000000,0.225200,0.145600,0.119700,0.109550,0.152100,0.067550,0.038000,0.026150,0.073100,0.078050,0.081750,0.083450,0.937953,2,2,2,2,2,2,2,2,2,2,2,2,2,-25.898930,139.345960,46.500000,lev15,Almucantar
Birdsville,05:01:2020,12:00:00,5,5.000000,0.313480,0.232880,0.206660,0.196220,0.164800,0.073480,0.040380,0.027240,0.148680,0.159420,0.166280,0.168980,0.941332,5,5,5,5,5,5,5,5,5,5,5,5,5,-25.898930,139.345960,46.500000,lev15,Almucantar
Birdsville,07:01:2020,12:00:00,7,7.000000,0.889600,0.641617,0.505500,0.436400,0.673767,0.415000,0.269167,0.193817,0.215900,0.226617,0.236350,0.242600,0.822705,6,6,6,6,6,6,6,6,6,6,6,6,6,-25.898930,139.345960,46.500000,lev15,Almucantar
Birdsville,08:01:2020,12:00:00,8,8.000000,0.368000,0.261460,0.208840,0.181120,0.270340,0.158820,0.101640,0.070820,0.097640,0.102620,0.107220,0.110300,0.893667,5,5,5,5,5,5,5,5,5,5,5,5,5,-25.898930,139.345960,46.500000,lev15,Almucantar
Birdsville,09:01:2020,12:00:00,9,9.000000,0.153050,0.089800,0.064250,0.053600,0.131350,0.066500,0.039650,0.028300,0.021700,0.023250,0.024600,0.025300,1.268267,2,2,2,2,2,2,2,2,2,2,2,2,2,-25.898930,139.345960,46.500000,lev15,Almucantar
Birdsville,10:01:2020,12:00:00,10,10.000000,0.191813,0.116138,0.085488,0.071050,0.162213,0.085100,0.053038,0.037687,0.029612,0.031025,0.032450,0.033362,1.190204,8,8,8,8,8,8,8,8,8,8,8,8,8,-25.898930,139.345960,46.500000,lev15,Almucantar
Birdsville,12:01:2020,12:00:00,12,12.000000,0.466500,0.433940,0.427200,0.423240,0.122720,0.065280,0.040620,0.029260,0.343800,0.368700,0.386620,0.394000,0.138071,5,5,5,5,5,5,5,5,5,5,5,5,5,-25.898930,139.345960,46.500000,lev15,Almucantar
Birdsville,13:01:2020,12:00:00,13,13.000000,0.146950,0.132400,0.129950,0.129300,0.045175,0.022150,0.013650,0.010000,0.101775,0.110275,0.116275,0.119350,0.188634,4,4,4,4,4,4,4,4,4,4,4,4,4,-25.898930,139.345960,46.500000,lev15,Almucantar
Birdsville,14:01:2020,12:00:00,14,14.000000,0.253150,0.214450,0.203550,0.199350,0.099550,0.049250,0.029650,0.021300,0.153600,0.165200,0.173850,0.178050,0.408925,2,2,2,2,2,2,2,2,2,2,2,2,2,-25.898930,139.345960,46.500000,lev15,Almucantar
Birdsville,15:01:2020,12:00:00,15,15.000000,0.297114,0.237871,0.222129,0.216571,0.121971,0.052471,0.029157,0.019900,0.175186,0.185429,0.192971,0.196700,0.457488,7,7,7,7,7,7,7,7,7,7,7,7,7,-25.898930,139.345960,46.500000,lev15,Almucantar
Birdsville,17:01:2020,12:00:00,17,17.000000,0.382050,0.325562,0.299650,0.285388,0.157750,0.083225,0.048888,0.032988,0.224263,0.242375,0.250775,0.252387,0.434307,8,8,8,8,8,8,8,8,8,8,8,8,8,-25.898930,139.345960,46.500000,lev15,Almucantar
Birdsville,18:01:2020,12:00:00,18,18.000000,0.104229,0.079900,0.071043,0.066900,0.056471,0.028200,0.017014,0.011900,0.047757,0.051714,0.054043,0.055000,0.578798,7,7,7,7,7,7,7,7,7,7,7,7,7,-25.898930,139.345960,46.500000,lev15,Almucantar
Birdsville,19:01:2020,12:00:00,19,19.000000,0.147400,0.114233,0.100767,0.094033,0.083067,0.044767,0.028133,0.019967,0.064333,0.069500,0.072633,0.074067,0.563259,3,3,3,3,3,3,3,3,3,3,3,3,3,-25.898930,139.345960,46.500000,lev15,Almucantar
Birdsville,20:01:2020,12:00:00,20,20.000000,0.109071,0.079914,0.067200,0.061000,0.071129,0.038729,0.023986,0.016914,0.037900,0.041157,0.043243,0.044114,0.712419,7,7,7,7,7,7,7,7,7,7,7,7,7,-25.898930,139.345960,46.500000,lev15,Almucantar
Birdsville,08:09:2020,12:00:00,252,252.000000,0.071844,0.045211,0.036556,0.032233,0.054100,0.025733,0.015978,0.011167,0.017744,0.019478,0.020589,0.021100,1.002138,9,9,9,9,9,9,9,9,9,9,9,9,9,-25.898930,139.345960,46.500000,lev15,Almucantar
Birdsville,09:09:2020,12:00:00,253,253.000000,0.071636,0.045009,0.036618,0.032545,0.053264,0.024873,0.015345,0.010800,0.018382,0.020145,0.021255,0.021764,0.997713,11,11,11,11,11,11,11,11,11,11,11,11,11,-25.898930,139.345960,46.500000,lev15,Almucantar
Birdsville,10:09:2020,12:00:00,254,254.000000,0.089225,0.054583,0.043208,0.038042,0.068158,0.031567,0.018958,0.013233,0.021058,0.023017,0.024267,0.024808,1.072489,12,12,12,12,12,12,12,12,12,12,12,12,12,-25.898930,139.345960,46.500000,lev15,Almucantar
Birdsville,11:09:2020,12:00:00,255,255.000000,0.065936,0.039545,0.030373,0.025918,0.053418,0.025782,0.015836,0.011055,0.012527,0.013800,0.014536,0.014836,1.150251,11,11,11,11,11,11,11,11,11,11,11,11,11,-25.898930,139.345960,46.500000,lev15,Almucantar
Birdsville,12:09:2020,12:00:00,256,256.000000,0.053555,0.031245,0.023873,0.020127,0.045245,0.022255,0.014409,0.010445,0.008318,0.009009,0.009473,0.009700,1.195822,11,11,11,11,11,11,11,11,11,11,11,11,11,-25.898930,139.345960,46.500000,lev15,Almucantar
Birdsville,13:09:2020,12:00:00,257,257.000000,0.073764,0.045455,0.035345,0.030582,0.058327,0.028555,0.017573,0.012455,0.015455,0.016900,0.017773,0.018127,1.085439,11,11,11,11,11,11,11,11,11,11,11,11,11,-25.898930,139.345960,46.500000,lev15,Almucantar
Birdsville,14:09:2020,12:00:00,258,258.000000,0.092800,0.056180,0.042760,0.036580,0.074500,0.036120,0.021640,0.014980,0.018300,0.020040,0.021120,0.021600,1.142616,5,5,5,5,5,5,5,5,5,5,5,5,5,-25.898930,139.345960,46.500000,lev15,Almucantar
Birdsville,15:09:2020,12:00:00,259,259.000000,0.075863,0.048588,0.037562,0.032225,0.061787,0.033037,0.021138,0.015475,0.014075,0.015525,0.016413,0.016762,1.036727,8,8,8,8,8,8,8,8,8,8,8,8,8,-25.898930,139.345960,46.500000,lev15,Almucantar
Birdsville,16:09:2020,12:00:00,260,260.000000,0.080220,0.049820,0.039220,0.034100,0.062860,0.030600,0.018800,0.013240,0.017360,0.019220,0.020360,0.020840,1.055631,5,5,5,5,5,5,5,5,5,5,5,5,5,-25.898930,139.345960,46.500000,lev15,Almucantar
Birdsville,17:09:2020,12:00:00,261,261.000000,0.077250,0.048150,0.037800,0.033350,0.059550,0.028550,0.016900,0.012050,0.017750,0.019650,0.020800,0.021300,1.055093,2,2,2,2,2,2,2,2,2,2,2,2,2,-25.898930,139.345960,46.500000,lev15,Almucantar
Birdsville,19:09:2020,12:00:00,263,263.000000,0.079229,0.048214,0.037886,0.032943,0.061286,0.028629,0.017271,0.011943,0.017957,0.019586,0.020600,0.021014,1.146648,7,7,7,7,7,7,7,7,7,7,7,7,7,-25.898930,139.345960,46.500000,lev15,Almucantar
Birdsville,20:09:2020,12:00:00,264,264.000000,0.077082,0.048336,0.038882,0.034364,0.056918,0.026445,0.015991,0.011018,0.020191,0.021900,0.022909,0.023336,1.011305,11,11,11,11,11,11,11,11,11,11,11,11,11,-25.898930,139.345960,46.500000,lev15,Almucantar
Birdsville,22:09:2020,12:00:00,266,266.000000,0.098764,0.063473,0.051291,0.045718,0.071209,0.033636,0.019900,0.013636,0.027555,0.029855,0.031382,0.032100,0.965578,11,11,11,11,11,11,11,11,11,11,11,11,11,-25.898930,139.345960,46.500000,lev15,Almucantar
Birdsville,23:09:2020,12:00:00,267,267.000000,0.089655,0.052036,0.037973,0.031109,0.078882,0.040227,0.025364,0.018082,0.010745,0.011800,0.012618,0.013027,1.272294,11,11,11,11,11,11,11,11,11,11,11,11,11,-25.898930,139.345960,46.500000,lev15,Almucantar
Birdsville,24:09:2020,12:00:00,268,268.000000,0.107071,0.058886,0.040029,0.031486,0.099757,0.050943,0.031471,0.022600,0.007357,0.007929,0.008557,0.008871,1.440657,7,7,7,7,7,7,7,7,7,7,7,7,7,-25.898930,139.345960,46.500000,lev15,Almucantar
Birdsville,25:09:2020,12:00:00,269,269.000000,0.123950,0.076783,0.059217,0.051617,0.095067,0.045583,0.026550,0.018383,0.028883,0.031200,0.032667,0.033250,1.089478,6,6,6,6,6,6,6,6,6,6,6,6,6,-25.898930,139.345960,46.500000,lev15,Almucantar
Birdsville,26:09:2020,12:00:00,270,270.000000,0.123118,0.081864,0.068127,0.062591,0.081618,0.037518,0.021564,0.014918,0.041473,0.044364,0.046573,0.047682,0.956864,11,11,11,11,11,11,11,11,11,11,11,11,11,-25.898930,139.345960,46.500000,lev15,Almucantar
Birdsville,27:09:2020,12:00:00,271,271.000000,0.069710,0.041100,0.029850,0.024590,0.061160,0.031770,0.019930,0.014410,0.008560,0.009340,0.009910,0.010210,1.256514,10,10,10,10,10,10,10,10,10,10,10,10,10,-25.898930,139.345960,46.500000,lev15,Almucantar
Birdsville,28:09:2020,12:00:00,272,272.000000,0.068510,0.043700,0.034490,0.030360,0.052440,0.026160,0.016010,0.011470,0.016100,0.017510,0.018470,0.018890,1.013253,10,10,10,10,10,10,10,10,10,10,10,10,10,-25.898930,139.345960,46.500000,lev15,Almucantar
Birdsville,30:09:2020,12:00:00,274,274.000000,0.094140,0.053170,0.037930,0.031030,0.082190,0.040110,0.024140,0.016910,0.011950,0.013050,0.013770,0.014100,1.347144,10,10,10,10,10,10,10,10,10,10,10,10,10,-25.898930,139.345960,46.500000,lev15,Almucantar
Birdsville,01:10:2020,12:00:00,275,275.000000,0.100308,0.054723,0.037662,0.029462,0.092285,0.045915,0.028223,0.019700,0.008015,0.008815,0.009462,0.009769,1.436826,13,13,13,13,13,13,13,13,13,13,13,13,13,-25.898930,139.345960,46.500000,lev15,Almucantar
Birdsville,02:10:2020,12:00:00,276,276.000000,0.088450,0.049140,0.035110,0.028270,0.078930,0.038770,0.024120,0.016960,0.009540,0.010400,0.011010,0.011340,1.366607,10,10,10,10,10,10,10,10,10,10,10,10,10,-25.898930,139.345960,46.500000,lev15,Almucantar
Birdsville,03:10:2020,12:00:00,277,277.000000,0.088290,0.053080,0.041410,0.036020,0.069160,0.032080,0.019260,0.013310,0.019130,0.020990,0.022180,0.022700,1.117748,10,10,10,10,10,10,10,10,10,10,10,10,10,-25.898930,139.345960,46.500000,lev15,Almucantar
Birdsville,04:10:2020,12:00:00,278,278.000000,0.125911,0.078189,0.061633,0.054156,0.095356,0.045111,0.026767,0.018511,0.030578,0.033078,0.034844,0.035656,1.071939,9,9,9,9,9,9,9,9,9,9,9,9,9,-25.898930,139.345960,46.500000,lev15,Almucantar
Birdsville,27:11:2020,12:00:00,332,332.000000,0.071117,0.043083,0.034450,0.030667,0.053450,0.023883,0.014250,0.010000,0.017667,0.019200,0.020250,0.020650,1.075041,6,6,6,6,6,6,6,6,6,6,6,6,6,-25.898930,139.345960,46.500000,lev15,Almucantar
Birdsville,28:11:2020,12:00:00,333,333.000000,0.104086,0.063957,0.052486,0.047029,0.074929,0.032357,0.019271,0.013114,0.029157,0.031600,0.033186,0.033957,1.013689,7,7,7,7,7,7,7,7,7,7,7,7,7,-25.898930,139.345960,46.500000,lev15,Almucantar
Birdsville,29:11:2020,12:00:00,334,334.000000,0.102140,0.059240,0.047200,0.041780,0.077600,0.032440,0.018980,0.012980,0.024540,0.026800,0.028220,0.028840,1.149363,5,5,5,5,5,5,5,5,5,5,5,5,5,-25.898930,139.345960,46.500000,lev15,Almucantar
Birdsville,30:11:2020,12:00:00,335,335.000000,0.082200,0.053344,0.045278,0.041656,0.055033,0.023833,0.014222,0.009878,0.027178,0.029489,0.031078,0.031800,0.889726,9,9,9,9,9,9,9,9,9,9,9,9,9,-25.898930,139.345960,46.500000,lev15,Almucantar
Birdsville,01:12:2020,12:00:00,336,336.000000,0.138922,0.115033,0.110478,0.108678,0.052156,0.022089,0.013156,0.009233,0.086767,0.092956,0.097344,0.099411,0.502684,9,9,9,9,9,9,9,9,9,9,9,9,9,-25.898930,139.345960,46.500000,lev15,Almucantar
Birdsville,02:12:2020,12:00:00,337,337.000000,0.131650,0.114500,0.110500,0.109250,0.050550,0.028050,0.018300,0.013600,0.081100,0.086450,0.092150,0.095600,0.266051,2,2,2,2,2,2,2,2,2,2,2,2,2,-25.898930,139.345960,46.500000,lev15,Almucantar
Birdsville,03:12:2020,12:00:00,338,338.000000,0.105614,0.075671,0.067186,0.062971,0.062129,0.028200,0.017314,0.012086,0.043471,0.047471,0.049871,0.050914,0.684184,7,7,7,7,7,7,7,7,7,7,7,7,7,-25.898930,139.345960,46.500000,lev15,Almucantar
Birdsville,04:12:2020,12:00:00,339,339.000000,0.135200,0.091700,0.079900,0.074900,0.083300,0.035300,0.020500,0.014200,0.051800,0.056400,0.059400,0.060800,0.786910,1,1,1,1,1,1,1,1,1,1,1,1,1,-25.898930,139.345960,46.500000,lev15,Almucantar
Birdsville,05:12:2020,12:00:00,340,340.000000,0.141200,0.079600,0.061300,0.054300,0.110500,0.046200,0.025800,0.017900,0.030700,0.033400,0.035500,0.036400,1.237815,1,1,1,1,1,1,1,1,1,1,1,1,1,-25.898930,139.345960,46.500000,lev15,Almucantar
Birdsville,08:12:2020,12:00:00,343,343.000000,0.054800,0.041060,0.035280,0.032460,0.035280,0.019520,0.012480,0.009100,0.019540,0.021500,0.022780,0.023380,0.648141,5,5,5,5,5,5,5,5,5,5,5,5,5,-25.898930,139.345960,46.500000,lev15,Almucantar
Birdsville,09:12:2020,12:00:00,344,344.000000,0.059100,0.044800,0.037900,0.034500,0.040500,0.024500,0.016200,0.011800,0.018600,0.020200,0.021700,0.022600,0.652150,1,1,1,1,1,1,1,1,1,1,1,1,1,-25.898930,139.345960,46.500000,lev15,Almucantar
Birdsville,11:12:2020,12:00:00,346,346.000000,0.051025,0.038750,0.034300,0.032225,0.029100,0.015100,0.009525,0.006950,0.021900,0.023675,0.024800,0.025225,0.583796,4,4,4,4,4,4,4,4,4,4,4,4,4,-25.898930,139.345960,46.500000,lev15,Almucantar
Birdsville,14:12:2020,12:00:00,349,349.000000,0.064800,0.040500,0.032800,0.029600,0.047500,0.021500,0.012700,0.009000,0.017400,0.019000,0.020100,0.020600,1.010636,1,1,1,1,1,1,1,1,1,1,1,1,1,-25.898930,139.345960,46.500000,lev15,Almucantar
