AERONET Data Download (Version 3 Direct Sun and Inversion Algorithms)
AERONET Version 3
Fowlers_Gap
Version 3: Almucantar Level 1.5 Inversion
The following data are cloud cleared and quality controls have been applied but these data may not have final calibration applied.  These data may change.
Daily Averages,Contact: PI=Ian_Lau; PI Email=ian.lau@csiro.au 
AERONET_AERONET_Site,Date(dd:mm:yyyy),Time(hh:mm:ss),Day_of_Year,Day_of_Year(fraction),0.050000,0.065604,0.086077,0.112939,0.148184,0.194429,0.255105,0.334716,0.439173,0.576227,0.756052,0.991996,1.301571,1.707757,2.240702,2.939966,3.857452,5.061260,6.640745,8.713145,11.432287,15.000000,Inflection_Radius_of_Size_Distribution(um),N[0.050000],N[0.065604],N[0.086077],N[0.112939],N[0.148184],N[0.194429],N[0.255105],N[0.334716],N[0.439173],N[0.576227],N[0.756052],N[0.991996],N[1.301571],N[1.707757],N[2.240702],N[2.939966],N[3.857452],N[5.061260],N[6.640745],N[8.713145],N[11.432287],N[15.000000],N[Inflection_Radius_of_Size_Distribution(um)],Latitude(Degrees),Longitude(Degrees),Elevation(m),Level,Retrieval_Measurement_Scan_Type
Fowlers_Gap,03:01:2019,12:00:00,3,3.000000,0.000384,0.001265,0.002383,0.002711,0.002175,0.001576,0.001362,0.001715,0.003136,0.006594,0.011944,0.017161,0.021370,0.024974,0.028576,0.031876,0.032346,0.026642,0.015927,0.006383,0.001646,0.000269,0.439000,2,2,2,2,2,2,2,2,2,2,2,2,2,2,2,2,2,2,2,2,2,2,2,-31.086300,141.700820,181.000000,lev15,Almucantar
Fowlers_Gap,04:01:2019,12:00:00,4,4.000000,0.000392,0.001595,0.003284,0.003629,0.002562,0.001571,0.001202,0.001475,0.002847,0.006504,0.012535,0.017819,0.020788,0.023598,0.028811,0.037872,0.047868,0.047978,0.031535,0.011943,0.002448,0.000267,0.439000,2,2,2,2,2,2,2,2,2,2,2,2,2,2,2,2,2,2,2,2,2,2,2,-31.086300,141.700820,181.000000,lev15,Almucantar
Fowlers_Gap,05:01:2019,12:00:00,5,5.000000,0.001573,0.005760,0.010482,0.010201,0.006597,0.004064,0.003435,0.004749,0.009544,0.020236,0.035566,0.053146,0.073622,0.095865,0.120992,0.148413,0.164059,0.142877,0.085348,0.031711,0.006974,0.000896,0.439000,2,2,2,2,2,2,2,2,2,2,2,2,2,2,2,2,2,2,2,2,2,2,2,-31.086300,141.700820,181.000000,lev15,Almucantar
Fowlers_Gap,06:01:2019,12:00:00,6,6.000000,0.000164,0.000547,0.001137,0.001537,0.001553,0.001377,0.001232,0.001244,0.001493,0.002074,0.003095,0.004555,0.006382,0.008840,0.012880,0.019370,0.026366,0.026834,0.017355,0.006399,0.001272,0.000134,0.439000,3,3,3,3,3,3,3,3,3,3,3,3,3,3,3,3,3,3,3,3,3,3,3,-31.086300,141.700820,181.000000,lev15,Almucantar
Fowlers_Gap,07:01:2019,12:00:00,7,7.000000,0.000268,0.000893,0.001700,0.001969,0.001614,0.001178,0.001001,0.001192,0.001958,0.003559,0.005776,0.008259,0.011109,0.014179,0.018527,0.025477,0.032165,0.030465,0.018822,0.006924,0.001433,0.000165,0.439000,2,2,2,2,2,2,2,2,2,2,2,2,2,2,2,2,2,2,2,2,2,2,2,-31.086300,141.700820,181.000000,lev15,Almucantar
Fowlers_Gap,09:01:2019,12:00:00,9,9.000000,0.000117,0.000505,0.001255,0.001849,0.001750,0.001260,0.000879,0.000754,0.000894,0.001387,0.002332,0.003589,0.005060,0.007139,0.010543,0.015943,0.022327,0.024544,0.017655,0.006963,0.001326,0.000119,0.439000,5,5,5,5,5,5,5,5,5,5,5,5,5,5,5,5,5,5,5,5,5,5,5,-31.086300,141.700820,181.000000,lev15,Almucantar
Fowlers_Gap,11:01:2019,12:00:00,11,11.000000,0.000170,0.000733,0.001821,0.002620,0.002440,0.001815,0.001386,0.001313,0.001616,0.002339,0.003443,0.004786,0.006469,0.009012,0.013327,0.020226,0.028049,0.029799,0.020269,0.007629,0.001469,0.000145,0.439000,5,5,5,5,5,5,5,5,5,5,5,5,5,5,5,5,5,5,5,5,5,5,5,-31.086300,141.700820,181.000000,lev15,Almucantar
Fowlers_Gap,12:01:2019,12:00:00,12,12.000000,0.001217,0.007326,0.015264,0.012758,0.006230,0.002863,0.001758,0.001695,0.002547,0.005008,0.009816,0.016218,0.023064,0.031462,0.041215,0.049260,0.055744,0.068785,0.088712,0.077397,0.027202,0.003027,0.439000,1,1,1,1,1,1,1,1,1,1,1,1,1,1,1,1,1,1,1,1,1,1,1,-31.086300,141.700820,181.000000,lev15,Almucantar
Fowlers_Gap,13:01:2019,12:00:00,13,13.000000,0.001143,0.003952,0.006433,0.005511,0.003227,0.001860,0.001494,0.002006,0.004183,0.010128,0.020727,0.032073,0.041283,0.051479,0.067861,0.093067,0.117696,0.114359,0.071742,0.025768,0.004982,0.000509,0.439000,4,4,4,4,4,4,4,4,4,4,4,4,4,4,4,4,4,4,4,4,4,4,4,-31.086300,141.700820,181.000000,lev15,Almucantar
Fowlers_Gap,14:01:2019,12:00:00,14,14.000000,0.000754,0.003021,0.005816,0.005816,0.003764,0.002243,0.001754,0.002160,0.003926,0.008237,0.015578,0.024300,0.033665,0.045919,0.063719,0.086088,0.102152,0.092109,0.054565,0.019163,0.003793,0.000417,0.439000,1,1,1,1,1,1,1,1,1,1,1,1,1,1,1,1,1,1,1,1,1,1,1,-31.086300,141.700820,181.000000,lev15,Almucantar
Fowlers_Gap,15:01:2019,12:00:00,15,15.000000,0.000856,0.003190,0.005639,0.005155,0.003088,0.001751,0.001359,0.001770,0.003608,0.008490,0.016576,0.024425,0.030969,0.039286,0.053159,0.075673,0.103721,0.115122,0.082920,0.032010,0.005939,0.000511,0.439000,1,1,1,1,1,1,1,1,1,1,1,1,1,1,1,1,1,1,1,1,1,1,1,-31.086300,141.700820,181.000000,lev15,Almucantar
Fowlers_Gap,16:01:2019,12:00:00,16,16.000000,0.001204,0.004968,0.008677,0.007199,0.003820,0.002006,0.001568,0.002206,0.004831,0.011084,0.019442,0.027468,0.037208,0.050692,0.068328,0.088739,0.104430,0.098689,0.063698,0.024127,0.004893,0.000521,0.439000,3,3,3,3,3,3,3,3,3,3,3,3,3,3,3,3,3,3,3,3,3,3,3,-31.086300,141.700820,181.000000,lev15,Almucantar
Fowlers_Gap,17:01:2019,12:00:00,17,17.000000,0.001530,0.005386,0.008474,0.006698,0.003586,0.001947,0.001508,0.001952,0.003971,0.009821,0.021148,0.034250,0.046788,0.062748,0.086922,0.119441,0.146676,0.139241,0.087321,0.031573,0.006078,0.000615,0.439000,2,2,2,2,2,2,2,2,2,2,2,2,2,2,2,2,2,2,2,2,2,2,2,-31.086300,141.700820,181.000000,lev15,Almucantar
Fowlers_Gap,22:01:2019,12:00:00,22,22.000000,0.000618,0.002654,0.005083,0.004791,0.002879,0.001630,0.001248,0.001531,0.002775,0.005717,0.010373,0.015784,0.021564,0.027104,0.031493,0.034062,0.033176,0.026861,0.016540,0.007031,0.001898,0.000313,0.439000,2,2,2,2,2,2,2,2,2,2,2,2,2,2,2,2,2,2,2,2,2,2,2,-31.086300,141.700820,181.000000,lev15,Almucantar
Fowlers_Gap,24:01:2019,12:00:00,24,24.000000,0.000714,0.002274,0.003682,0.003463,0.002409,0.001626,0.001359,0.001659,0.002949,0.006203,0.011365,0.016180,0.020806,0.026950,0.035772,0.048028,0.061660,0.066497,0.050113,0.021501,0.004462,0.000422,0.439000,5,5,5,5,5,5,5,5,5,5,5,5,5,5,5,5,5,5,5,5,5,5,5,-31.086300,141.700820,181.000000,lev15,Almucantar
Fowlers_Gap,30:01:2019,12:00:00,30,30.000000,0.000556,0.002800,0.006225,0.006591,0.004166,0.002336,0.001708,0.002000,0.003585,0.007325,0.012637,0.018103,0.025818,0.035162,0.042020,0.050457,0.068126,0.090264,0.084694,0.040516,0.007961,0.000592,0.439000,1,1,1,1,1,1,1,1,1,1,1,1,1,1,1,1,1,1,1,1,1,1,1,-31.086300,141.700820,181.000000,lev15,Almucantar
Fowlers_Gap,31:01:2019,12:00:00,31,31.000000,0.000601,0.002686,0.005984,0.007055,0.005217,0.003209,0.002288,0.002431,0.003986,0.008180,0.015611,0.024134,0.032109,0.040207,0.049950,0.061783,0.070680,0.064765,0.040621,0.015502,0.003387,0.000416,0.439000,4,4,4,4,4,4,4,4,4,4,4,4,4,4,4,4,4,4,4,4,4,4,4,-31.086300,141.700820,181.000000,lev15,Almucantar
Fowlers_Gap,01:02:2019,12:00:00,32,32.000000,0.001151,0.004624,0.008100,0.006951,0.003860,0.002035,0.001443,0.001687,0.003305,0.008477,0.019224,0.031379,0.040854,0.050273,0.061762,0.077196,0.093595,0.098153,0.074596,0.032581,0.006778,0.000644,0.439000,6,6,6,6,6,6,6,6,6,6,6,6,6,6,6,6,6,6,6,6,6,6,6,-31.086300,141.700820,181.000000,lev15,Almucantar
Fowlers_Gap,02:02:2019,12:00:00,33,33.000000,0.000500,0.002795,0.006598,0.007372,0.004928,0.002707,0.001776,0.001848,0.003001,0.005462,0.007893,0.009781,0.013280,0.018734,0.023938,0.028225,0.032306,0.034713,0.031056,0.018960,0.005855,0.000744,0.439000,2,2,2,2,2,2,2,2,2,2,2,2,2,2,2,2,2,2,2,2,2,2,2,-31.086300,141.700820,181.000000,lev15,Almucantar
Fowlers_Gap,03:02:2019,12:00:00,34,34.000000,0.000240,0.001197,0.003074,0.004190,0.003416,0.002155,0.001489,0.001480,0.002208,0.003970,0.006313,0.008244,0.010424,0.014069,0.019688,0.027584,0.037104,0.042328,0.033689,0.015016,0.003120,0.000279,0.439000,6,6,6,6,6,6,6,6,6,6,6,6,6,6,6,6,6,6,6,6,6,6,6,-31.086300,141.700820,181.000000,lev15,Almucantar
Fowlers_Gap,04:02:2019,12:00:00,35,35.000000,0.000380,0.001688,0.003770,0.004473,0.003325,0.002068,0.001497,0.001596,0.002589,0.005267,0.009974,0.015047,0.019715,0.025488,0.033962,0.046024,0.058711,0.060720,0.042251,0.016559,0.003250,0.000309,0.439000,4,4,4,4,4,4,4,4,4,4,4,4,4,4,4,4,4,4,4,4,4,4,4,-31.086300,141.700820,181.000000,lev15,Almucantar
Fowlers_Gap,05:02:2019,12:00:00,36,36.000000,0.000368,0.002122,0.005866,0.008077,0.006322,0.003677,0.002299,0.002118,0.003090,0.005699,0.009680,0.014156,0.019332,0.025548,0.033489,0.043520,0.052601,0.053389,0.040248,0.019943,0.005723,0.000828,0.439000,5,5,5,5,5,5,5,5,5,5,5,5,5,5,5,5,5,5,5,5,5,5,5,-31.086300,141.700820,181.000000,lev15,Almucantar
Fowlers_Gap,06:02:2019,12:00:00,37,37.000000,0.000706,0.002814,0.005317,0.005282,0.003448,0.002026,0.001501,0.001729,0.002995,0.006242,0.011729,0.017197,0.022243,0.030015,0.042677,0.058115,0.065364,0.056021,0.033723,0.012685,0.002743,0.000334,0.439000,3,3,3,3,3,3,3,3,3,3,3,3,3,3,3,3,3,3,3,3,3,3,3,-31.086300,141.700820,181.000000,lev15,Almucantar
Fowlers_Gap,08:02:2019,12:00:00,39,39.000000,0.001097,0.003476,0.005636,0.005319,0.003544,0.002150,0.001588,0.001812,0.003380,0.008100,0.016803,0.025997,0.034641,0.042706,0.050567,0.060044,0.067026,0.062496,0.043014,0.018803,0.004400,0.000506,0.439000,7,7,7,7,7,7,7,7,7,7,7,7,7,7,7,7,7,7,7,7,7,7,7,-31.086300,141.700820,181.000000,lev15,Almucantar
Fowlers_Gap,09:02:2019,12:00:00,40,40.000000,0.000138,0.000670,0.001860,0.003017,0.003034,0.002228,0.001617,0.001597,0.002270,0.003756,0.005723,0.006929,0.009639,0.014245,0.016960,0.017973,0.018129,0.016055,0.010776,0.004657,0.001162,0.000163,0.439000,2,2,2,2,2,2,2,2,2,2,2,2,2,2,2,2,2,2,2,2,2,2,2,-31.086300,141.700820,181.000000,lev15,Almucantar
Fowlers_Gap,10:02:2019,12:00:00,41,41.000000,0.000142,0.000438,0.000920,0.001319,0.001445,0.001488,0.001695,0.002177,0.003000,0.003945,0.004581,0.005257,0.006682,0.008204,0.009441,0.010904,0.012466,0.012633,0.009874,0.004915,0.001301,0.000171,0.439000,6,6,6,6,6,6,6,6,6,6,6,6,6,6,6,6,6,6,6,6,6,6,6,-31.086300,141.700820,181.000000,lev15,Almucantar
Fowlers_Gap,11:02:2019,12:00:00,42,42.000000,0.000281,0.000693,0.001213,0.001532,0.001552,0.001505,0.001670,0.002301,0.003585,0.005280,0.006801,0.008332,0.010735,0.014339,0.019436,0.026305,0.033428,0.034601,0.024136,0.009710,0.002081,0.000236,0.439000,6,6,6,6,6,6,6,6,6,6,6,6,6,6,6,6,6,6,6,6,6,6,6,-31.086300,141.700820,181.000000,lev15,Almucantar
Fowlers_Gap,12:02:2019,12:00:00,43,43.000000,0.000210,0.001024,0.002597,0.003627,0.003316,0.002523,0.001979,0.001901,0.002482,0.003773,0.005021,0.005771,0.007372,0.010078,0.011824,0.013099,0.014694,0.015168,0.011839,0.005666,0.001445,0.000187,0.439000,4,4,4,4,4,4,4,4,4,4,4,4,4,4,4,4,4,4,4,4,4,4,4,-31.086300,141.700820,181.000000,lev15,Almucantar
Fowlers_Gap,13:02:2019,12:00:00,44,44.000000,0.000150,0.000467,0.001000,0.001492,0.001689,0.001684,0.001739,0.002030,0.002669,0.003735,0.005048,0.006052,0.007151,0.008964,0.011142,0.014306,0.019274,0.023410,0.019429,0.008558,0.001757,0.000165,0.439000,4,4,4,4,4,4,4,4,4,4,4,4,4,4,4,4,4,4,4,4,4,4,4,-31.086300,141.700820,181.000000,lev15,Almucantar
Fowlers_Gap,14:02:2019,12:00:00,45,45.000000,0.000112,0.000342,0.000723,0.001087,0.001271,0.001331,0.001409,0.001568,0.001847,0.002221,0.002632,0.003239,0.004287,0.005754,0.007502,0.010407,0.014839,0.018071,0.014987,0.006781,0.001420,0.000131,0.439000,6,6,6,6,6,6,6,6,6,6,6,6,6,6,6,6,6,6,6,6,6,6,6,-31.086300,141.700820,181.000000,lev15,Almucantar
Fowlers_Gap,15:02:2019,12:00:00,46,46.000000,0.000176,0.000733,0.001749,0.002472,0.002289,0.001697,0.001314,0.001310,0.001740,0.002686,0.004074,0.005711,0.007939,0.011321,0.016324,0.022924,0.029216,0.029662,0.020604,0.008316,0.001724,0.000177,0.439000,7,7,7,7,7,7,7,7,7,7,7,7,7,7,7,7,7,7,7,7,7,7,7,-31.086300,141.700820,181.000000,lev15,Almucantar
Fowlers_Gap,16:02:2019,12:00:00,47,47.000000,0.000572,0.003315,0.008685,0.010644,0.006758,0.003348,0.002120,0.002241,0.003784,0.007497,0.012804,0.017817,0.022864,0.029625,0.038705,0.050135,0.061259,0.062821,0.045364,0.018412,0.003572,0.000342,0.439000,4,4,4,4,4,4,4,4,4,4,4,4,4,4,4,4,4,4,4,4,4,4,4,-31.086300,141.700820,181.000000,lev15,Almucantar
Fowlers_Gap,17:02:2019,12:00:00,48,48.000000,0.000621,0.003678,0.009324,0.010791,0.007056,0.003758,0.002449,0.002551,0.004225,0.008548,0.015490,0.022534,0.028252,0.033726,0.040681,0.049401,0.055650,0.050600,0.032012,0.012586,0.002900,0.000387,0.439000,3,3,3,3,3,3,3,3,3,3,3,3,3,3,3,3,3,3,3,3,3,3,3,-31.086300,141.700820,181.000000,lev15,Almucantar
Fowlers_Gap,18:02:2019,12:00:00,49,49.000000,0.000447,0.003393,0.011366,0.017148,0.013048,0.006820,0.003771,0.003168,0.004407,0.007776,0.012535,0.017157,0.021359,0.026160,0.033526,0.044059,0.052792,0.048658,0.030106,0.011522,0.002622,0.000355,0.439000,5,5,5,5,5,5,5,5,5,5,5,5,5,5,5,5,5,5,5,5,5,5,5,-31.086300,141.700820,181.000000,lev15,Almucantar
Fowlers_Gap,19:02:2019,12:00:00,50,50.000000,0.000242,0.001527,0.005519,0.009606,0.008628,0.005072,0.002945,0.002402,0.002824,0.004357,0.006726,0.007304,0.007195,0.008583,0.010989,0.014186,0.017302,0.017923,0.013580,0.006370,0.001625,0.000215,0.439000,5,5,5,5,5,5,5,5,5,5,5,5,5,5,5,5,5,5,5,5,5,5,5,-31.086300,141.700820,181.000000,lev15,Almucantar
Fowlers_Gap,20:02:2019,12:00:00,51,51.000000,0.000150,0.000468,0.000919,0.001232,0.001352,0.001466,0.001646,0.001795,0.001994,0.002375,0.002844,0.003179,0.003808,0.004734,0.005334,0.006079,0.007580,0.009298,0.008686,0.004635,0.001174,0.000134,0.439000,6,6,6,6,6,6,6,6,6,6,6,6,6,6,6,6,6,6,6,6,6,6,6,-31.086300,141.700820,181.000000,lev15,Almucantar
Fowlers_Gap,21:02:2019,12:00:00,52,52.000000,0.000081,0.000349,0.000908,0.001455,0.001555,0.001284,0.000988,0.000825,0.000814,0.000983,0.001392,0.002128,0.003339,0.005150,0.007925,0.012286,0.017841,0.020279,0.014398,0.005329,0.000938,0.000078,0.473250,4,4,4,4,4,4,4,4,4,4,4,4,4,4,4,4,4,4,4,4,4,4,4,-31.086300,141.700820,181.000000,lev15,Almucantar
Fowlers_Gap,22:02:2019,12:00:00,53,53.000000,0.000085,0.000379,0.001000,0.001602,0.001690,0.001366,0.001038,0.000895,0.000962,0.001257,0.001776,0.002477,0.003444,0.004901,0.007104,0.010004,0.012512,0.012037,0.007680,0.002928,0.000631,0.000076,0.439000,1,1,1,1,1,1,1,1,1,1,1,1,1,1,1,1,1,1,1,1,1,1,1,-31.086300,141.700820,181.000000,lev15,Almucantar
Fowlers_Gap,24:02:2019,12:00:00,55,55.000000,0.000833,0.002631,0.003877,0.002941,0.001492,0.000750,0.000554,0.000751,0.001771,0.005250,0.012880,0.021332,0.026468,0.030996,0.040917,0.064037,0.106549,0.147986,0.127079,0.051536,0.008380,0.000517,0.439000,1,1,1,1,1,1,1,1,1,1,1,1,1,1,1,1,1,1,1,1,1,1,1,-31.086300,141.700820,181.000000,lev15,Almucantar
Fowlers_Gap,25:02:2019,12:00:00,56,56.000000,0.000193,0.000742,0.001719,0.002468,0.002419,0.001932,0.001584,0.001629,0.002223,0.003560,0.005566,0.007774,0.009871,0.012162,0.015393,0.019767,0.023273,0.021579,0.013656,0.005352,0.001237,0.000166,0.439000,1,1,1,1,1,1,1,1,1,1,1,1,1,1,1,1,1,1,1,1,1,1,1,-31.086300,141.700820,181.000000,lev15,Almucantar
Fowlers_Gap,28:02:2019,12:00:00,59,59.000000,0.000305,0.002297,0.006980,0.009434,0.007305,0.004385,0.002697,0.002152,0.002454,0.003507,0.004651,0.005551,0.007327,0.010740,0.014926,0.020756,0.027323,0.029735,0.022797,0.010266,0.002353,0.000254,0.439000,3,3,3,3,3,3,3,3,3,3,3,3,3,3,3,3,3,3,3,3,3,3,3,-31.086300,141.700820,181.000000,lev15,Almucantar
Fowlers_Gap,01:03:2019,12:00:00,60,60.000000,0.000280,0.001764,0.004756,0.005892,0.004112,0.002354,0.001649,0.001798,0.002804,0.004244,0.005397,0.007128,0.011125,0.016378,0.021068,0.025678,0.031991,0.038384,0.036610,0.019889,0.004717,0.000439,0.439000,2,2,2,2,2,2,2,2,2,2,2,2,2,2,2,2,2,2,2,2,2,2,2,-31.086300,141.700820,181.000000,lev15,Almucantar
Fowlers_Gap,02:03:2019,12:00:00,61,61.000000,0.000160,0.000784,0.001899,0.002419,0.001939,0.001344,0.001095,0.001219,0.001777,0.002696,0.003541,0.004483,0.006499,0.009397,0.012393,0.016345,0.022289,0.027876,0.025310,0.012213,0.002498,0.000199,0.439000,2,2,2,2,2,2,2,2,2,2,2,2,2,2,2,2,2,2,2,2,2,2,2,-31.086300,141.700820,181.000000,lev15,Almucantar
Fowlers_Gap,03:03:2019,12:00:00,62,62.000000,0.000185,0.001140,0.003443,0.005410,0.005124,0.003631,0.002392,0.001807,0.001862,0.002506,0.003527,0.004574,0.006230,0.008687,0.011824,0.015943,0.019680,0.020116,0.014653,0.006107,0.001260,0.000127,0.439000,3,3,3,3,3,3,3,3,3,3,3,3,3,3,3,3,3,3,3,3,3,3,3,-31.086300,141.700820,181.000000,lev15,Almucantar
Fowlers_Gap,04:03:2019,12:00:00,63,63.000000,0.000193,0.001306,0.004177,0.006584,0.005813,0.003679,0.002313,0.001899,0.002208,0.003215,0.004841,0.006811,0.009034,0.011808,0.015752,0.021158,0.025712,0.023993,0.014830,0.005535,0.001197,0.000148,0.439000,2,2,2,2,2,2,2,2,2,2,2,2,2,2,2,2,2,2,2,2,2,2,2,-31.086300,141.700820,181.000000,lev15,Almucantar
Fowlers_Gap,05:03:2019,12:00:00,64,64.000000,0.000225,0.001211,0.003122,0.004074,0.003183,0.002006,0.001442,0.001486,0.002185,0.003676,0.005536,0.007074,0.008782,0.011845,0.017161,0.025154,0.034606,0.039105,0.029552,0.012057,0.002324,0.000202,0.439000,1,1,1,1,1,1,1,1,1,1,1,1,1,1,1,1,1,1,1,1,1,1,1,-31.086300,141.700820,181.000000,lev15,Almucantar
Fowlers_Gap,06:03:2019,12:00:00,65,65.000000,0.000429,0.000897,0.001401,0.001682,0.001684,0.001616,0.001742,0.002359,0.004013,0.007632,0.013921,0.022459,0.033034,0.047767,0.069138,0.092579,0.099164,0.074633,0.036992,0.011847,0.002442,0.000324,0.439000,1,1,1,1,1,1,1,1,1,1,1,1,1,1,1,1,1,1,1,1,1,1,1,-31.086300,141.700820,181.000000,lev15,Almucantar
Fowlers_Gap,07:03:2019,12:00:00,66,66.000000,0.000093,0.000309,0.000718,0.001169,0.001438,0.001489,0.001359,0.001148,0.001134,0.001501,0.002351,0.003749,0.005785,0.008472,0.011903,0.016975,0.022622,0.023395,0.015725,0.005901,0.001124,0.000105,0.439000,4,4,4,4,4,4,4,4,4,4,4,4,4,4,4,4,4,4,4,4,4,4,4,-31.086300,141.700820,181.000000,lev15,Almucantar
Fowlers_Gap,08:03:2019,12:00:00,67,67.000000,0.000082,0.000170,0.000318,0.000537,0.000829,0.001190,0.001621,0.002102,0.002522,0.002707,0.002745,0.003080,0.004217,0.006652,0.010215,0.012658,0.011273,0.007135,0.003337,0.001196,0.000335,0.000074,0.439000,1,1,1,1,1,1,1,1,1,1,1,1,1,1,1,1,1,1,1,1,1,1,1,-31.086300,141.700820,181.000000,lev15,Almucantar
Fowlers_Gap,09:03:2019,12:00:00,68,68.000000,0.000121,0.000567,0.001412,0.001982,0.001807,0.001354,0.001096,0.001159,0.001566,0.002271,0.003076,0.003880,0.005026,0.006824,0.009446,0.013252,0.017942,0.019766,0.014277,0.005644,0.001104,0.000103,0.439000,3,3,3,3,3,3,3,3,3,3,3,3,3,3,3,3,3,3,3,3,3,3,3,-31.086300,141.700820,181.000000,lev15,Almucantar
Fowlers_Gap,10:03:2019,12:00:00,69,69.000000,0.000210,0.000834,0.001840,0.002424,0.002295,0.001970,0.001734,0.001678,0.002105,0.003270,0.004704,0.005801,0.007744,0.010878,0.013325,0.015265,0.017502,0.018554,0.014615,0.006700,0.001529,0.000164,0.439000,1,1,1,1,1,1,1,1,1,1,1,1,1,1,1,1,1,1,1,1,1,1,1,-31.086300,141.700820,181.000000,lev15,Almucantar
Fowlers_Gap,15:12:2019,12:00:00,349,349.000000,0.000061,0.000255,0.000671,0.001169,0.001489,0.001559,0.001388,0.001101,0.000985,0.001152,0.001594,0.002268,0.003133,0.004189,0.005791,0.008456,0.011823,0.013057,0.009350,0.003684,0.000720,0.000069,0.493800,5,5,5,5,5,5,5,5,5,5,5,5,5,5,5,5,5,5,5,5,5,5,5,-31.086300,141.700820,181.000000,lev15,Almucantar
Fowlers_Gap,16:12:2019,12:00:00,350,350.000000,0.000110,0.000430,0.001030,0.001531,0.001574,0.001319,0.001050,0.000920,0.001042,0.001533,0.002412,0.003584,0.005076,0.007017,0.009786,0.014275,0.020482,0.024152,0.019022,0.008111,0.001573,0.000131,0.439000,5,5,5,5,5,5,5,5,5,5,5,5,5,5,5,5,5,5,5,5,5,5,5,-31.086300,141.700820,181.000000,lev15,Almucantar
Fowlers_Gap,17:12:2019,12:00:00,351,351.000000,0.000094,0.000356,0.000894,0.001511,0.001819,0.001736,0.001531,0.001451,0.001587,0.001943,0.002453,0.003085,0.003975,0.005572,0.008739,0.014370,0.020962,0.022049,0.014113,0.004974,0.000922,0.000089,0.439000,1,1,1,1,1,1,1,1,1,1,1,1,1,1,1,1,1,1,1,1,1,1,1,-31.086300,141.700820,181.000000,lev15,Almucantar
Fowlers_Gap,18:12:2019,12:00:00,352,352.000000,0.000230,0.002807,0.013960,0.027710,0.025982,0.014326,0.006351,0.003243,0.002335,0.002348,0.002791,0.003418,0.004354,0.005824,0.008295,0.012512,0.017933,0.020288,0.015211,0.006691,0.001624,0.000215,0.530333,3,3,3,3,3,3,3,3,3,3,3,3,3,3,3,3,3,3,3,3,3,3,3,-31.086300,141.700820,181.000000,lev15,Almucantar
Fowlers_Gap,19:12:2019,12:00:00,353,353.000000,0.000448,0.006023,0.034311,0.071833,0.070304,0.037642,0.014263,0.006434,0.004744,0.005345,0.007255,0.010319,0.013838,0.016448,0.020077,0.028040,0.039569,0.042255,0.028015,0.011144,0.002683,0.000397,0.458571,7,7,7,7,7,7,7,7,7,7,7,7,7,7,7,7,7,7,7,7,7,7,7,-31.086300,141.700820,181.000000,lev15,Almucantar
Fowlers_Gap,20:12:2019,12:00:00,354,354.000000,0.000370,0.003675,0.017940,0.042170,0.045469,0.022959,0.008449,0.004224,0.003698,0.004837,0.007177,0.010484,0.013370,0.014785,0.017003,0.022140,0.028749,0.029593,0.020381,0.008599,0.002131,0.000318,0.439000,3,3,3,3,3,3,3,3,3,3,3,3,3,3,3,3,3,3,3,3,3,3,3,-31.086300,141.700820,181.000000,lev15,Almucantar
Fowlers_Gap,21:12:2019,12:00:00,355,355.000000,0.001206,0.006320,0.017393,0.025716,0.022333,0.014339,0.009522,0.008612,0.011436,0.019570,0.035240,0.059527,0.093719,0.137634,0.177475,0.178708,0.128584,0.067216,0.027776,0.009809,0.003086,0.000876,0.439000,1,1,1,1,1,1,1,1,1,1,1,1,1,1,1,1,1,1,1,1,1,1,1,-31.086300,141.700820,181.000000,lev15,Almucantar
Fowlers_Gap,22:12:2019,12:00:00,356,356.000000,0.000575,0.005618,0.020993,0.027726,0.018042,0.008772,0.004647,0.003684,0.004902,0.009249,0.017292,0.026393,0.035878,0.042928,0.047081,0.050699,0.052359,0.045526,0.029053,0.012205,0.003062,0.000462,0.439000,6,6,6,6,6,6,6,6,6,6,6,6,6,6,6,6,6,6,6,6,6,6,6,-31.086300,141.700820,181.000000,lev15,Almucantar
Fowlers_Gap,24:12:2019,12:00:00,358,358.000000,0.000243,0.001468,0.004616,0.007781,0.007734,0.005453,0.003575,0.002857,0.003173,0.004521,0.006692,0.008873,0.010580,0.012196,0.014650,0.018552,0.022392,0.021691,0.014391,0.005909,0.001437,0.000206,0.439000,3,3,3,3,3,3,3,3,3,3,3,3,3,3,3,3,3,3,3,3,3,3,3,-31.086300,141.700820,181.000000,lev15,Almucantar
Fowlers_Gap,25:12:2019,12:00:00,359,359.000000,0.000235,0.001247,0.003683,0.006197,0.006505,0.004985,0.003416,0.002556,0.002372,0.002775,0.003822,0.005740,0.008983,0.014368,0.022941,0.034343,0.043095,0.039561,0.023554,0.008388,0.001716,0.000200,0.439000,2,2,2,2,2,2,2,2,2,2,2,2,2,2,2,2,2,2,2,2,2,2,2,-31.086300,141.700820,181.000000,lev15,Almucantar
Fowlers_Gap,26:12:2019,12:00:00,360,360.000000,0.000172,0.001145,0.003971,0.007313,0.007723,0.005541,0.003491,0.002536,0.002478,0.003077,0.004086,0.005383,0.007251,0.009894,0.013629,0.018497,0.022199,0.020415,0.012751,0.004971,0.001154,0.000158,0.439000,5,5,5,5,5,5,5,5,5,5,5,5,5,5,5,5,5,5,5,5,5,5,5,-31.086300,141.700820,181.000000,lev15,Almucantar
Fowlers_Gap,27:12:2019,12:00:00,361,361.000000,0.000415,0.003117,0.012144,0.024860,0.029115,0.022471,0.013781,0.008453,0.006280,0.006069,0.007288,0.009950,0.014400,0.021167,0.030050,0.038386,0.040721,0.033213,0.019517,0.007870,0.002114,0.000375,0.507500,2,2,2,2,2,2,2,2,2,2,2,2,2,2,2,2,2,2,2,2,2,2,2,-31.086300,141.700820,181.000000,lev15,Almucantar
Fowlers_Gap,28:12:2019,12:00:00,362,362.000000,0.000333,0.003824,0.019619,0.039267,0.037090,0.022413,0.011263,0.006076,0.004256,0.004135,0.005169,0.007260,0.010439,0.014842,0.020987,0.029170,0.036729,0.036261,0.024110,0.009688,0.002247,0.000302,0.473250,4,4,4,4,4,4,4,4,4,4,4,4,4,4,4,4,4,4,4,4,4,4,4,-31.086300,141.700820,181.000000,lev15,Almucantar
Fowlers_Gap,29:12:2019,12:00:00,363,363.000000,0.000366,0.002111,0.006390,0.010445,0.010077,0.006878,0.004432,0.003629,0.004274,0.006503,0.010515,0.015888,0.021837,0.028523,0.037390,0.049101,0.058936,0.055382,0.034839,0.013070,0.002753,0.000321,0.439000,2,2,2,2,2,2,2,2,2,2,2,2,2,2,2,2,2,2,2,2,2,2,2,-31.086300,141.700820,181.000000,lev15,Almucantar
Fowlers_Gap,30:12:2019,12:00:00,364,364.000000,0.000267,0.001573,0.005094,0.009206,0.009721,0.006816,0.004040,0.002796,0.002887,0.004290,0.007054,0.010549,0.014380,0.018952,0.025360,0.035179,0.046378,0.048526,0.033130,0.012784,0.002592,0.000270,0.439000,1,1,1,1,1,1,1,1,1,1,1,1,1,1,1,1,1,1,1,1,1,1,1,-31.086300,141.700820,181.000000,lev15,Almucantar
Fowlers_Gap,31:12:2019,12:00:00,365,365.000000,0.001205,0.007165,0.021406,0.032525,0.027695,0.016676,0.009850,0.007962,0.010046,0.016342,0.026884,0.042381,0.062977,0.088474,0.121215,0.158767,0.176414,0.145038,0.081322,0.029443,0.006682,0.000942,0.439000,4,4,4,4,4,4,4,4,4,4,4,4,4,4,4,4,4,4,4,4,4,4,4,-31.086300,141.700820,181.000000,lev15,Almucantar
Fowlers_Gap,01:01:2020,12:00:00,1,1.000000,0.000191,0.001058,0.003034,0.004720,0.004583,0.003465,0.002570,0.002217,0.002375,0.002970,0.003961,0.005418,0.007427,0.010013,0.013564,0.018252,0.022108,0.020716,0.013009,0.004969,0.001102,0.000141,0.439000,5,5,5,5,5,5,5,5,5,5,5,5,5,5,5,5,5,5,5,5,5,5,5,-31.086300,141.700820,181.000000,lev15,Almucantar
Fowlers_Gap,02:01:2020,12:00:00,2,2.000000,0.000197,0.001542,0.006036,0.011943,0.014051,0.010813,0.005779,0.002886,0.001881,0.001812,0.002136,0.002678,0.003611,0.005010,0.006969,0.009867,0.013449,0.015506,0.012329,0.005413,0.001182,0.000139,0.562571,7,7,7,7,7,7,7,7,7,7,7,7,7,7,7,7,7,7,7,7,7,7,7,-31.086300,141.700820,181.000000,lev15,Almucantar
Fowlers_Gap,03:01:2020,12:00:00,3,3.000000,0.000318,0.001562,0.004648,0.008898,0.012005,0.011894,0.008812,0.005690,0.004360,0.004791,0.006771,0.010083,0.014437,0.019859,0.027049,0.036603,0.044809,0.042648,0.027305,0.010591,0.002374,0.000314,0.521200,5,5,5,5,5,5,5,5,5,5,5,5,5,5,5,5,5,5,5,5,5,5,5,-31.086300,141.700820,181.000000,lev15,Almucantar
Fowlers_Gap,04:01:2020,12:00:00,4,4.000000,0.000815,0.004082,0.008980,0.009402,0.005908,0.003234,0.002267,0.002573,0.004634,0.010248,0.020175,0.030457,0.038341,0.047476,0.063701,0.089235,0.111081,0.100366,0.056757,0.018752,0.003553,0.000386,0.439000,1,1,1,1,1,1,1,1,1,1,1,1,1,1,1,1,1,1,1,1,1,1,1,-31.086300,141.700820,181.000000,lev15,Almucantar
Fowlers_Gap,07:01:2020,12:00:00,7,7.000000,0.001244,0.003750,0.009722,0.021352,0.039022,0.055513,0.055707,0.041229,0.029130,0.025924,0.032559,0.053101,0.092469,0.143243,0.181292,0.184480,0.149378,0.095098,0.047463,0.018587,0.005708,0.001374,0.576000,3,3,3,3,3,3,3,3,3,3,3,3,3,3,3,3,3,3,3,3,3,3,3,-31.086300,141.700820,181.000000,lev15,Almucantar
Fowlers_Gap,08:01:2020,12:00:00,8,8.000000,0.000843,0.002079,0.005248,0.013080,0.030157,0.053770,0.056142,0.032257,0.016322,0.013510,0.020790,0.039271,0.058062,0.065504,0.075085,0.094282,0.104800,0.082724,0.044255,0.016581,0.004471,0.000881,0.576000,3,3,3,3,3,3,3,3,3,3,3,3,3,3,3,3,3,3,3,3,3,3,3,-31.086300,141.700820,181.000000,lev15,Almucantar
Fowlers_Gap,09:01:2020,12:00:00,9,9.000000,0.000912,0.003176,0.008838,0.019469,0.032789,0.039469,0.033261,0.022794,0.016675,0.015932,0.020109,0.029957,0.046580,0.069305,0.094276,0.114060,0.116604,0.092899,0.053508,0.021269,0.005708,0.001027,0.576000,1,1,1,1,1,1,1,1,1,1,1,1,1,1,1,1,1,1,1,1,1,1,1,-31.086300,141.700820,181.000000,lev15,Almucantar
Fowlers_Gap,10:01:2020,12:00:00,10,10.000000,0.000959,0.004058,0.011668,0.022620,0.030747,0.030477,0.023055,0.015808,0.012968,0.014919,0.022764,0.039125,0.065570,0.099796,0.135416,0.159385,0.153285,0.112355,0.059484,0.021973,0.005559,0.000960,0.439000,3,3,3,3,3,3,3,3,3,3,3,3,3,3,3,3,3,3,3,3,3,3,3,-31.086300,141.700820,181.000000,lev15,Almucantar
Fowlers_Gap,11:01:2020,12:00:00,11,11.000000,0.000217,0.000710,0.001463,0.001972,0.001940,0.001644,0.001435,0.001491,0.001968,0.003118,0.005041,0.007355,0.009927,0.013617,0.020141,0.031282,0.044709,0.048384,0.032540,0.011640,0.002056,0.000183,0.439000,3,3,3,3,3,3,3,3,3,3,3,3,3,3,3,3,3,3,3,3,3,3,3,-31.086300,141.700820,181.000000,lev15,Almucantar
Fowlers_Gap,01:09:2020,12:00:00,245,245.000000,0.000063,0.000248,0.000725,0.001505,0.002340,0.002946,0.002996,0.002411,0.001922,0.001856,0.002135,0.002506,0.002701,0.002685,0.002586,0.002473,0.002282,0.001875,0.001252,0.000636,0.000238,0.000065,0.541750,4,4,4,4,4,4,4,4,4,4,4,4,4,4,4,4,4,4,4,4,4,4,4,-31.086300,141.700820,181.000000,lev15,Almucantar
Fowlers_Gap,03:09:2020,12:00:00,247,247.000000,0.000214,0.000959,0.002558,0.004291,0.004858,0.004072,0.002973,0.002365,0.002487,0.003414,0.005145,0.007639,0.010749,0.013980,0.017758,0.022824,0.027729,0.027434,0.018794,0.007706,0.001710,0.000200,0.439000,8,8,8,8,8,8,8,8,8,8,8,8,8,8,8,8,8,8,8,8,8,8,8,-31.086300,141.700820,181.000000,lev15,Almucantar
Fowlers_Gap,04:09:2020,12:00:00,248,248.000000,0.000129,0.000391,0.000931,0.001721,0.002574,0.003276,0.003429,0.002896,0.002726,0.003332,0.004338,0.005299,0.006205,0.006769,0.007240,0.008743,0.011238,0.012442,0.009662,0.004571,0.001198,0.000167,0.439000,3,3,3,3,3,3,3,3,3,3,3,3,3,3,3,3,3,3,3,3,3,3,3,-31.086300,141.700820,181.000000,lev15,Almucantar
Fowlers_Gap,05:09:2020,12:00:00,249,249.000000,0.000094,0.000385,0.001176,0.002667,0.004571,0.005861,0.005234,0.003286,0.002055,0.001761,0.002059,0.002533,0.002860,0.003007,0.003263,0.003653,0.003857,0.003402,0.002293,0.001123,0.000392,0.000099,0.553167,6,6,6,6,6,6,6,6,6,6,6,6,6,6,6,6,6,6,6,6,6,6,6,-31.086300,141.700820,181.000000,lev15,Almucantar
Fowlers_Gap,06:09:2020,12:00:00,250,250.000000,0.000077,0.000341,0.001042,0.002219,0.003409,0.003917,0.003430,0.002460,0.001875,0.001769,0.002022,0.002478,0.002933,0.003297,0.003724,0.004336,0.004899,0.004820,0.003655,0.001832,0.000536,0.000092,0.558875,8,8,8,8,8,8,8,8,8,8,8,8,8,8,8,8,8,8,8,8,8,8,8,-31.086300,141.700820,181.000000,lev15,Almucantar
Fowlers_Gap,07:09:2020,12:00:00,251,251.000000,0.000078,0.000425,0.001388,0.002772,0.003780,0.003967,0.003151,0.001885,0.001198,0.001051,0.001207,0.001407,0.001602,0.001916,0.002426,0.003132,0.003722,0.003611,0.002594,0.001240,0.000362,0.000066,0.541750,4,4,4,4,4,4,4,4,4,4,4,4,4,4,4,4,4,4,4,4,4,4,4,-31.086300,141.700820,181.000000,lev15,Almucantar
Fowlers_Gap,10:09:2020,12:00:00,254,254.000000,0.000115,0.000650,0.002183,0.004413,0.005641,0.004975,0.003513,0.002445,0.002131,0.002467,0.003207,0.004047,0.004690,0.004941,0.005183,0.005922,0.007076,0.007464,0.005755,0.002807,0.000789,0.000124,0.439000,7,7,7,7,7,7,7,7,7,7,7,7,7,7,7,7,7,7,7,7,7,7,7,-31.086300,141.700820,181.000000,lev15,Almucantar
Fowlers_Gap,11:09:2020,12:00:00,255,255.000000,0.000062,0.000264,0.000789,0.001648,0.002493,0.002884,0.002536,0.001672,0.001169,0.001153,0.001375,0.001490,0.001598,0.001844,0.002370,0.003505,0.005394,0.007075,0.006185,0.002864,0.000632,0.000068,0.507500,4,4,4,4,4,4,4,4,4,4,4,4,4,4,4,4,4,4,4,4,4,4,4,-31.086300,141.700820,181.000000,lev15,Almucantar
Fowlers_Gap,12:09:2020,12:00:00,256,256.000000,0.000097,0.000560,0.001808,0.003314,0.003823,0.003299,0.002492,0.001893,0.001815,0.002266,0.002964,0.003551,0.004209,0.005000,0.005731,0.006725,0.007907,0.008283,0.006464,0.003099,0.000803,0.000109,0.439000,8,8,8,8,8,8,8,8,8,8,8,8,8,8,8,8,8,8,8,8,8,8,8,-31.086300,141.700820,181.000000,lev15,Almucantar
Fowlers_Gap,13:09:2020,12:00:00,257,257.000000,0.000116,0.000607,0.001908,0.003696,0.004691,0.004361,0.003458,0.002757,0.002501,0.002689,0.003306,0.004353,0.005823,0.007650,0.009578,0.010968,0.010738,0.008315,0.004764,0.001929,0.000538,0.000102,0.439000,1,1,1,1,1,1,1,1,1,1,1,1,1,1,1,1,1,1,1,1,1,1,1,-31.086300,141.700820,181.000000,lev15,Almucantar
Fowlers_Gap,14:09:2020,12:00:00,258,258.000000,0.000089,0.000400,0.001198,0.002437,0.003587,0.004070,0.003590,0.002525,0.001922,0.001987,0.002579,0.003277,0.003894,0.004342,0.004775,0.005619,0.006632,0.006697,0.004937,0.002346,0.000658,0.000105,0.507500,6,6,6,6,6,6,6,6,6,6,6,6,6,6,6,6,6,6,6,6,6,6,6,-31.086300,141.700820,181.000000,lev15,Almucantar
Fowlers_Gap,15:09:2020,12:00:00,259,259.000000,0.000093,0.000402,0.001124,0.002132,0.003095,0.003783,0.003603,0.002339,0.001395,0.001141,0.001334,0.001707,0.002031,0.002382,0.002884,0.003447,0.003677,0.003200,0.002098,0.000955,0.000288,0.000060,0.601714,7,7,7,7,7,7,7,7,7,7,7,7,7,7,7,7,7,7,7,7,7,7,7,-31.086300,141.700820,181.000000,lev15,Almucantar
Fowlers_Gap,16:09:2020,12:00:00,260,260.000000,0.000095,0.000482,0.001484,0.002827,0.003600,0.003434,0.002723,0.001997,0.001659,0.001726,0.002107,0.002738,0.003495,0.004128,0.005025,0.006364,0.007605,0.007334,0.005036,0.002230,0.000588,0.000090,0.493800,5,5,5,5,5,5,5,5,5,5,5,5,5,5,5,5,5,5,5,5,5,5,5,-31.086300,141.700820,181.000000,lev15,Almucantar
Fowlers_Gap,17:09:2020,12:00:00,261,261.000000,0.000126,0.000733,0.002305,0.004010,0.004333,0.003488,0.002523,0.001956,0.001898,0.002336,0.003209,0.004346,0.005645,0.007076,0.008557,0.009925,0.010407,0.008861,0.005460,0.002247,0.000598,0.000103,0.439000,2,2,2,2,2,2,2,2,2,2,2,2,2,2,2,2,2,2,2,2,2,2,2,-31.086300,141.700820,181.000000,lev15,Almucantar
Fowlers_Gap,19:09:2020,12:00:00,263,263.000000,0.000110,0.000868,0.003441,0.006965,0.007670,0.005363,0.003098,0.001913,0.001438,0.001325,0.001410,0.001612,0.001878,0.002171,0.002449,0.002629,0.002570,0.002160,0.001478,0.000790,0.000322,0.000099,0.576000,1,1,1,1,1,1,1,1,1,1,1,1,1,1,1,1,1,1,1,1,1,1,1,-31.086300,141.700820,181.000000,lev15,Almucantar
Fowlers_Gap,20:09:2020,12:00:00,264,264.000000,0.000640,0.001672,0.002829,0.003471,0.003867,0.004527,0.004792,0.003476,0.001923,0.001208,0.001050,0.001123,0.001322,0.001697,0.002269,0.003032,0.003904,0.004392,0.003593,0.001794,0.000516,0.000094,0.784000,2,2,2,2,2,2,2,2,2,2,2,2,2,2,2,2,2,2,2,2,2,2,2,-31.086300,141.700820,181.000000,lev15,Almucantar
Fowlers_Gap,21:09:2020,12:00:00,265,265.000000,0.000468,0.002108,0.004545,0.005450,0.004970,0.004299,0.003380,0.002446,0.001992,0.001970,0.002049,0.002135,0.002285,0.002429,0.002740,0.003666,0.005526,0.007305,0.006432,0.003248,0.000875,0.000122,0.576000,1,1,1,1,1,1,1,1,1,1,1,1,1,1,1,1,1,1,1,1,1,1,1,-31.086300,141.700820,181.000000,lev15,Almucantar
Fowlers_Gap,22:09:2020,12:00:00,266,266.000000,0.000100,0.000473,0.001466,0.002946,0.004222,0.004660,0.003886,0.002695,0.002270,0.002812,0.003909,0.004830,0.005458,0.006082,0.006800,0.007964,0.009122,0.008867,0.006205,0.002746,0.000725,0.000115,0.473250,4,4,4,4,4,4,4,4,4,4,4,4,4,4,4,4,4,4,4,4,4,4,4,-31.086300,141.700820,181.000000,lev15,Almucantar
Fowlers_Gap,23:09:2020,12:00:00,267,267.000000,0.000070,0.000124,0.000261,0.000628,0.001556,0.003269,0.004638,0.004181,0.003548,0.004112,0.005575,0.006632,0.007467,0.009260,0.011422,0.012378,0.011833,0.009552,0.005915,0.002558,0.000726,0.000132,0.439000,2,2,2,2,2,2,2,2,2,2,2,2,2,2,2,2,2,2,2,2,2,2,2,-31.086300,141.700820,181.000000,lev15,Almucantar
Fowlers_Gap,24:09:2020,12:00:00,268,268.000000,0.000101,0.000409,0.001286,0.002986,0.005143,0.006500,0.005701,0.003777,0.002791,0.002987,0.003905,0.004873,0.006126,0.008120,0.010116,0.011826,0.012672,0.010930,0.006785,0.002810,0.000740,0.000124,0.473250,4,4,4,4,4,4,4,4,4,4,4,4,4,4,4,4,4,4,4,4,4,4,4,-31.086300,141.700820,181.000000,lev15,Almucantar
Fowlers_Gap,26:09:2020,12:00:00,270,270.000000,0.000144,0.000905,0.003310,0.006816,0.009012,0.008539,0.005945,0.003905,0.003515,0.004513,0.006404,0.007772,0.008131,0.009522,0.011236,0.013159,0.014761,0.013678,0.009058,0.003900,0.001053,0.000177,0.439000,2,2,2,2,2,2,2,2,2,2,2,2,2,2,2,2,2,2,2,2,2,2,2,-31.086300,141.700820,181.000000,lev15,Almucantar
Fowlers_Gap,27:09:2020,12:00:00,271,271.000000,0.000085,0.000391,0.001312,0.003169,0.005351,0.006079,0.004664,0.003023,0.002443,0.002775,0.003498,0.003942,0.004590,0.005908,0.006752,0.007194,0.007596,0.007276,0.005411,0.002663,0.000779,0.000132,0.439000,3,3,3,3,3,3,3,3,3,3,3,3,3,3,3,3,3,3,3,3,3,3,3,-31.086300,141.700820,181.000000,lev15,Almucantar
Fowlers_Gap,26:12:2020,12:00:00,361,361.000000,0.000077,0.000277,0.000684,0.001145,0.001474,0.001705,0.001815,0.001673,0.001564,0.001665,0.001971,0.002568,0.003507,0.004827,0.006687,0.008958,0.011087,0.011266,0.008034,0.003368,0.000733,0.000082,0.484667,6,6,6,6,6,6,6,6,6,6,6,6,6,6,6,6,6,6,6,6,6,6,6,-31.086300,141.700820,181.000000,lev15,Almucantar
Fowlers_Gap,28:12:2020,12:00:00,363,363.000000,0.000186,0.000680,0.001583,0.002393,0.002503,0.002094,0.001748,0.001776,0.002415,0.003951,0.006257,0.008741,0.011588,0.014301,0.016983,0.020614,0.024516,0.024792,0.018346,0.008417,0.002061,0.000253,0.439000,6,6,6,6,6,6,6,6,6,6,6,6,6,6,6,6,6,6,6,6,6,6,6,-31.086300,141.700820,181.000000,lev15,Almucantar
Fowlers_Gap,29:12:2020,12:00:00,364,364.000000,0.000053,0.000152,0.000365,0.000706,0.001144,0.001622,0.001896,0.001669,0.001408,0.001457,0.001870,0.002645,0.003623,0.004639,0.005848,0.007370,0.008683,0.008334,0.005492,0.002192,0.000500,0.000065,0.478143,7,7,7,7,7,7,7,7,7,7,7,7,7,7,7,7,7,7,7,7,7,7,7,-31.086300,141.700820,181.000000,lev15,Almucantar
Fowlers_Gap,30:12:2020,12:00:00,365,365.000000,0.000059,0.000195,0.000482,0.000896,0.001283,0.001480,0.001456,0.001317,0.001208,0.001233,0.001460,0.001953,0.002779,0.004029,0.005762,0.007672,0.008683,0.007500,0.004489,0.001739,0.000419,0.000062,0.439000,1,1,1,1,1,1,1,1,1,1,1,1,1,1,1,1,1,1,1,1,1,1,1,-31.086300,141.700820,181.000000,lev15,Almucantar
Fowlers_Gap,01:01:2021,12:00:00,1,1.000000,0.000083,0.000492,0.001649,0.003242,0.004318,0.004208,0.003098,0.002055,0.001613,0.001850,0.002840,0.003930,0.004251,0.004277,0.004231,0.004650,0.005654,0.006160,0.004710,0.002209,0.000592,0.000087,0.439000,3,3,3,3,3,3,3,3,3,3,3,3,3,3,3,3,3,3,3,3,3,3,3,-31.086300,141.700820,181.000000,lev15,Almucantar
