AERONET Data Download (Version 3 Direct Sun and Inversion Algorithms)
AERONET Version 3
Fowlers_Gap
Version 3: Almucantar Level 1.5 Inversion
The following data are cloud cleared and quality controls have been applied but these data may not have final calibration applied.  These data may change.
Daily Averages,Contact: PI=Ian_Lau; PI Email=ian.lau@csiro.au 
AERONET_AERONET_Site,Date(dd:mm:yyyy),Time(hh:mm:ss),Day_of_Year,Day_of_Year(fraction),VolC-T,REff-T,VMR-T,Std-T,VolC-F,REff-F,VMR-F,Std-F,VolC-C,REff-C,VMR-C,Std-C,N[VolC-T],N[REff-T],N[VMR-T],N[Std-T],N[VolC-F],N[REff-F],N[VMR-F],N[Std-F],N[VolC-C],N[REff-C],N[VMR-C],N[Std-C],Latitude(Degrees),Longitude(Degrees),Elevation(m),Level,Retrieval_Measurement_Scan_Type
Fowlers_Gap,03:01:2019,12:00:00,3,3.000000,0.065500,1.031000,2.062500,0.967500,0.004000,0.131000,0.156000,0.609500,0.061500,1.899000,2.449500,0.707500,2,2,2,2,2,2,2,2,2,2,2,2,-31.086300,141.700820,181.000000,lev15,Almucantar
Fowlers_Gap,04:01:2019,12:00:00,4,4.000000,0.084000,1.129500,2.439000,0.985500,0.005000,0.122000,0.142500,0.584500,0.079000,2.193500,2.882500,0.711000,2,2,2,2,2,2,2,2,2,2,2,2,-31.086300,141.700820,181.000000,lev15,Almucantar
Fowlers_Gap,05:01:2019,12:00:00,5,5.000000,0.281500,1.171000,2.393500,0.933500,0.014000,0.119000,0.140500,0.614500,0.267500,2.179500,2.777000,0.673000,2,2,2,2,2,2,2,2,2,2,2,2,-31.086300,141.700820,181.000000,lev15,Almucantar
Fowlers_Gap,06:01:2019,12:00:00,6,6.000000,0.039333,1.175000,2.654667,1.014000,0.002333,0.144667,0.168333,0.554667,0.037000,2.576333,3.309667,0.657333,3,3,3,3,3,3,3,3,3,3,3,3,-31.086300,141.700820,181.000000,lev15,Almucantar
Fowlers_Gap,07:01:2019,12:00:00,7,7.000000,0.051000,1.187000,2.541000,0.963000,0.003000,0.130500,0.154000,0.598000,0.048000,2.334000,3.012000,0.675500,2,2,2,2,2,2,2,2,2,2,2,2,-31.086300,141.700820,181.000000,lev15,Almucantar
Fowlers_Gap,09:01:2019,12:00:00,9,9.000000,0.034800,1.180800,2.838200,1.008200,0.002400,0.133800,0.151800,0.514000,0.032200,2.801600,3.523400,0.625200,5,5,5,5,5,5,5,5,5,5,5,5,-31.086300,141.700820,181.000000,lev15,Almucantar
Fowlers_Gap,11:01:2019,12:00:00,11,11.000000,0.043400,1.079200,2.636800,1.049000,0.003400,0.137800,0.158000,0.535000,0.040000,2.642200,3.371800,0.645600,5,5,5,5,5,5,5,5,5,5,5,5,-31.086300,141.700820,181.000000,lev15,Almucantar
Fowlers_Gap,12:01:2019,12:00:00,12,12.000000,0.149000,0.827000,2.924000,1.257000,0.014000,0.101000,0.111000,0.465000,0.135000,3.018000,4.071000,0.726000,1,1,1,1,1,1,1,1,1,1,1,1,-31.086300,141.700820,181.000000,lev15,Almucantar
Fowlers_Gap,13:01:2019,12:00:00,13,13.000000,0.184750,1.293500,2.682250,0.912500,0.007500,0.110000,0.128500,0.593250,0.177500,2.394750,3.054750,0.663750,4,4,4,4,4,4,4,4,4,4,4,4,-31.086300,141.700820,181.000000,lev15,Almucantar
Fowlers_Gap,14:01:2019,12:00:00,14,14.000000,0.157000,1.246000,2.607000,0.919000,0.007000,0.116000,0.135000,0.582000,0.150000,2.401000,3.018000,0.643000,1,1,1,1,1,1,1,1,1,1,1,1,-31.086300,141.700820,181.000000,lev15,Almucantar
Fowlers_Gap,15:01:2019,12:00:00,15,15.000000,0.167000,1.369000,2.929000,0.920000,0.007000,0.111000,0.129000,0.589000,0.160000,2.590000,3.336000,0.666000,1,1,1,1,1,1,1,1,1,1,1,1,-31.086300,141.700820,181.000000,lev15,Almucantar
Fowlers_Gap,16:01:2019,12:00:00,16,16.000000,0.172667,1.108667,2.529333,0.978333,0.009000,0.107333,0.123667,0.583333,0.163667,2.349000,3.005000,0.667667,3,3,3,3,3,3,3,3,3,3,3,3,-31.086300,141.700820,181.000000,lev15,Almucantar
Fowlers_Gap,17:01:2019,12:00:00,17,17.000000,0.225000,1.291500,2.737000,0.902500,0.009000,0.103000,0.118500,0.572000,0.216000,2.487500,3.119000,0.638000,2,2,2,2,2,2,2,2,2,2,2,2,-31.086300,141.700820,181.000000,lev15,Almucantar
Fowlers_Gap,22:01:2019,12:00:00,22,22.000000,0.069500,0.815500,1.951500,1.074000,0.006000,0.112500,0.129500,0.569000,0.063500,1.973500,2.516000,0.689000,2,2,2,2,2,2,2,2,2,2,2,2,-31.086300,141.700820,181.000000,lev15,Almucantar
Fowlers_Gap,24:01:2019,12:00:00,24,24.000000,0.105800,1.261800,2.779200,0.956200,0.005200,0.118600,0.139200,0.591000,0.100600,2.486800,3.233800,0.682200,5,5,5,5,5,5,5,5,5,5,5,5,-31.086300,141.700820,181.000000,lev15,Almucantar
Fowlers_Gap,30:01:2019,12:00:00,30,30.000000,0.140000,1.214000,2.949000,1.017000,0.008000,0.117000,0.134000,0.554000,0.132000,2.671000,3.529000,0.699000,1,1,1,1,1,1,1,1,1,1,1,1,-31.086300,141.700820,181.000000,lev15,Almucantar
Fowlers_Gap,31:01:2019,12:00:00,31,31.000000,0.125000,1.022500,2.301250,1.014000,0.008750,0.122000,0.139750,0.551000,0.116750,2.206000,2.829250,0.681250,4,4,4,4,4,4,4,4,4,4,4,4,-31.086300,141.700820,181.000000,lev15,Almucantar
Fowlers_Gap,01:02:2019,12:00:00,32,32.000000,0.170833,1.127833,2.565500,0.981833,0.008667,0.106000,0.120500,0.543000,0.162333,2.356000,3.027833,0.680500,6,6,6,6,6,6,6,6,6,6,6,6,-31.086300,141.700820,181.000000,lev15,Almucantar
Fowlers_Gap,02:02:2019,12:00:00,33,33.000000,0.071000,0.744000,2.236000,1.242500,0.008000,0.118000,0.132500,0.519500,0.063000,2.384500,3.222000,0.738000,2,2,2,2,2,2,2,2,2,2,2,2,-31.086300,141.700820,181.000000,lev15,Almucantar
Fowlers_Gap,03:02:2019,12:00:00,34,34.000000,0.065500,1.065667,2.691667,1.070500,0.005000,0.129333,0.147000,0.532333,0.060500,2.604167,3.414833,0.683167,6,6,6,6,6,6,6,6,6,6,6,6,-31.086300,141.700820,181.000000,lev15,Almucantar
Fowlers_Gap,04:02:2019,12:00:00,35,35.000000,0.097250,1.192500,2.663750,0.976000,0.005250,0.123000,0.141250,0.551750,0.092000,2.467250,3.171250,0.669250,4,4,4,4,4,4,4,4,4,4,4,4,-31.086300,141.700820,181.000000,lev15,Almucantar
Fowlers_Gap,05:02:2019,12:00:00,36,36.000000,0.097200,0.911000,2.396600,1.123000,0.009000,0.125400,0.140400,0.501800,0.088400,2.439200,3.181400,0.691200,5,5,5,5,5,5,5,5,5,5,5,5,-31.086300,141.700820,181.000000,lev15,Almucantar
Fowlers_Gap,06:02:2019,12:00:00,37,37.000000,0.104333,1.045667,2.419333,0.998667,0.006667,0.114333,0.132000,0.563000,0.098000,2.321333,2.945333,0.657667,3,3,3,3,3,3,3,3,3,3,3,3,-31.086300,141.700820,181.000000,lev15,Almucantar
Fowlers_Gap,08:02:2019,12:00:00,39,39.000000,0.125714,1.079571,2.423000,0.997857,0.007000,0.115000,0.132286,0.562429,0.118714,2.241286,2.906429,0.693000,7,7,7,7,7,7,7,7,7,7,7,7,-31.086300,141.700820,181.000000,lev15,Almucantar
Fowlers_Gap,09:02:2019,12:00:00,40,40.000000,0.038500,0.839000,1.949500,1.103500,0.004000,0.143000,0.163500,0.529000,0.034500,2.013500,2.624500,0.710000,2,2,2,2,2,2,2,2,2,2,2,2,-31.086300,141.700820,181.000000,lev15,Almucantar
Fowlers_Gap,10:02:2019,12:00:00,41,41.000000,0.027833,0.925667,2.057167,1.112000,0.003333,0.173000,0.203667,0.560500,0.025000,1.954000,2.720667,0.788000,6,6,6,6,6,6,6,6,6,6,6,6,-31.086300,141.700820,181.000000,lev15,Almucantar
Fowlers_Gap,11:02:2019,12:00:00,42,42.000000,0.056833,1.185833,2.419667,0.999000,0.003500,0.159167,0.192167,0.605333,0.053667,2.194833,2.931000,0.727000,6,6,6,6,6,6,6,6,6,6,6,6,-31.086300,141.700820,181.000000,lev15,Almucantar
Fowlers_Gap,12:02:2019,12:00:00,43,43.000000,0.034000,0.681000,1.825250,1.250250,0.005250,0.139000,0.159250,0.536000,0.029000,2.039750,2.777000,0.761250,4,4,4,4,4,4,4,4,4,4,4,4,-31.086300,141.700820,181.000000,lev15,Almucantar
Fowlers_Gap,13:02:2019,12:00:00,44,44.000000,0.038500,1.117000,2.499750,1.061500,0.003250,0.164500,0.193250,0.558000,0.035500,2.294250,3.143000,0.746750,4,4,4,4,4,4,4,4,4,4,4,4,-31.086300,141.700820,181.000000,lev15,Almucantar
Fowlers_Gap,14:02:2019,12:00:00,45,45.000000,0.027667,1.125333,2.616500,1.071833,0.002167,0.164833,0.193000,0.552333,0.025167,2.488333,3.358333,0.718167,6,6,6,6,6,6,6,6,6,6,6,6,-31.086300,141.700820,181.000000,lev15,Almucantar
Fowlers_Gap,15:02:2019,12:00:00,46,46.000000,0.047286,1.117143,2.630000,1.024000,0.003714,0.136714,0.158000,0.547000,0.043571,2.552143,3.281143,0.660000,7,7,7,7,7,7,7,7,7,7,7,7,-31.086300,141.700820,181.000000,lev15,Almucantar
Fowlers_Gap,16:02:2019,12:00:00,47,47.000000,0.112000,0.828000,2.261500,1.149250,0.011000,0.116750,0.130750,0.507500,0.101500,2.345000,3.060000,0.693000,4,4,4,4,4,4,4,4,4,4,4,4,-31.086300,141.700820,181.000000,lev15,Almucantar
Fowlers_Gap,17:02:2019,12:00:00,48,48.000000,0.108000,0.748000,1.957667,1.156333,0.011667,0.117333,0.132333,0.517333,0.096333,2.079667,2.700333,0.703667,3,3,3,3,3,3,3,3,3,3,3,3,-31.086300,141.700820,181.000000,lev15,Almucantar
Fowlers_Gap,18:02:2019,12:00:00,49,49.000000,0.101200,0.589800,1.734600,1.303000,0.016600,0.123200,0.136000,0.465200,0.084400,2.171000,2.836000,0.700400,5,5,5,5,5,5,5,5,5,5,5,5,-31.086300,141.700820,181.000000,lev15,Almucantar
Fowlers_Gap,19:02:2019,12:00:00,50,50.000000,0.042200,0.634800,1.636200,1.332000,0.010200,0.144400,0.165400,0.504600,0.032000,2.025400,2.816000,0.781400,5,5,5,5,5,5,5,5,5,5,5,5,-31.086300,141.700820,181.000000,lev15,Almucantar
Fowlers_Gap,20:02:2019,12:00:00,51,51.000000,0.019333,0.785833,2.053167,1.232000,0.002667,0.162667,0.190500,0.555833,0.016500,2.128000,3.031667,0.800667,6,6,6,6,6,6,6,6,6,6,6,6,-31.086300,141.700820,181.000000,lev15,Almucantar
Fowlers_Gap,21:02:2019,12:00:00,52,52.000000,0.027250,1.083250,2.654250,1.082750,0.002250,0.149250,0.170500,0.521000,0.025000,2.854250,3.569500,0.619750,4,4,4,4,4,4,4,4,4,4,4,4,-31.086300,141.700820,181.000000,lev15,Almucantar
Fowlers_Gap,22:02:2019,12:00:00,53,53.000000,0.021000,0.873000,2.264000,1.139000,0.002000,0.143000,0.163000,0.514000,0.018000,2.458000,3.162000,0.663000,1,1,1,1,1,1,1,1,1,1,1,1,-31.086300,141.700820,181.000000,lev15,Almucantar
Fowlers_Gap,24:02:2019,12:00:00,55,55.000000,0.179000,1.837000,3.596000,0.820000,0.004000,0.099000,0.114000,0.573000,0.175000,3.058000,3.891000,0.633000,1,1,1,1,1,1,1,1,1,1,1,1,-31.086300,141.700820,181.000000,lev15,Almucantar
Fowlers_Gap,25:02:2019,12:00:00,56,56.000000,0.042000,0.951000,2.189000,1.067000,0.004000,0.142000,0.165000,0.555000,0.038000,2.151000,2.821000,0.707000,1,1,1,1,1,1,1,1,1,1,1,1,-31.086300,141.700820,181.000000,lev15,Almucantar
Fowlers_Gap,28:02:2019,12:00:00,59,59.000000,0.053667,0.570667,1.843333,1.391000,0.009667,0.126667,0.140667,0.473667,0.044000,2.502000,3.312333,0.694000,3,3,3,3,3,3,3,3,3,3,3,3,-31.086300,141.700820,181.000000,lev15,Almucantar
Fowlers_Gap,01:03:2019,12:00:00,60,60.000000,0.067500,0.907000,2.568500,1.176500,0.006500,0.124500,0.141500,0.528500,0.061000,2.629000,3.505000,0.709000,2,2,2,2,2,2,2,2,2,2,2,2,-31.086300,141.700820,181.000000,lev15,Almucantar
Fowlers_Gap,02:03:2019,12:00:00,61,61.000000,0.043000,1.110000,2.841500,1.073000,0.003000,0.132500,0.154000,0.561500,0.039500,2.704500,3.589500,0.694000,2,2,2,2,2,2,2,2,2,2,2,2,-31.086300,141.700820,181.000000,lev15,Almucantar
Fowlers_Gap,03:03:2019,12:00:00,62,62.000000,0.038000,0.612333,1.848000,1.323333,0.006667,0.134667,0.150333,0.483667,0.031667,2.382333,3.124333,0.690333,3,3,3,3,3,3,3,3,3,3,3,3,-31.086300,141.700820,181.000000,lev15,Almucantar
Fowlers_Gap,04:03:2019,12:00:00,63,63.000000,0.047000,0.638500,1.841500,1.275500,0.007500,0.131000,0.146500,0.483000,0.039500,2.273500,2.952500,0.684500,2,2,2,2,2,2,2,2,2,2,2,2,-31.086300,141.700820,181.000000,lev15,Almucantar
Fowlers_Gap,05:03:2019,12:00:00,64,64.000000,0.059000,1.002000,2.633000,1.096000,0.005000,0.128000,0.146000,0.537000,0.054000,2.609000,3.417000,0.678000,1,1,1,1,1,1,1,1,1,1,1,1,-31.086300,141.700820,181.000000,lev15,Almucantar
Fowlers_Gap,06:03:2019,12:00:00,65,65.000000,0.143000,1.682000,2.649000,0.753000,0.004000,0.151000,0.185000,0.632000,0.140000,2.313000,2.845000,0.614000,1,1,1,1,1,1,1,1,1,1,1,1,-31.086300,141.700820,181.000000,lev15,Almucantar
Fowlers_Gap,07:03:2019,12:00:00,66,66.000000,0.035000,1.311500,2.785000,0.960750,0.002000,0.161250,0.183000,0.503750,0.032750,2.668750,3.381000,0.638750,4,4,4,4,4,4,4,4,4,4,4,4,-31.086300,141.700820,181.000000,lev15,Almucantar
Fowlers_Gap,08:03:2019,12:00:00,67,67.000000,0.020000,0.997000,1.902000,0.986000,0.002000,0.203000,0.235000,0.505000,0.018000,1.894000,2.451000,0.682000,1,1,1,1,1,1,1,1,1,1,1,1,-31.086300,141.700820,181.000000,lev15,Almucantar
Fowlers_Gap,09:03:2019,12:00:00,68,68.000000,0.030667,0.984000,2.484000,1.100667,0.003000,0.139333,0.161333,0.550667,0.028333,2.471333,3.264667,0.693000,3,3,3,3,3,3,3,3,3,3,3,3,-31.086300,141.700820,181.000000,lev15,Almucantar
Fowlers_Gap,10:03:2019,12:00:00,69,69.000000,0.037000,0.875000,2.187000,1.136000,0.004000,0.141000,0.164000,0.559000,0.033000,2.205000,2.952000,0.732000,1,1,1,1,1,1,1,1,1,1,1,1,-31.086300,141.700820,181.000000,lev15,Almucantar
Fowlers_Gap,15:12:2019,12:00:00,349,349.000000,0.020200,0.908800,2.225000,1.156400,0.002400,0.169000,0.191600,0.501600,0.017600,2.551200,3.273800,0.662800,5,5,5,5,5,5,5,5,5,5,5,5,-31.086300,141.700820,181.000000,lev15,Almucantar
Fowlers_Gap,16:12:2019,12:00:00,350,350.000000,0.034400,1.230000,2.936400,1.017800,0.002200,0.142200,0.162800,0.527000,0.032000,2.857400,3.662200,0.644400,5,5,5,5,5,5,5,5,5,5,5,5,-31.086300,141.700820,181.000000,lev15,Almucantar
Fowlers_Gap,17:12:2019,12:00:00,351,351.000000,0.031000,1.102000,2.638000,1.054000,0.003000,0.158000,0.181000,0.523000,0.028000,2.653000,3.428000,0.650000,1,1,1,1,1,1,1,1,1,1,1,1,-31.086300,141.700820,181.000000,lev15,Almucantar
Fowlers_Gap,18:12:2019,12:00:00,352,352.000000,0.053667,0.256333,0.710667,1.637333,0.026000,0.132000,0.142000,0.397667,0.027667,2.677333,3.448333,0.663667,3,3,3,3,3,3,3,3,3,3,3,3,-31.086300,141.700820,181.000000,lev15,Almucantar
Fowlers_Gap,19:12:2019,12:00:00,353,353.000000,0.128143,0.259857,0.693714,1.617286,0.066429,0.133000,0.142000,0.372000,0.061857,2.355571,3.128571,0.708000,7,7,7,7,7,7,7,7,7,7,7,7,-31.086300,141.700820,181.000000,lev15,Almucantar
Fowlers_Gap,20:12:2019,12:00:00,354,354.000000,0.089333,0.290667,0.796667,1.566667,0.040000,0.132000,0.141000,0.370667,0.049000,2.120333,2.844000,0.737333,3,3,3,3,3,3,3,3,3,3,3,3,-31.086300,141.700820,181.000000,lev15,Almucantar
Fowlers_Gap,21:12:2019,12:00:00,355,355.000000,0.287000,0.783000,1.702000,1.021000,0.030000,0.131000,0.147000,0.511000,0.257000,1.896000,2.270000,0.589000,1,1,1,1,1,1,1,1,1,1,1,1,-31.086300,141.700820,181.000000,lev15,Almucantar
Fowlers_Gap,22:12:2019,12:00:00,356,356.000000,0.126667,0.517500,1.432667,1.329000,0.025000,0.121000,0.132833,0.446000,0.101833,1.959000,2.519833,0.698167,6,6,6,6,6,6,6,6,6,6,6,6,-31.086300,141.700820,181.000000,lev15,Almucantar
Fowlers_Gap,24:12:2019,12:00:00,358,358.000000,0.048667,0.553333,1.568000,1.334000,0.009667,0.138333,0.154667,0.486000,0.038667,2.070000,2.751667,0.732667,3,3,3,3,3,3,3,3,3,3,3,3,-31.086300,141.700820,181.000000,lev15,Almucantar
Fowlers_Gap,25:12:2019,12:00:00,359,359.000000,0.065500,0.818500,2.260000,1.171500,0.008000,0.140000,0.156500,0.482500,0.057000,2.661000,3.307000,0.610500,2,2,2,2,2,2,2,2,2,2,2,2,-31.086300,141.700820,181.000000,lev15,Almucantar
Fowlers_Gap,26:12:2019,12:00:00,360,360.000000,0.043000,0.521400,1.508800,1.385200,0.009000,0.140000,0.155200,0.462800,0.033800,2.191400,2.895600,0.709800,5,5,5,5,5,5,5,5,5,5,5,5,-31.086300,141.700820,181.000000,lev15,Almucantar
Fowlers_Gap,27:12:2019,12:00:00,361,361.000000,0.095500,0.384500,1.073500,1.488000,0.033000,0.148000,0.163500,0.460500,0.063000,2.263000,2.871000,0.661000,2,2,2,2,2,2,2,2,2,2,2,2,-31.086300,141.700820,181.000000,lev15,Almucantar
Fowlers_Gap,28:12:2019,12:00:00,362,362.000000,0.093500,0.337500,0.997750,1.579500,0.039000,0.136500,0.147750,0.413500,0.054750,2.489750,3.205000,0.666250,4,4,4,4,4,4,4,4,4,4,4,4,-31.086300,141.700820,181.000000,lev15,Almucantar
Fowlers_Gap,29:12:2019,12:00:00,363,363.000000,0.104500,0.785000,2.072000,1.170000,0.013000,0.135500,0.152000,0.490500,0.091500,2.308000,2.969000,0.674000,2,2,2,2,2,2,2,2,2,2,2,2,-31.086300,141.700820,181.000000,lev15,Almucantar
Fowlers_Gap,30:12:2019,12:00:00,364,364.000000,0.082000,0.750000,2.131000,1.229000,0.011000,0.137000,0.152000,0.463000,0.071000,2.498000,3.225000,0.670000,1,1,1,1,1,1,1,1,1,1,1,1,-31.086300,141.700820,181.000000,lev15,Almucantar
Fowlers_Gap,31:12:2019,12:00:00,365,365.000000,0.296250,0.770250,2.007750,1.158500,0.035250,0.127500,0.142000,0.484500,0.261250,2.312250,2.895000,0.639250,4,4,4,4,4,4,4,4,4,4,4,4,-31.086300,141.700820,181.000000,lev15,Almucantar
Fowlers_Gap,01:01:2020,12:00:00,1,1.000000,0.040200,0.672200,1.879400,1.253800,0.006200,0.139000,0.157200,0.509200,0.034000,2.273400,2.965600,0.688600,5,5,5,5,5,5,5,5,5,5,5,5,-31.086300,141.700820,181.000000,lev15,Almucantar
Fowlers_Gap,02:01:2020,12:00:00,2,2.000000,0.036571,0.388857,1.144714,1.488857,0.015143,0.147286,0.161857,0.446429,0.021714,2.668000,3.423000,0.664714,7,7,7,7,7,7,7,7,7,7,7,7,-31.086300,141.700820,181.000000,lev15,Almucantar
Fowlers_Gap,03:01:2020,12:00:00,3,3.000000,0.083000,0.670800,1.740200,1.282600,0.015800,0.156600,0.176000,0.493800,0.067000,2.469800,3.112000,0.646800,5,5,5,5,5,5,5,5,5,5,5,5,-31.086300,141.700820,181.000000,lev15,Almucantar
Fowlers_Gap,04:01:2020,12:00:00,4,4.000000,0.172000,1.053000,2.423000,0.998000,0.011000,0.115000,0.131000,0.545000,0.161000,2.314000,2.944000,0.660000,1,1,1,1,1,1,1,1,1,1,1,1,-31.086300,141.700820,181.000000,lev15,Almucantar
Fowlers_Gap,07:01:2020,12:00:00,7,7.000000,0.349667,0.697000,1.511333,1.134333,0.073333,0.197667,0.224667,0.501667,0.276333,2.100333,2.504000,0.589333,3,3,3,3,3,3,3,3,3,3,3,3,-31.086300,141.700820,181.000000,lev15,Almucantar
Fowlers_Gap,08:01:2020,12:00:00,8,8.000000,0.225333,0.617333,1.420333,1.246000,0.058667,0.202667,0.224000,0.439667,0.166667,2.200333,2.717333,0.641667,3,3,3,3,3,3,3,3,3,3,3,3,-31.086300,141.700820,181.000000,lev15,Almucantar
Fowlers_Gap,09:01:2020,12:00:00,9,9.000000,0.233000,0.659000,1.629000,1.236000,0.050000,0.182000,0.208000,0.510000,0.183000,2.342000,2.872000,0.623000,1,1,1,1,1,1,1,1,1,1,1,1,-31.086300,141.700820,181.000000,lev15,Almucantar
Fowlers_Gap,10:01:2020,12:00:00,10,10.000000,0.283333,0.779667,1.856000,1.143333,0.039667,0.164000,0.181667,0.455000,0.244000,2.221000,2.771333,0.638000,3,3,3,3,3,3,3,3,3,3,3,3,-31.086300,141.700820,181.000000,lev15,Almucantar
Fowlers_Gap,11:01:2020,12:00:00,11,11.000000,0.066000,1.448667,2.987667,0.905000,0.003333,0.142333,0.166000,0.564667,0.063000,2.737333,3.463333,0.628667,3,3,3,3,3,3,3,3,3,3,3,3,-31.086300,141.700820,181.000000,lev15,Almucantar
Fowlers_Gap,01:09:2020,12:00:00,245,245.000000,0.010250,0.403500,0.818250,1.280750,0.004250,0.194000,0.219750,0.500500,0.006250,1.561000,2.036750,0.759500,4,4,4,4,4,4,4,4,4,4,4,4,-31.086300,141.700820,181.000000,lev15,Almucantar
Fowlers_Gap,03:09:2020,12:00:00,247,247.000000,0.051625,0.814500,2.098625,1.173750,0.006375,0.146000,0.164625,0.499250,0.045250,2.320250,3.028625,0.691125,8,8,8,8,8,8,8,8,8,8,8,8,-31.086300,141.700820,181.000000,lev15,Almucantar
Fowlers_Gap,04:09:2020,12:00:00,248,248.000000,0.027000,0.735667,1.771000,1.229667,0.004333,0.178667,0.202333,0.486333,0.022333,1.953667,2.734667,0.798000,3,3,3,3,3,3,3,3,3,3,3,3,-31.086300,141.700820,181.000000,lev15,Almucantar
Fowlers_Gap,05:09:2020,12:00:00,249,249.000000,0.015000,0.353167,0.767833,1.379833,0.007167,0.183167,0.205333,0.472000,0.008167,1.836667,2.426667,0.752000,6,6,6,6,6,6,6,6,6,6,6,6,-31.086300,141.700820,181.000000,lev15,Almucantar
Fowlers_Gap,06:09:2020,12:00:00,250,250.000000,0.015000,0.442000,1.096500,1.393375,0.005250,0.180500,0.205625,0.510375,0.009750,2.027875,2.693125,0.740000,8,8,8,8,8,8,8,8,8,8,8,8,-31.086300,141.700820,181.000000,lev15,Almucantar
Fowlers_Gap,07:09:2020,12:00:00,251,251.000000,0.011750,0.351000,0.886500,1.488750,0.005250,0.165500,0.185750,0.482000,0.006750,2.151000,2.871750,0.734500,4,4,4,4,4,4,4,4,4,4,4,4,-31.086300,141.700820,181.000000,lev15,Almucantar
Fowlers_Gap,10:09:2020,12:00:00,254,254.000000,0.021714,0.416286,1.104429,1.446286,0.006714,0.152714,0.170143,0.462143,0.015143,1.825286,2.557857,0.810857,7,7,7,7,7,7,7,7,7,7,7,7,-31.086300,141.700820,181.000000,lev15,Almucantar
Fowlers_Gap,11:09:2020,12:00:00,255,255.000000,0.013250,0.532750,1.568500,1.441250,0.003500,0.173000,0.194750,0.477000,0.009750,2.501750,3.433250,0.735750,4,4,4,4,4,4,4,4,4,4,4,4,-31.086300,141.700820,181.000000,lev15,Almucantar
Fowlers_Gap,12:09:2020,12:00:00,256,256.000000,0.020750,0.509000,1.388250,1.381375,0.004875,0.152000,0.169750,0.479125,0.015750,1.941625,2.686625,0.783500,8,8,8,8,8,8,8,8,8,8,8,8,-31.086300,141.700820,181.000000,lev15,Almucantar
Fowlers_Gap,13:09:2020,12:00:00,257,257.000000,0.026000,0.516000,1.300000,1.309000,0.006000,0.157000,0.177000,0.483000,0.020000,1.863000,2.448000,0.719000,1,1,1,1,1,1,1,1,1,1,1,1,-31.086300,141.700820,181.000000,lev15,Almucantar
Fowlers_Gap,14:09:2020,12:00:00,258,258.000000,0.018500,0.485667,1.235333,1.386833,0.005333,0.174167,0.195833,0.484500,0.013000,2.026500,2.733500,0.761833,6,6,6,6,6,6,6,6,6,6,6,6,-31.086300,141.700820,181.000000,lev15,Almucantar
Fowlers_Gap,15:09:2020,12:00:00,259,259.000000,0.011857,0.368000,0.874143,1.410143,0.005000,0.177857,0.202714,0.511714,0.006571,2.087000,2.668429,0.691429,7,7,7,7,7,7,7,7,7,7,7,7,-31.086300,141.700820,181.000000,lev15,Almucantar
Fowlers_Gap,16:09:2020,12:00:00,260,260.000000,0.018200,0.492200,1.339800,1.394800,0.004800,0.160400,0.181400,0.499600,0.013200,2.115200,2.824400,0.734800,5,5,5,5,5,5,5,5,5,5,5,5,-31.086300,141.700820,181.000000,lev15,Almucantar
Fowlers_Gap,17:09:2020,12:00:00,261,261.000000,0.024500,0.514000,1.365000,1.336000,0.005500,0.146000,0.163500,0.481500,0.019000,1.930000,2.544500,0.723500,2,2,2,2,2,2,2,2,2,2,2,2,-31.086300,141.700820,181.000000,lev15,Almucantar
Fowlers_Gap,19:09:2020,12:00:00,263,263.000000,0.014000,0.226000,0.467000,1.462000,0.009000,0.144000,0.161000,0.489000,0.005000,1.876000,2.462000,0.747000,1,1,1,1,1,1,1,1,1,1,1,1,-31.086300,141.700820,181.000000,lev15,Almucantar
Fowlers_Gap,20:09:2020,12:00:00,264,264.000000,0.014500,0.294000,0.777500,1.405500,0.007500,0.153000,0.184000,0.605500,0.007000,2.756500,3.482500,0.664500,2,2,2,2,2,2,2,2,2,2,2,2,-31.086300,141.700820,181.000000,lev15,Almucantar
Fowlers_Gap,21:09:2020,12:00:00,265,265.000000,0.019000,0.292000,0.889000,1.658000,0.008000,0.136000,0.160000,0.589000,0.011000,2.409000,3.333000,0.766000,1,1,1,1,1,1,1,1,1,1,1,1,-31.086300,141.700820,181.000000,lev15,Almucantar
Fowlers_Gap,22:09:2020,12:00:00,266,266.000000,0.024000,0.512250,1.254250,1.326750,0.006000,0.171500,0.191500,0.465500,0.018000,1.831500,2.498250,0.782500,4,4,4,4,4,4,4,4,4,4,4,4,-31.086300,141.700820,181.000000,lev15,Almucantar
Fowlers_Gap,23:09:2020,12:00:00,267,267.000000,0.028500,0.841000,1.621000,1.080000,0.004500,0.223500,0.244500,0.399000,0.024500,1.720000,2.299500,0.754500,2,2,2,2,2,2,2,2,2,2,2,2,-31.086300,141.700820,181.000000,lev15,Almucantar
Fowlers_Gap,24:09:2020,12:00:00,268,268.000000,0.030000,0.570250,1.375750,1.294750,0.007750,0.182500,0.202000,0.441250,0.022500,2.018250,2.639250,0.715500,4,4,4,4,4,4,4,4,4,4,4,4,-31.086300,141.700820,181.000000,lev15,Almucantar
Fowlers_Gap,26:09:2020,12:00:00,270,270.000000,0.039500,0.481500,1.193000,1.366000,0.011000,0.164500,0.180500,0.431000,0.028500,1.805000,2.461000,0.777000,2,2,2,2,2,2,2,2,2,2,2,2,-31.086300,141.700820,181.000000,lev15,Almucantar
Fowlers_Gap,27:09:2020,12:00:00,271,271.000000,0.023000,0.465000,1.141000,1.372333,0.007000,0.171000,0.188000,0.435333,0.016333,1.786000,2.473000,0.795000,3,3,3,3,3,3,3,3,3,3,3,3,-31.086300,141.700820,181.000000,lev15,Almucantar
Fowlers_Gap,26:12:2020,12:00:00,361,361.000000,0.020500,0.889667,2.156167,1.149333,0.002833,0.180000,0.206000,0.513500,0.017500,2.395833,3.130833,0.689333,6,6,6,6,6,6,6,6,6,6,6,6,-31.086300,141.700820,181.000000,lev15,Almucantar
Fowlers_Gap,28:12:2020,12:00:00,363,363.000000,0.047833,1.039667,2.324500,1.050500,0.003667,0.147500,0.171333,0.551000,0.044167,2.197333,2.919500,0.725500,6,6,6,6,6,6,6,6,6,6,6,6,-31.086300,141.700820,181.000000,lev15,Almucantar
Fowlers_Gap,29:12:2020,12:00:00,364,364.000000,0.016857,0.895857,2.000143,1.121714,0.002286,0.195714,0.220429,0.477000,0.014286,2.202714,2.881429,0.701571,7,7,7,7,7,7,7,7,7,7,7,7,-31.086300,141.700820,181.000000,lev15,Almucantar
Fowlers_Gap,30:12:2020,12:00:00,365,365.000000,0.015000,0.842000,1.999000,1.142000,0.002000,0.173000,0.197000,0.496000,0.013000,2.226000,2.902000,0.685000,1,1,1,1,1,1,1,1,1,1,1,1,-31.086300,141.700820,181.000000,lev15,Almucantar
Fowlers_Gap,01:01:2021,12:00:00,1,1.000000,0.017667,0.439000,1.126333,1.415333,0.005333,0.157667,0.174667,0.452000,0.012333,1.795667,2.493333,0.807333,3,3,3,3,3,3,3,3,3,3,3,3,-31.086300,141.700820,181.000000,lev15,Almucantar
