AERONET Data Download (Version 3 Direct Sun and Inversion Algorithms)
AERONET Version 3
Kupang
Version 3: Almucantar Level 1.5 Inversion
The following data are cloud cleared and quality controls have been applied but these data may not have final calibration applied.  These data may change.
Daily Averages,Contact: PI=Apolinaris_S._Geru; PI Email=apolinarissgeru@yahoo.com 
AERONET_AERONET_Site,Date(dd:mm:yyyy),Time(hh:mm:ss),Day_of_Year,Day_of_Year(fraction),Refractive_Index-Real_Part[440nm],Refractive_Index-Real_Part[675nm],Refractive_Index-Real_Part[870nm],Refractive_Index-Real_Part[1020nm],Refractive_Index-Imaginary_Part[440nm],Refractive_Index-Imaginary_Part[675nm],Refractive_Index-Imaginary_Part[870nm],Refractive_Index-Imaginary_Part[1020nm],N[Refractive_Index-Real_Part[440nm]],N[Refractive_Index-Real_Part[675nm]],N[Refractive_Index-Real_Part[870nm]],N[Refractive_Index-Real_Part[1020nm]],N[Refractive_Index-Imaginary_Part[440nm]],N[Refractive_Index-Imaginary_Part[675nm]],N[Refractive_Index-Imaginary_Part[870nm]],N[Refractive_Index-Imaginary_Part[1020nm]],Latitude(Degrees),Longitude(Degrees),Elevation(m),Level,Retrieval_Measurement_Scan_Type
Kupang,19:11:2019,12:00:00,323,323.000000,1.600000,1.600000,1.600000,1.600000,0.000705,0.000860,0.001017,0.000996,1,1,1,1,1,1,1,1,-10.139178,123.667097,30.000000,lev15,Almucantar
Kupang,20:11:2019,12:00:00,324,324.000000,1.596733,1.597533,1.597900,1.596600,0.007200,0.008002,0.010640,0.012557,3,3,3,3,3,3,3,3,-10.139178,123.667097,30.000000,lev15,Almucantar
Kupang,21:11:2019,12:00:00,325,325.000000,1.485860,1.512800,1.527070,1.527090,0.010560,0.008808,0.010769,0.011832,10,10,10,10,10,10,10,10,-10.139178,123.667097,30.000000,lev15,Almucantar
Kupang,22:11:2019,12:00:00,326,326.000000,1.574150,1.578050,1.579633,1.576117,0.008291,0.009280,0.011806,0.013955,6,6,6,6,6,6,6,6,-10.139178,123.667097,30.000000,lev15,Almucantar
Kupang,23:11:2019,12:00:00,327,327.000000,1.483450,1.499200,1.501950,1.495133,0.005932,0.005849,0.008033,0.009653,6,6,6,6,6,6,6,6,-10.139178,123.667097,30.000000,lev15,Almucantar
Kupang,24:11:2019,12:00:00,328,328.000000,1.427567,1.454700,1.466000,1.467933,0.006216,0.005310,0.006811,0.007598,3,3,3,3,3,3,3,3,-10.139178,123.667097,30.000000,lev15,Almucantar
Kupang,26:11:2019,12:00:00,330,330.000000,1.483020,1.497900,1.496380,1.488380,0.005062,0.006263,0.007972,0.008408,5,5,5,5,5,5,5,5,-10.139178,123.667097,30.000000,lev15,Almucantar
Kupang,27:11:2019,12:00:00,331,331.000000,1.550375,1.551700,1.545725,1.537025,0.006784,0.008256,0.012674,0.015797,4,4,4,4,4,4,4,4,-10.139178,123.667097,30.000000,lev15,Almucantar
Kupang,28:11:2019,12:00:00,332,332.000000,1.561600,1.571200,1.569700,1.565800,0.007092,0.015294,0.023377,0.027124,2,2,2,2,2,2,2,2,-10.139178,123.667097,30.000000,lev15,Almucantar
Kupang,29:11:2019,12:00:00,333,333.000000,1.592667,1.588333,1.586900,1.585600,0.011466,0.012228,0.015367,0.017494,3,3,3,3,3,3,3,3,-10.139178,123.667097,30.000000,lev15,Almucantar
Kupang,30:11:2019,12:00:00,334,334.000000,1.446275,1.468025,1.483550,1.485000,0.004717,0.005582,0.007520,0.008871,4,4,4,4,4,4,4,4,-10.139178,123.667097,30.000000,lev15,Almucantar
Kupang,01:12:2019,12:00:00,335,335.000000,1.553700,1.554900,1.558800,1.560500,0.002789,0.001717,0.002392,0.002678,1,1,1,1,1,1,1,1,-10.139178,123.667097,30.000000,lev15,Almucantar
Kupang,06:12:2019,12:00:00,340,340.000000,1.578133,1.561900,1.548200,1.536767,0.007582,0.006643,0.010341,0.014416,3,3,3,3,3,3,3,3,-10.139178,123.667097,30.000000,lev15,Almucantar
Kupang,07:12:2019,12:00:00,341,341.000000,1.454700,1.480700,1.492200,1.493300,0.009662,0.008016,0.010185,0.010431,2,2,2,2,2,2,2,2,-10.139178,123.667097,30.000000,lev15,Almucantar
Kupang,08:12:2019,12:00:00,342,342.000000,1.482183,1.517200,1.531567,1.532667,0.005926,0.003933,0.005081,0.005914,6,6,6,6,6,6,6,6,-10.139178,123.667097,30.000000,lev15,Almucantar
Kupang,09:12:2019,12:00:00,343,343.000000,1.539767,1.546900,1.550933,1.546000,0.005048,0.004144,0.006137,0.007102,3,3,3,3,3,3,3,3,-10.139178,123.667097,30.000000,lev15,Almucantar
Kupang,10:12:2019,12:00:00,344,344.000000,1.534000,1.541860,1.537740,1.528240,0.009567,0.008690,0.012542,0.016106,5,5,5,5,5,5,5,5,-10.139178,123.667097,30.000000,lev15,Almucantar
Kupang,11:12:2019,12:00:00,345,345.000000,1.577950,1.568700,1.563800,1.556100,0.007364,0.006873,0.007222,0.007342,2,2,2,2,2,2,2,2,-10.139178,123.667097,30.000000,lev15,Almucantar
Kupang,12:12:2019,12:00:00,346,346.000000,1.581567,1.572800,1.564033,1.557333,0.004819,0.005893,0.010721,0.013521,3,3,3,3,3,3,3,3,-10.139178,123.667097,30.000000,lev15,Almucantar
Kupang,15:12:2019,12:00:00,349,349.000000,1.529667,1.539000,1.547917,1.549650,0.005595,0.004892,0.005474,0.006004,6,6,6,6,6,6,6,6,-10.139178,123.667097,30.000000,lev15,Almucantar
Kupang,16:12:2019,12:00:00,350,350.000000,1.600000,1.600000,1.600000,1.600000,0.006155,0.011349,0.006596,0.005967,1,1,1,1,1,1,1,1,-10.139178,123.667097,30.000000,lev15,Almucantar
Kupang,17:12:2019,12:00:00,351,351.000000,1.540720,1.532600,1.514620,1.500000,0.009740,0.008401,0.011588,0.014450,5,5,5,5,5,5,5,5,-10.139178,123.667097,30.000000,lev15,Almucantar
Kupang,18:12:2019,12:00:00,352,352.000000,1.525380,1.546640,1.551260,1.548700,0.008468,0.006850,0.008939,0.010758,5,5,5,5,5,5,5,5,-10.139178,123.667097,30.000000,lev15,Almucantar
Kupang,19:12:2019,12:00:00,353,353.000000,1.530950,1.550750,1.555100,1.554750,0.002448,0.002779,0.002887,0.002847,2,2,2,2,2,2,2,2,-10.139178,123.667097,30.000000,lev15,Almucantar
Kupang,20:12:2019,12:00:00,354,354.000000,1.534950,1.537150,1.540750,1.543050,0.004972,0.005485,0.007023,0.008029,2,2,2,2,2,2,2,2,-10.139178,123.667097,30.000000,lev15,Almucantar
Kupang,21:12:2019,12:00:00,355,355.000000,1.533820,1.541120,1.530540,1.522600,0.007983,0.006956,0.009312,0.011817,5,5,5,5,5,5,5,5,-10.139178,123.667097,30.000000,lev15,Almucantar
Kupang,22:12:2019,12:00:00,356,356.000000,1.509300,1.508820,1.511220,1.504480,0.010936,0.010443,0.012149,0.013276,5,5,5,5,5,5,5,5,-10.139178,123.667097,30.000000,lev15,Almucantar
Kupang,24:12:2019,12:00:00,358,358.000000,1.494625,1.485800,1.481600,1.473775,0.009092,0.009763,0.011382,0.012809,4,4,4,4,4,4,4,4,-10.139178,123.667097,30.000000,lev15,Almucantar
Kupang,25:12:2019,12:00:00,359,359.000000,1.541786,1.535857,1.531057,1.518500,0.017550,0.022021,0.027557,0.030741,7,7,7,7,7,7,7,7,-10.139178,123.667097,30.000000,lev15,Almucantar
Kupang,26:12:2019,12:00:00,360,360.000000,1.596250,1.598800,1.600000,1.600000,0.008684,0.015213,0.023615,0.029235,2,2,2,2,2,2,2,2,-10.139178,123.667097,30.000000,lev15,Almucantar
Kupang,27:12:2019,12:00:00,361,361.000000,1.512550,1.539450,1.548450,1.548250,0.008311,0.007868,0.008700,0.008790,2,2,2,2,2,2,2,2,-10.139178,123.667097,30.000000,lev15,Almucantar
Kupang,28:12:2019,12:00:00,362,362.000000,1.502020,1.509600,1.513660,1.513600,0.006538,0.006224,0.007752,0.008744,5,5,5,5,5,5,5,5,-10.139178,123.667097,30.000000,lev15,Almucantar
Kupang,31:12:2019,12:00:00,365,365.000000,1.554400,1.550200,1.550300,1.551600,0.008563,0.008027,0.012924,0.016437,1,1,1,1,1,1,1,1,-10.139178,123.667097,30.000000,lev15,Almucantar
Kupang,10:01:2020,12:00:00,10,10.000000,1.600000,1.600000,1.600000,1.600000,0.001710,0.000519,0.000500,0.000500,1,1,1,1,1,1,1,1,-10.139178,123.667097,30.000000,lev15,Almucantar
Kupang,18:01:2020,12:00:00,18,18.000000,1.578200,1.562300,1.535600,1.522300,0.000931,0.003474,0.005582,0.005103,1,1,1,1,1,1,1,1,-10.139178,123.667097,30.000000,lev15,Almucantar
Kupang,20:01:2020,12:00:00,20,20.000000,1.443600,1.481600,1.501600,1.509400,0.000500,0.000500,0.000524,0.000534,1,1,1,1,1,1,1,1,-10.139178,123.667097,30.000000,lev15,Almucantar
Kupang,25:01:2020,12:00:00,25,25.000000,1.476350,1.486200,1.478250,1.474500,0.000685,0.001443,0.006348,0.009509,2,2,2,2,2,2,2,2,-10.139178,123.667097,30.000000,lev15,Almucantar
Kupang,29:01:2020,12:00:00,29,29.000000,1.468850,1.462600,1.451350,1.452350,0.003309,0.002313,0.003244,0.005005,2,2,2,2,2,2,2,2,-10.139178,123.667097,30.000000,lev15,Almucantar
Kupang,01:02:2020,12:00:00,32,32.000000,1.582733,1.585500,1.584467,1.584000,0.001204,0.001832,0.002663,0.003027,3,3,3,3,3,3,3,3,-10.139178,123.667097,30.000000,lev15,Almucantar
Kupang,05:02:2020,12:00:00,36,36.000000,1.542600,1.533600,1.534500,1.531900,0.000500,0.000500,0.000500,0.001921,1,1,1,1,1,1,1,1,-10.139178,123.667097,30.000000,lev15,Almucantar
Kupang,06:02:2020,12:00:00,37,37.000000,1.553950,1.534825,1.521988,1.518550,0.007331,0.006939,0.008193,0.010491,8,8,8,8,8,8,8,8,-10.139178,123.667097,30.000000,lev15,Almucantar
Kupang,13:02:2020,12:00:00,44,44.000000,1.573800,1.600000,1.600000,1.600000,0.099558,0.079139,0.060173,0.055731,1,1,1,1,1,1,1,1,-10.139178,123.667097,30.000000,lev15,Almucantar
Kupang,14:02:2020,12:00:00,45,45.000000,1.498100,1.503600,1.485500,1.482200,0.015284,0.012814,0.017198,0.023147,1,1,1,1,1,1,1,1,-10.139178,123.667097,30.000000,lev15,Almucantar
Kupang,16:02:2020,12:00:00,47,47.000000,1.516125,1.522900,1.494175,1.488250,0.010960,0.010962,0.014314,0.017960,4,4,4,4,4,4,4,4,-10.139178,123.667097,30.000000,lev15,Almucantar
Kupang,17:02:2020,12:00:00,48,48.000000,1.596850,1.600000,1.600000,1.600000,0.008126,0.008535,0.009093,0.010184,2,2,2,2,2,2,2,2,-10.139178,123.667097,30.000000,lev15,Almucantar
Kupang,18:02:2020,12:00:00,49,49.000000,1.576533,1.572667,1.571667,1.571800,0.012903,0.010768,0.014798,0.016513,3,3,3,3,3,3,3,3,-10.139178,123.667097,30.000000,lev15,Almucantar
Kupang,20:02:2020,12:00:00,51,51.000000,1.600000,1.600000,1.600000,1.600000,0.001015,0.001001,0.000994,0.000992,2,2,2,2,2,2,2,2,-10.139178,123.667097,30.000000,lev15,Almucantar
Kupang,22:02:2020,12:00:00,53,53.000000,1.524500,1.524400,1.525900,1.526200,0.500000,0.500000,0.500000,0.500000,1,1,1,1,1,1,1,1,-10.139178,123.667097,30.000000,lev15,Almucantar
Kupang,24:02:2020,12:00:00,55,55.000000,1.600000,1.600000,1.598400,1.596300,0.007283,0.004451,0.007766,0.012458,1,1,1,1,1,1,1,1,-10.139178,123.667097,30.000000,lev15,Almucantar
Kupang,25:02:2020,12:00:00,56,56.000000,1.574333,1.565033,1.558667,1.555800,0.003999,0.008935,0.010642,0.014086,3,3,3,3,3,3,3,3,-10.139178,123.667097,30.000000,lev15,Almucantar
Kupang,26:02:2020,12:00:00,57,57.000000,1.512775,1.515825,1.513325,1.510600,0.005690,0.010394,0.015559,0.017517,4,4,4,4,4,4,4,4,-10.139178,123.667097,30.000000,lev15,Almucantar
Kupang,11:03:2020,12:00:00,71,71.000000,1.453467,1.463867,1.463900,1.456900,0.016510,0.027955,0.036260,0.043981,3,3,3,3,3,3,3,3,-10.139178,123.667097,30.000000,lev15,Almucantar
Kupang,12:03:2020,12:00:00,72,72.000000,1.480500,1.486800,1.489200,1.486000,0.005375,0.005854,0.005706,0.005460,1,1,1,1,1,1,1,1,-10.139178,123.667097,30.000000,lev15,Almucantar
Kupang,13:03:2020,12:00:00,73,73.000000,1.545983,1.563767,1.566700,1.562233,0.015036,0.018113,0.025144,0.029461,6,6,6,6,6,6,6,6,-10.139178,123.667097,30.000000,lev15,Almucantar
Kupang,14:03:2020,12:00:00,74,74.000000,1.529950,1.520150,1.506450,1.499300,0.021062,0.025529,0.027511,0.030908,4,4,4,4,4,4,4,4,-10.139178,123.667097,30.000000,lev15,Almucantar
Kupang,15:03:2020,12:00:00,75,75.000000,1.350100,1.371700,1.375500,1.377500,0.004658,0.001710,0.003008,0.003601,1,1,1,1,1,1,1,1,-10.139178,123.667097,30.000000,lev15,Almucantar
Kupang,16:03:2020,12:00:00,76,76.000000,1.573250,1.571350,1.533550,1.522500,0.015805,0.019256,0.023344,0.024695,2,2,2,2,2,2,2,2,-10.139178,123.667097,30.000000,lev15,Almucantar
Kupang,17:03:2020,12:00:00,77,77.000000,1.586860,1.595780,1.594240,1.592480,0.167223,0.151492,0.144716,0.139532,5,5,5,5,5,5,5,5,-10.139178,123.667097,30.000000,lev15,Almucantar
Kupang,18:03:2020,12:00:00,78,78.000000,1.575860,1.568320,1.545080,1.532820,0.033791,0.041687,0.043635,0.049412,5,5,5,5,5,5,5,5,-10.139178,123.667097,30.000000,lev15,Almucantar
Kupang,19:03:2020,12:00:00,79,79.000000,1.550429,1.553357,1.529471,1.518129,0.016058,0.020622,0.024942,0.029258,7,7,7,7,7,7,7,7,-10.139178,123.667097,30.000000,lev15,Almucantar
Kupang,22:03:2020,12:00:00,82,82.000000,1.496925,1.516525,1.510350,1.508550,0.026729,0.023392,0.027821,0.035174,4,4,4,4,4,4,4,4,-10.139178,123.667097,30.000000,lev15,Almucantar
Kupang,23:03:2020,12:00:00,83,83.000000,1.517260,1.527920,1.523460,1.516900,0.023988,0.020877,0.023966,0.025259,5,5,5,5,5,5,5,5,-10.139178,123.667097,30.000000,lev15,Almucantar
Kupang,24:03:2020,12:00:00,84,84.000000,1.532980,1.556280,1.550420,1.547580,0.022202,0.023954,0.027355,0.029388,5,5,5,5,5,5,5,5,-10.139178,123.667097,30.000000,lev15,Almucantar
Kupang,25:03:2020,12:00:00,85,85.000000,1.600000,1.600000,1.600000,1.600000,0.006491,0.006259,0.006072,0.005995,1,1,1,1,1,1,1,1,-10.139178,123.667097,30.000000,lev15,Almucantar
Kupang,29:03:2020,12:00:00,89,89.000000,1.582960,1.576060,1.560020,1.554440,0.023238,0.030544,0.038869,0.047995,5,5,5,5,5,5,5,5,-10.139178,123.667097,30.000000,lev15,Almucantar
Kupang,30:03:2020,12:00:00,90,90.000000,1.588700,1.600000,1.600000,1.600000,0.006936,0.012880,0.019091,0.021767,1,1,1,1,1,1,1,1,-10.139178,123.667097,30.000000,lev15,Almucantar
Kupang,31:03:2020,12:00:00,91,91.000000,1.585267,1.584767,1.586600,1.587033,0.007135,0.005864,0.005157,0.004974,3,3,3,3,3,3,3,3,-10.139178,123.667097,30.000000,lev15,Almucantar
Kupang,01:04:2020,12:00:00,92,92.000000,1.505750,1.504650,1.488300,1.478400,0.040276,0.042741,0.048677,0.042464,2,2,2,2,2,2,2,2,-10.139178,123.667097,30.000000,lev15,Almucantar
Kupang,02:04:2020,12:00:00,93,93.000000,1.544100,1.536900,1.520067,1.516567,0.031354,0.032421,0.040933,0.035896,3,3,3,3,3,3,3,3,-10.139178,123.667097,30.000000,lev15,Almucantar
Kupang,05:04:2020,12:00:00,96,96.000000,1.492500,1.529050,1.539250,1.548750,0.039533,0.039896,0.036710,0.037984,2,2,2,2,2,2,2,2,-10.139178,123.667097,30.000000,lev15,Almucantar
Kupang,09:04:2020,12:00:00,100,100.000000,1.559975,1.571250,1.562750,1.563675,0.016665,0.010231,0.012343,0.016439,4,4,4,4,4,4,4,4,-10.139178,123.667097,30.000000,lev15,Almucantar
Kupang,10:04:2020,12:00:00,101,101.000000,1.580300,1.599100,1.591633,1.585800,0.024303,0.016241,0.014912,0.017055,3,3,3,3,3,3,3,3,-10.139178,123.667097,30.000000,lev15,Almucantar
Kupang,14:04:2020,12:00:00,105,105.000000,1.554933,1.551633,1.550967,1.550667,0.040673,0.046189,0.051912,0.051601,3,3,3,3,3,3,3,3,-10.139178,123.667097,30.000000,lev15,Almucantar
Kupang,15:04:2020,12:00:00,106,106.000000,1.537217,1.542367,1.535900,1.532200,0.018986,0.012777,0.012545,0.014034,6,6,6,6,6,6,6,6,-10.139178,123.667097,30.000000,lev15,Almucantar
Kupang,17:04:2020,12:00:00,108,108.000000,1.564850,1.563650,1.561750,1.560350,0.033484,0.019986,0.016479,0.016218,2,2,2,2,2,2,2,2,-10.139178,123.667097,30.000000,lev15,Almucantar
Kupang,18:04:2020,12:00:00,109,109.000000,1.540375,1.549100,1.557325,1.559200,0.032356,0.036058,0.045163,0.054877,4,4,4,4,4,4,4,4,-10.139178,123.667097,30.000000,lev15,Almucantar
Kupang,19:04:2020,12:00:00,110,110.000000,1.554450,1.552650,1.553250,1.552800,0.030702,0.028444,0.028562,0.029375,2,2,2,2,2,2,2,2,-10.139178,123.667097,30.000000,lev15,Almucantar
Kupang,20:04:2020,12:00:00,111,111.000000,1.523386,1.539500,1.543386,1.542100,0.021730,0.022223,0.023229,0.025022,7,7,7,7,7,7,7,7,-10.139178,123.667097,30.000000,lev15,Almucantar
Kupang,22:04:2020,12:00:00,113,113.000000,1.527570,1.529180,1.525650,1.516540,0.037640,0.037003,0.037713,0.040140,10,10,10,10,10,10,10,10,-10.139178,123.667097,30.000000,lev15,Almucantar
Kupang,23:04:2020,12:00:00,114,114.000000,1.600000,1.600000,1.600000,1.600000,0.016617,0.015700,0.014193,0.012830,1,1,1,1,1,1,1,1,-10.139178,123.667097,30.000000,lev15,Almucantar
Kupang,24:04:2020,12:00:00,115,115.000000,1.542700,1.552500,1.547400,1.546900,0.022750,0.024844,0.032317,0.038725,1,1,1,1,1,1,1,1,-10.139178,123.667097,30.000000,lev15,Almucantar
Kupang,25:04:2020,12:00:00,116,116.000000,1.600000,1.600000,1.600000,1.600000,0.002263,0.001437,0.001115,0.001065,1,1,1,1,1,1,1,1,-10.139178,123.667097,30.000000,lev15,Almucantar
Kupang,26:04:2020,12:00:00,117,117.000000,1.549367,1.564767,1.563817,1.560600,0.023289,0.025345,0.025781,0.029660,6,6,6,6,6,6,6,6,-10.139178,123.667097,30.000000,lev15,Almucantar
Kupang,27:04:2020,12:00:00,118,118.000000,1.600000,1.600000,1.600000,1.600000,0.006505,0.005723,0.005391,0.005412,1,1,1,1,1,1,1,1,-10.139178,123.667097,30.000000,lev15,Almucantar
Kupang,28:04:2020,12:00:00,119,119.000000,1.536800,1.560000,1.545850,1.531500,0.030286,0.027003,0.030530,0.028877,2,2,2,2,2,2,2,2,-10.139178,123.667097,30.000000,lev15,Almucantar
Kupang,29:04:2020,12:00:00,120,120.000000,1.581460,1.588280,1.590020,1.588820,0.021951,0.020891,0.021738,0.023257,5,5,5,5,5,5,5,5,-10.139178,123.667097,30.000000,lev15,Almucantar
Kupang,30:04:2020,12:00:00,121,121.000000,1.600000,1.600000,1.600000,1.600000,0.011950,0.011248,0.011175,0.011477,2,2,2,2,2,2,2,2,-10.139178,123.667097,30.000000,lev15,Almucantar
Kupang,01:05:2020,12:00:00,122,122.000000,1.596533,1.594867,1.597800,1.595433,0.051347,0.049025,0.047577,0.047528,3,3,3,3,3,3,3,3,-10.139178,123.667097,30.000000,lev15,Almucantar
Kupang,02:05:2020,12:00:00,123,123.000000,1.570950,1.584425,1.589600,1.592275,0.010954,0.009816,0.010452,0.012572,4,4,4,4,4,4,4,4,-10.139178,123.667097,30.000000,lev15,Almucantar
Kupang,03:05:2020,12:00:00,124,124.000000,1.534850,1.542112,1.538737,1.539925,0.008233,0.007102,0.007405,0.009243,8,8,8,8,8,8,8,8,-10.139178,123.667097,30.000000,lev15,Almucantar
Kupang,04:05:2020,12:00:00,125,125.000000,1.497833,1.523833,1.534067,1.532933,0.010769,0.011744,0.011610,0.012347,3,3,3,3,3,3,3,3,-10.139178,123.667097,30.000000,lev15,Almucantar
Kupang,07:05:2020,12:00:00,128,128.000000,1.577917,1.577817,1.576733,1.576817,0.010337,0.008768,0.010150,0.013123,6,6,6,6,6,6,6,6,-10.139178,123.667097,30.000000,lev15,Almucantar
Kupang,08:05:2020,12:00:00,129,129.000000,1.532686,1.540557,1.543171,1.539757,0.047526,0.045792,0.050707,0.058529,7,7,7,7,7,7,7,7,-10.139178,123.667097,30.000000,lev15,Almucantar
Kupang,09:05:2020,12:00:00,130,130.000000,1.459600,1.478040,1.467240,1.464180,0.009348,0.007528,0.008271,0.010196,5,5,5,5,5,5,5,5,-10.139178,123.667097,30.000000,lev15,Almucantar
Kupang,10:05:2020,12:00:00,131,131.000000,1.468575,1.494825,1.502725,1.500675,0.018081,0.016180,0.018355,0.021508,4,4,4,4,4,4,4,4,-10.139178,123.667097,30.000000,lev15,Almucantar
Kupang,11:05:2020,12:00:00,132,132.000000,1.514200,1.524733,1.521100,1.512967,0.022012,0.020447,0.023693,0.025411,3,3,3,3,3,3,3,3,-10.139178,123.667097,30.000000,lev15,Almucantar
Kupang,12:05:2020,12:00:00,133,133.000000,1.440033,1.450900,1.438833,1.434933,0.006168,0.005665,0.006987,0.007854,3,3,3,3,3,3,3,3,-10.139178,123.667097,30.000000,lev15,Almucantar
Kupang,13:05:2020,12:00:00,134,134.000000,1.511933,1.527267,1.524900,1.520433,0.005134,0.004328,0.005790,0.006814,3,3,3,3,3,3,3,3,-10.139178,123.667097,30.000000,lev15,Almucantar
Kupang,14:05:2020,12:00:00,135,135.000000,1.584200,1.586650,1.585700,1.584750,0.017628,0.016600,0.016942,0.017961,4,4,4,4,4,4,4,4,-10.139178,123.667097,30.000000,lev15,Almucantar
Kupang,15:05:2020,12:00:00,136,136.000000,1.486100,1.496100,1.488550,1.484650,0.009994,0.012911,0.018968,0.025570,2,2,2,2,2,2,2,2,-10.139178,123.667097,30.000000,lev15,Almucantar
Kupang,20:05:2020,12:00:00,141,141.000000,1.538333,1.548000,1.556300,1.556300,0.011405,0.008490,0.009650,0.010660,3,3,3,3,3,3,3,3,-10.139178,123.667097,30.000000,lev15,Almucantar
Kupang,24:05:2020,12:00:00,145,145.000000,1.600000,1.600000,1.600000,1.600000,0.001244,0.001211,0.001191,0.001188,1,1,1,1,1,1,1,1,-10.139178,123.667097,30.000000,lev15,Almucantar
Kupang,25:05:2020,12:00:00,146,146.000000,1.590229,1.596586,1.599214,1.596643,0.051864,0.059890,0.068102,0.074701,7,7,7,7,7,7,7,7,-10.139178,123.667097,30.000000,lev15,Almucantar
Kupang,26:05:2020,12:00:00,147,147.000000,1.592283,1.592767,1.593983,1.594717,0.005496,0.005020,0.005405,0.005445,6,6,6,6,6,6,6,6,-10.139178,123.667097,30.000000,lev15,Almucantar
Kupang,27:05:2020,12:00:00,148,148.000000,1.518725,1.525125,1.533675,1.535375,0.009475,0.014255,0.016284,0.016521,4,4,4,4,4,4,4,4,-10.139178,123.667097,30.000000,lev15,Almucantar
Kupang,29:05:2020,12:00:00,150,150.000000,1.594560,1.596360,1.595800,1.595120,0.035454,0.032065,0.035793,0.039329,5,5,5,5,5,5,5,5,-10.139178,123.667097,30.000000,lev15,Almucantar
Kupang,30:05:2020,12:00:00,151,151.000000,1.600000,1.600000,1.600000,1.600000,0.003703,0.003221,0.002965,0.002816,1,1,1,1,1,1,1,1,-10.139178,123.667097,30.000000,lev15,Almucantar
Kupang,31:05:2020,12:00:00,152,152.000000,1.541360,1.555560,1.544680,1.533440,0.043355,0.042932,0.040709,0.043470,5,5,5,5,5,5,5,5,-10.139178,123.667097,30.000000,lev15,Almucantar
Kupang,01:06:2020,12:00:00,153,153.000000,1.462980,1.494900,1.508700,1.507520,0.035205,0.034114,0.038506,0.040707,5,5,5,5,5,5,5,5,-10.139178,123.667097,30.000000,lev15,Almucantar
Kupang,02:06:2020,12:00:00,154,154.000000,1.494371,1.511600,1.514271,1.512229,0.038862,0.040094,0.041960,0.042047,7,7,7,7,7,7,7,7,-10.139178,123.667097,30.000000,lev15,Almucantar
Kupang,03:06:2020,12:00:00,155,155.000000,1.486550,1.495025,1.491125,1.485325,0.015212,0.017269,0.017512,0.018203,4,4,4,4,4,4,4,4,-10.139178,123.667097,30.000000,lev15,Almucantar
Kupang,04:06:2020,12:00:00,156,156.000000,1.441370,1.461880,1.463110,1.462680,0.015940,0.012861,0.012013,0.012815,10,10,10,10,10,10,10,10,-10.139178,123.667097,30.000000,lev15,Almucantar
Kupang,05:06:2020,12:00:00,157,157.000000,1.472150,1.505533,1.513367,1.512333,0.019608,0.016635,0.015560,0.016187,6,6,6,6,6,6,6,6,-10.139178,123.667097,30.000000,lev15,Almucantar
Kupang,11:06:2020,12:00:00,163,163.000000,1.600000,1.600000,1.600000,1.600000,0.006165,0.004834,0.002878,0.002380,1,1,1,1,1,1,1,1,-10.139178,123.667097,30.000000,lev15,Almucantar
Kupang,15:06:2020,12:00:00,167,167.000000,1.507620,1.537740,1.555020,1.556940,0.040220,0.040502,0.044708,0.047141,5,5,5,5,5,5,5,5,-10.139178,123.667097,30.000000,lev15,Almucantar
Kupang,17:06:2020,12:00:00,169,169.000000,1.600000,1.600000,1.600000,1.600000,0.008439,0.008343,0.008105,0.008569,3,3,3,3,3,3,3,3,-10.139178,123.667097,30.000000,lev15,Almucantar
Kupang,18:06:2020,12:00:00,170,170.000000,1.600000,1.600000,1.600000,1.600000,0.027337,0.029102,0.030482,0.033362,1,1,1,1,1,1,1,1,-10.139178,123.667097,30.000000,lev15,Almucantar
Kupang,19:06:2020,12:00:00,171,171.000000,1.402000,1.430700,1.419700,1.411100,0.003310,0.003096,0.002834,0.002442,1,1,1,1,1,1,1,1,-10.139178,123.667097,30.000000,lev15,Almucantar
Kupang,20:06:2020,12:00:00,172,172.000000,1.418633,1.448900,1.454000,1.455633,0.017878,0.013342,0.012878,0.013846,3,3,3,3,3,3,3,3,-10.139178,123.667097,30.000000,lev15,Almucantar
Kupang,22:06:2020,12:00:00,174,174.000000,1.447720,1.484980,1.484120,1.483900,0.017197,0.014970,0.014881,0.016387,5,5,5,5,5,5,5,5,-10.139178,123.667097,30.000000,lev15,Almucantar
Kupang,23:06:2020,12:00:00,175,175.000000,1.380833,1.412167,1.407633,1.408867,0.004607,0.002945,0.002647,0.002779,3,3,3,3,3,3,3,3,-10.139178,123.667097,30.000000,lev15,Almucantar
Kupang,24:06:2020,12:00:00,176,176.000000,1.384650,1.449150,1.457900,1.462350,0.010596,0.011068,0.011030,0.014051,2,2,2,2,2,2,2,2,-10.139178,123.667097,30.000000,lev15,Almucantar
Kupang,25:06:2020,12:00:00,177,177.000000,1.428000,1.461500,1.457000,1.447600,0.012746,0.013685,0.013741,0.011855,1,1,1,1,1,1,1,1,-10.139178,123.667097,30.000000,lev15,Almucantar
Kupang,27:06:2020,12:00:00,179,179.000000,1.600000,1.600000,1.600000,1.600000,0.011575,0.011299,0.011225,0.011203,1,1,1,1,1,1,1,1,-10.139178,123.667097,30.000000,lev15,Almucantar
Kupang,30:06:2020,12:00:00,182,182.000000,1.518825,1.553225,1.559225,1.555625,0.017336,0.017675,0.017660,0.018709,4,4,4,4,4,4,4,4,-10.139178,123.667097,30.000000,lev15,Almucantar
Kupang,01:07:2020,12:00:00,183,183.000000,1.569900,1.588175,1.589725,1.587700,0.035660,0.036946,0.038229,0.039135,4,4,4,4,4,4,4,4,-10.139178,123.667097,30.000000,lev15,Almucantar
Kupang,02:07:2020,12:00:00,184,184.000000,1.530625,1.531425,1.537875,1.538225,0.043839,0.045842,0.047188,0.046292,4,4,4,4,4,4,4,4,-10.139178,123.667097,30.000000,lev15,Almucantar
Kupang,03:07:2020,12:00:00,185,185.000000,1.491200,1.497000,1.508800,1.506900,0.012969,0.011329,0.011016,0.011529,1,1,1,1,1,1,1,1,-10.139178,123.667097,30.000000,lev15,Almucantar
Kupang,05:07:2020,12:00:00,187,187.000000,1.475057,1.506229,1.513614,1.511929,0.011290,0.009888,0.010323,0.010744,7,7,7,7,7,7,7,7,-10.139178,123.667097,30.000000,lev15,Almucantar
Kupang,08:07:2020,12:00:00,190,190.000000,1.524367,1.538433,1.524533,1.522400,0.015671,0.012565,0.015081,0.015281,3,3,3,3,3,3,3,3,-10.139178,123.667097,30.000000,lev15,Almucantar
Kupang,09:07:2020,12:00:00,191,191.000000,1.466567,1.509867,1.521333,1.521167,0.014375,0.013042,0.014793,0.016552,3,3,3,3,3,3,3,3,-10.139178,123.667097,30.000000,lev15,Almucantar
Kupang,10:07:2020,12:00:00,192,192.000000,1.527520,1.545540,1.545700,1.543000,0.021370,0.022989,0.021723,0.022239,5,5,5,5,5,5,5,5,-10.139178,123.667097,30.000000,lev15,Almucantar
Kupang,11:07:2020,12:00:00,193,193.000000,1.589900,1.600000,1.600000,1.600000,0.025500,0.025062,0.026026,0.028554,1,1,1,1,1,1,1,1,-10.139178,123.667097,30.000000,lev15,Almucantar
Kupang,13:07:2020,12:00:00,195,195.000000,1.442450,1.485400,1.491150,1.492150,0.007362,0.007107,0.007380,0.007909,4,4,4,4,4,4,4,4,-10.139178,123.667097,30.000000,lev15,Almucantar
Kupang,14:07:2020,12:00:00,196,196.000000,1.526600,1.548625,1.548325,1.548550,0.028344,0.020594,0.017940,0.019201,4,4,4,4,4,4,4,4,-10.139178,123.667097,30.000000,lev15,Almucantar
Kupang,15:07:2020,12:00:00,197,197.000000,1.532900,1.561860,1.566320,1.564700,0.016814,0.019186,0.020449,0.023003,5,5,5,5,5,5,5,5,-10.139178,123.667097,30.000000,lev15,Almucantar
Kupang,17:07:2020,12:00:00,199,199.000000,1.347500,1.398167,1.426800,1.437467,0.010613,0.010541,0.010860,0.011331,3,3,3,3,3,3,3,3,-10.139178,123.667097,30.000000,lev15,Almucantar
Kupang,19:07:2020,12:00:00,201,201.000000,1.514960,1.545520,1.553240,1.546200,0.034867,0.038458,0.039481,0.042279,5,5,5,5,5,5,5,5,-10.139178,123.667097,30.000000,lev15,Almucantar
Kupang,20:07:2020,12:00:00,202,202.000000,1.473100,1.526150,1.527100,1.518900,0.017365,0.022469,0.024097,0.026023,2,2,2,2,2,2,2,2,-10.139178,123.667097,30.000000,lev15,Almucantar
Kupang,21:07:2020,12:00:00,203,203.000000,1.593867,1.600000,1.598833,1.598367,0.025451,0.026106,0.026667,0.032534,3,3,3,3,3,3,3,3,-10.139178,123.667097,30.000000,lev15,Almucantar
Kupang,22:07:2020,12:00:00,204,204.000000,1.480600,1.526450,1.520500,1.514250,0.008614,0.012600,0.014198,0.019445,2,2,2,2,2,2,2,2,-10.139178,123.667097,30.000000,lev15,Almucantar
Kupang,23:07:2020,12:00:00,205,205.000000,1.600000,1.600000,1.600000,1.600000,0.024666,0.023595,0.022680,0.022403,3,3,3,3,3,3,3,3,-10.139178,123.667097,30.000000,lev15,Almucantar
Kupang,24:07:2020,12:00:00,206,206.000000,1.494770,1.527280,1.535360,1.533470,0.029670,0.029594,0.029815,0.031686,10,10,10,10,10,10,10,10,-10.139178,123.667097,30.000000,lev15,Almucantar
Kupang,25:07:2020,12:00:00,207,207.000000,1.506567,1.538122,1.548789,1.549011,0.027623,0.028158,0.029360,0.031673,9,9,9,9,9,9,9,9,-10.139178,123.667097,30.000000,lev15,Almucantar
Kupang,28:07:2020,12:00:00,210,210.000000,1.394000,1.433600,1.446300,1.447400,0.005573,0.005248,0.004282,0.003623,1,1,1,1,1,1,1,1,-10.139178,123.667097,30.000000,lev15,Almucantar
Kupang,29:07:2020,12:00:00,211,211.000000,1.476367,1.488667,1.485767,1.480833,0.014105,0.013884,0.013981,0.014840,6,6,6,6,6,6,6,6,-10.139178,123.667097,30.000000,lev15,Almucantar
Kupang,30:07:2020,12:00:00,212,212.000000,1.536025,1.553037,1.556975,1.556400,0.032095,0.025672,0.023744,0.026224,8,8,8,8,8,8,8,8,-10.139178,123.667097,30.000000,lev15,Almucantar
Kupang,31:07:2020,12:00:00,213,213.000000,1.560040,1.578880,1.588200,1.590060,0.018309,0.016717,0.016120,0.015843,5,5,5,5,5,5,5,5,-10.139178,123.667097,30.000000,lev15,Almucantar
Kupang,01:08:2020,12:00:00,214,214.000000,1.540186,1.546271,1.547871,1.547157,0.023695,0.024569,0.027625,0.032874,7,7,7,7,7,7,7,7,-10.139178,123.667097,30.000000,lev15,Almucantar
Kupang,02:08:2020,12:00:00,215,215.000000,1.546625,1.557425,1.561625,1.560300,0.025525,0.019157,0.018193,0.020708,4,4,4,4,4,4,4,4,-10.139178,123.667097,30.000000,lev15,Almucantar
Kupang,03:08:2020,12:00:00,216,216.000000,1.493740,1.512360,1.514140,1.510040,0.013150,0.011124,0.012204,0.013728,5,5,5,5,5,5,5,5,-10.139178,123.667097,30.000000,lev15,Almucantar
Kupang,04:08:2020,12:00:00,217,217.000000,1.600000,1.600000,1.600000,1.600000,0.015349,0.017093,0.019991,0.021151,1,1,1,1,1,1,1,1,-10.139178,123.667097,30.000000,lev15,Almucantar
Kupang,10:08:2020,12:00:00,223,223.000000,1.474400,1.498400,1.495100,1.481800,0.014172,0.014263,0.016896,0.018848,1,1,1,1,1,1,1,1,-10.139178,123.667097,30.000000,lev15,Almucantar
Kupang,11:08:2020,12:00:00,224,224.000000,1.583533,1.595267,1.600000,1.600000,0.052126,0.052986,0.050998,0.051605,3,3,3,3,3,3,3,3,-10.139178,123.667097,30.000000,lev15,Almucantar
Kupang,13:08:2020,12:00:00,226,226.000000,1.572200,1.588700,1.600000,1.600000,0.028907,0.037887,0.048122,0.055738,1,1,1,1,1,1,1,1,-10.139178,123.667097,30.000000,lev15,Almucantar
Kupang,15:08:2020,12:00:00,228,228.000000,1.534900,1.571733,1.575767,1.570767,0.030648,0.032735,0.030304,0.030627,3,3,3,3,3,3,3,3,-10.139178,123.667097,30.000000,lev15,Almucantar
Kupang,16:08:2020,12:00:00,229,229.000000,1.557033,1.575533,1.579000,1.575533,0.040700,0.041907,0.044021,0.041722,3,3,3,3,3,3,3,3,-10.139178,123.667097,30.000000,lev15,Almucantar
Kupang,17:08:2020,12:00:00,230,230.000000,1.567767,1.581467,1.585900,1.583067,0.019987,0.021365,0.022668,0.020748,3,3,3,3,3,3,3,3,-10.139178,123.667097,30.000000,lev15,Almucantar
Kupang,18:08:2020,12:00:00,231,231.000000,1.484833,1.514400,1.529200,1.528433,0.024426,0.025185,0.026531,0.028501,3,3,3,3,3,3,3,3,-10.139178,123.667097,30.000000,lev15,Almucantar
Kupang,19:08:2020,12:00:00,232,232.000000,1.579950,1.588900,1.586450,1.580400,0.031642,0.029377,0.029308,0.029497,2,2,2,2,2,2,2,2,-10.139178,123.667097,30.000000,lev15,Almucantar
Kupang,20:08:2020,12:00:00,233,233.000000,1.559733,1.572133,1.572600,1.561467,0.033438,0.036956,0.038423,0.043595,3,3,3,3,3,3,3,3,-10.139178,123.667097,30.000000,lev15,Almucantar
Kupang,21:08:2020,12:00:00,234,234.000000,1.513050,1.533113,1.538387,1.532225,0.029642,0.031079,0.033160,0.035020,8,8,8,8,8,8,8,8,-10.139178,123.667097,30.000000,lev15,Almucantar
Kupang,22:08:2020,12:00:00,235,235.000000,1.529617,1.536633,1.540600,1.538500,0.036472,0.039163,0.039249,0.040371,6,6,6,6,6,6,6,6,-10.139178,123.667097,30.000000,lev15,Almucantar
Kupang,23:08:2020,12:00:00,236,236.000000,1.548175,1.550113,1.551825,1.546488,0.027340,0.027301,0.027025,0.028374,8,8,8,8,8,8,8,8,-10.139178,123.667097,30.000000,lev15,Almucantar
Kupang,24:08:2020,12:00:00,237,237.000000,1.569050,1.582087,1.581387,1.580412,0.039865,0.037581,0.038796,0.043009,8,8,8,8,8,8,8,8,-10.139178,123.667097,30.000000,lev15,Almucantar
Kupang,25:08:2020,12:00:00,238,238.000000,1.581217,1.577267,1.573900,1.571667,0.062356,0.056139,0.059402,0.055509,6,6,6,6,6,6,6,6,-10.139178,123.667097,30.000000,lev15,Almucantar
Kupang,26:08:2020,12:00:00,239,239.000000,1.586400,1.595280,1.591840,1.588880,0.025777,0.019598,0.020298,0.022225,5,5,5,5,5,5,5,5,-10.139178,123.667097,30.000000,lev15,Almucantar
Kupang,27:08:2020,12:00:00,240,240.000000,1.598075,1.597925,1.600000,1.600000,0.045010,0.035326,0.030488,0.031325,4,4,4,4,4,4,4,4,-10.139178,123.667097,30.000000,lev15,Almucantar
Kupang,28:08:2020,12:00:00,241,241.000000,1.583540,1.576260,1.577060,1.575100,0.028164,0.021589,0.021154,0.020298,5,5,5,5,5,5,5,5,-10.139178,123.667097,30.000000,lev15,Almucantar
Kupang,29:08:2020,12:00:00,242,242.000000,1.567867,1.583433,1.591167,1.592467,0.032437,0.028163,0.028665,0.030848,3,3,3,3,3,3,3,3,-10.139178,123.667097,30.000000,lev15,Almucantar
Kupang,30:08:2020,12:00:00,243,243.000000,1.496700,1.530550,1.529100,1.529200,0.019343,0.014457,0.013531,0.015912,2,2,2,2,2,2,2,2,-10.139178,123.667097,30.000000,lev15,Almucantar
Kupang,31:08:2020,12:00:00,244,244.000000,1.557000,1.558420,1.553360,1.548860,0.033829,0.030886,0.029473,0.032247,5,5,5,5,5,5,5,5,-10.139178,123.667097,30.000000,lev15,Almucantar
Kupang,01:09:2020,12:00:00,245,245.000000,1.600000,1.600000,1.600000,1.600000,0.014810,0.017951,0.020700,0.022218,1,1,1,1,1,1,1,1,-10.139178,123.667097,30.000000,lev15,Almucantar
Kupang,02:09:2020,12:00:00,246,246.000000,1.600000,1.600000,1.600000,1.600000,0.008102,0.007339,0.005562,0.003326,1,1,1,1,1,1,1,1,-10.139178,123.667097,30.000000,lev15,Almucantar
Kupang,03:09:2020,12:00:00,247,247.000000,1.511350,1.520550,1.515050,1.514200,0.019951,0.015651,0.014953,0.017097,2,2,2,2,2,2,2,2,-10.139178,123.667097,30.000000,lev15,Almucantar
Kupang,04:09:2020,12:00:00,248,248.000000,1.532660,1.519960,1.513840,1.514420,0.021113,0.016750,0.017871,0.020987,5,5,5,5,5,5,5,5,-10.139178,123.667097,30.000000,lev15,Almucantar
Kupang,05:09:2020,12:00:00,249,249.000000,1.520750,1.532950,1.522050,1.520550,0.007186,0.004505,0.004959,0.006075,2,2,2,2,2,2,2,2,-10.139178,123.667097,30.000000,lev15,Almucantar
Kupang,06:09:2020,12:00:00,250,250.000000,1.482950,1.522383,1.524067,1.520667,0.018651,0.016014,0.018482,0.021319,6,6,6,6,6,6,6,6,-10.139178,123.667097,30.000000,lev15,Almucantar
Kupang,07:09:2020,12:00:00,251,251.000000,1.580775,1.584862,1.576175,1.574225,0.018781,0.017327,0.020486,0.023919,8,8,8,8,8,8,8,8,-10.139178,123.667097,30.000000,lev15,Almucantar
Kupang,09:09:2020,12:00:00,253,253.000000,1.562233,1.555050,1.549433,1.547683,0.009933,0.008968,0.009422,0.011250,6,6,6,6,6,6,6,6,-10.139178,123.667097,30.000000,lev15,Almucantar
Kupang,10:09:2020,12:00:00,254,254.000000,1.512188,1.530113,1.530725,1.525062,0.022586,0.019622,0.020304,0.022392,8,8,8,8,8,8,8,8,-10.139178,123.667097,30.000000,lev15,Almucantar
Kupang,11:09:2020,12:00:00,255,255.000000,1.516330,1.535600,1.528470,1.523540,0.022484,0.021516,0.022986,0.025637,10,10,10,10,10,10,10,10,-10.139178,123.667097,30.000000,lev15,Almucantar
Kupang,12:09:2020,12:00:00,256,256.000000,1.506825,1.511675,1.504550,1.498500,0.027003,0.021509,0.021371,0.024247,8,8,8,8,8,8,8,8,-10.139178,123.667097,30.000000,lev15,Almucantar
Kupang,13:09:2020,12:00:00,257,257.000000,1.584680,1.586880,1.588620,1.589200,0.036743,0.033342,0.033389,0.035132,5,5,5,5,5,5,5,5,-10.139178,123.667097,30.000000,lev15,Almucantar
Kupang,14:09:2020,12:00:00,258,258.000000,1.503820,1.520260,1.517660,1.508280,0.016228,0.015089,0.015161,0.017605,5,5,5,5,5,5,5,5,-10.139178,123.667097,30.000000,lev15,Almucantar
Kupang,15:09:2020,12:00:00,259,259.000000,1.554850,1.565525,1.569225,1.567550,0.029318,0.026210,0.027901,0.029825,4,4,4,4,4,4,4,4,-10.139178,123.667097,30.000000,lev15,Almucantar
Kupang,16:09:2020,12:00:00,260,260.000000,1.600000,1.600000,1.600000,1.600000,0.008579,0.006512,0.005618,0.005416,3,3,3,3,3,3,3,3,-10.139178,123.667097,30.000000,lev15,Almucantar
Kupang,19:09:2020,12:00:00,263,263.000000,1.471900,1.476150,1.485650,1.483650,0.003979,0.004889,0.006467,0.006678,2,2,2,2,2,2,2,2,-10.139178,123.667097,30.000000,lev15,Almucantar
Kupang,22:09:2020,12:00:00,266,266.000000,1.600000,1.600000,1.600000,1.600000,0.025255,0.023140,0.021852,0.022126,3,3,3,3,3,3,3,3,-10.139178,123.667097,30.000000,lev15,Almucantar
Kupang,23:09:2020,12:00:00,267,267.000000,1.551400,1.572875,1.565550,1.562375,0.034508,0.029271,0.029732,0.034789,4,4,4,4,4,4,4,4,-10.139178,123.667097,30.000000,lev15,Almucantar
Kupang,24:09:2020,12:00:00,268,268.000000,1.496120,1.521200,1.531660,1.531840,0.010878,0.008905,0.008638,0.009277,5,5,5,5,5,5,5,5,-10.139178,123.667097,30.000000,lev15,Almucantar
Kupang,25:09:2020,12:00:00,269,269.000000,1.600000,1.600000,1.600000,1.600000,0.001698,0.001619,0.001592,0.001578,1,1,1,1,1,1,1,1,-10.139178,123.667097,30.000000,lev15,Almucantar
Kupang,26:09:2020,12:00:00,270,270.000000,1.451420,1.479600,1.478360,1.477760,0.018046,0.018093,0.019827,0.024053,5,5,5,5,5,5,5,5,-10.139178,123.667097,30.000000,lev15,Almucantar
Kupang,27:09:2020,12:00:00,271,271.000000,1.600000,1.600000,1.600000,1.600000,0.023376,0.027740,0.026708,0.023833,2,2,2,2,2,2,2,2,-10.139178,123.667097,30.000000,lev15,Almucantar
Kupang,28:09:2020,12:00:00,272,272.000000,1.519300,1.509600,1.512600,1.516100,0.006107,0.007750,0.011901,0.017669,1,1,1,1,1,1,1,1,-10.139178,123.667097,30.000000,lev15,Almucantar
Kupang,29:09:2020,12:00:00,273,273.000000,1.483900,1.446400,1.438500,1.439400,0.011745,0.012158,0.013961,0.013909,1,1,1,1,1,1,1,1,-10.139178,123.667097,30.000000,lev15,Almucantar
Kupang,30:09:2020,12:00:00,274,274.000000,1.557067,1.578333,1.583000,1.583833,0.008484,0.011322,0.015274,0.018536,3,3,3,3,3,3,3,3,-10.139178,123.667097,30.000000,lev15,Almucantar
Kupang,01:10:2020,12:00:00,275,275.000000,1.552800,1.561680,1.556660,1.553800,0.017290,0.017443,0.020094,0.023199,5,5,5,5,5,5,5,5,-10.139178,123.667097,30.000000,lev15,Almucantar
Kupang,02:10:2020,12:00:00,276,276.000000,1.566667,1.570633,1.571333,1.571633,0.008458,0.008388,0.010067,0.011468,6,6,6,6,6,6,6,6,-10.139178,123.667097,30.000000,lev15,Almucantar
Kupang,03:10:2020,12:00:00,277,277.000000,1.552780,1.558580,1.555020,1.551900,0.004989,0.005086,0.006063,0.007461,5,5,5,5,5,5,5,5,-10.139178,123.667097,30.000000,lev15,Almucantar
Kupang,05:10:2020,12:00:00,279,279.000000,1.550620,1.571740,1.578740,1.580600,0.004991,0.005376,0.006512,0.007518,5,5,5,5,5,5,5,5,-10.139178,123.667097,30.000000,lev15,Almucantar
Kupang,10:10:2020,12:00:00,284,284.000000,1.600000,1.600000,1.600000,1.600000,0.003479,0.002849,0.002732,0.002691,2,2,2,2,2,2,2,2,-10.139178,123.667097,30.000000,lev15,Almucantar
Kupang,12:10:2020,12:00:00,286,286.000000,1.534400,1.547800,1.550400,1.545400,0.007875,0.006805,0.006285,0.006002,2,2,2,2,2,2,2,2,-10.139178,123.667097,30.000000,lev15,Almucantar
Kupang,14:10:2020,12:00:00,288,288.000000,1.528880,1.531880,1.535880,1.531420,0.022329,0.023851,0.025694,0.028162,5,5,5,5,5,5,5,5,-10.139178,123.667097,30.000000,lev15,Almucantar
