AERONET Data Download (Version 3 Direct Sun and Inversion Algorithms)
AERONET Version 3
Kupang
Version 3: Almucantar Level 1.5 Inversion
The following data are cloud cleared and quality controls have been applied but these data may not have final calibration applied.  These data may change.
Daily Averages,Contact: PI=Apolinaris_S._Geru; PI Email=apolinarissgeru@yahoo.com 
AERONET_AERONET_Site,Date(dd:mm:yyyy),Time(hh:mm:ss),Day_of_Year,Day_of_Year(fraction),0.050000,0.065604,0.086077,0.112939,0.148184,0.194429,0.255105,0.334716,0.439173,0.576227,0.756052,0.991996,1.301571,1.707757,2.240702,2.939966,3.857452,5.061260,6.640745,8.713145,11.432287,15.000000,Inflection_Radius_of_Size_Distribution(um),N[0.050000],N[0.065604],N[0.086077],N[0.112939],N[0.148184],N[0.194429],N[0.255105],N[0.334716],N[0.439173],N[0.576227],N[0.756052],N[0.991996],N[1.301571],N[1.707757],N[2.240702],N[2.939966],N[3.857452],N[5.061260],N[6.640745],N[8.713145],N[11.432287],N[15.000000],N[Inflection_Radius_of_Size_Distribution(um)],Latitude(Degrees),Longitude(Degrees),Elevation(m),Level,Retrieval_Measurement_Scan_Type
Kupang,19:11:2019,12:00:00,323,323.000000,0.000334,0.002517,0.010762,0.025311,0.030360,0.018436,0.007944,0.004427,0.004649,0.008249,0.016014,0.024153,0.027784,0.029003,0.032888,0.043048,0.059143,0.068995,0.053752,0.023291,0.005110,0.000552,0.439000,1,1,1,1,1,1,1,1,1,1,1,1,1,1,1,1,1,1,1,1,1,1,1,-10.139178,123.667097,30.000000,lev15,Almucantar
Kupang,20:11:2019,12:00:00,324,324.000000,0.000442,0.002910,0.010256,0.019505,0.021016,0.014965,0.009542,0.007350,0.007714,0.009815,0.012499,0.015180,0.018461,0.022177,0.025847,0.029700,0.032624,0.030587,0.021149,0.009551,0.002634,0.000435,0.439000,3,3,3,3,3,3,3,3,3,3,3,3,3,3,3,3,3,3,3,3,3,3,3,-10.139178,123.667097,30.000000,lev15,Almucantar
Kupang,21:11:2019,12:00:00,325,325.000000,0.000437,0.006142,0.026131,0.035606,0.024556,0.011330,0.005125,0.003504,0.003977,0.005779,0.007677,0.009711,0.012890,0.016332,0.017948,0.018488,0.018100,0.015084,0.009307,0.004002,0.001197,0.000253,0.439000,10,10,10,10,10,10,10,10,10,10,10,10,10,10,10,10,10,10,10,10,10,10,10,-10.139178,123.667097,30.000000,lev15,Almucantar
Kupang,22:11:2019,12:00:00,326,326.000000,0.000397,0.003308,0.011536,0.018833,0.017126,0.010302,0.005489,0.003808,0.004106,0.005887,0.008254,0.010842,0.014516,0.018553,0.021032,0.020970,0.018115,0.013077,0.007536,0.003280,0.001037,0.000236,0.439000,6,6,6,6,6,6,6,6,6,6,6,6,6,6,6,6,6,6,6,6,6,6,6,-10.139178,123.667097,30.000000,lev15,Almucantar
Kupang,23:11:2019,12:00:00,327,327.000000,0.000516,0.005459,0.019074,0.024639,0.020832,0.013428,0.007225,0.004603,0.004792,0.007397,0.010760,0.012735,0.015600,0.021467,0.025173,0.024539,0.021683,0.017499,0.011520,0.005303,0.001556,0.000296,0.439000,6,6,6,6,6,6,6,6,6,6,6,6,6,6,6,6,6,6,6,6,6,6,6,-10.139178,123.667097,30.000000,lev15,Almucantar
Kupang,24:11:2019,12:00:00,328,328.000000,0.000425,0.005748,0.026757,0.041650,0.030578,0.018568,0.010392,0.005578,0.004540,0.006988,0.012390,0.017072,0.021392,0.027395,0.031952,0.034520,0.033298,0.026152,0.015237,0.006325,0.001837,0.000378,0.439000,3,3,3,3,3,3,3,3,3,3,3,3,3,3,3,3,3,3,3,3,3,3,3,-10.139178,123.667097,30.000000,lev15,Almucantar
Kupang,26:11:2019,12:00:00,330,330.000000,0.001172,0.008190,0.023603,0.028871,0.020125,0.011389,0.006373,0.004356,0.004695,0.007512,0.012190,0.016456,0.020995,0.025532,0.027272,0.025465,0.021417,0.016075,0.009865,0.004461,0.001403,0.000307,0.439000,5,5,5,5,5,5,5,5,5,5,5,5,5,5,5,5,5,5,5,5,5,5,5,-10.139178,123.667097,30.000000,lev15,Almucantar
Kupang,27:11:2019,12:00:00,331,331.000000,0.000639,0.004575,0.013371,0.015617,0.012211,0.008729,0.005454,0.003683,0.003857,0.005769,0.007790,0.009311,0.012190,0.016133,0.018061,0.016494,0.012704,0.008434,0.004731,0.002153,0.000772,0.000217,0.439000,4,4,4,4,4,4,4,4,4,4,4,4,4,4,4,4,4,4,4,4,4,4,4,-10.139178,123.667097,30.000000,lev15,Almucantar
Kupang,28:11:2019,12:00:00,332,332.000000,0.000378,0.002850,0.009621,0.014419,0.011363,0.006754,0.004461,0.004244,0.005793,0.007939,0.007976,0.007087,0.007349,0.009154,0.012032,0.015643,0.019617,0.021475,0.017276,0.008613,0.002374,0.000345,0.439000,2,2,2,2,2,2,2,2,2,2,2,2,2,2,2,2,2,2,2,2,2,2,2,-10.139178,123.667097,30.000000,lev15,Almucantar
Kupang,29:11:2019,12:00:00,333,333.000000,0.000373,0.002497,0.008281,0.014237,0.014333,0.010106,0.006350,0.004855,0.005200,0.006503,0.007109,0.007154,0.008166,0.010168,0.012510,0.015512,0.018973,0.020284,0.015828,0.007644,0.002097,0.000329,0.439000,3,3,3,3,3,3,3,3,3,3,3,3,3,3,3,3,3,3,3,3,3,3,3,-10.139178,123.667097,30.000000,lev15,Almucantar
Kupang,30:11:2019,12:00:00,334,334.000000,0.000293,0.003570,0.017743,0.035727,0.034409,0.020922,0.010698,0.006548,0.006078,0.007802,0.009873,0.010868,0.012831,0.017231,0.022449,0.027781,0.033199,0.036578,0.030905,0.015086,0.003381,0.000346,0.439000,4,4,4,4,4,4,4,4,4,4,4,4,4,4,4,4,4,4,4,4,4,4,4,-10.139178,123.667097,30.000000,lev15,Almucantar
Kupang,01:12:2019,12:00:00,335,335.000000,0.001513,0.007469,0.016522,0.017836,0.011893,0.007166,0.005880,0.008235,0.017081,0.033241,0.040064,0.032845,0.027984,0.032782,0.053308,0.100495,0.167527,0.193378,0.131154,0.047272,0.008574,0.000767,0.439000,1,1,1,1,1,1,1,1,1,1,1,1,1,1,1,1,1,1,1,1,1,1,1,-10.139178,123.667097,30.000000,lev15,Almucantar
Kupang,06:12:2019,12:00:00,340,340.000000,0.000415,0.002450,0.007436,0.012116,0.012209,0.008934,0.005378,0.003616,0.003953,0.006413,0.009767,0.012210,0.014849,0.017718,0.018804,0.019340,0.018761,0.015683,0.010205,0.004661,0.001388,0.000264,0.439000,3,3,3,3,3,3,3,3,3,3,3,3,3,3,3,3,3,3,3,3,3,3,3,-10.139178,123.667097,30.000000,lev15,Almucantar
Kupang,07:12:2019,12:00:00,341,341.000000,0.000297,0.003000,0.011865,0.018615,0.013413,0.006416,0.003356,0.002746,0.003642,0.006099,0.009496,0.012222,0.014390,0.016238,0.017149,0.017365,0.016722,0.014108,0.009162,0.004115,0.001213,0.000234,0.439000,2,2,2,2,2,2,2,2,2,2,2,2,2,2,2,2,2,2,2,2,2,2,2,-10.139178,123.667097,30.000000,lev15,Almucantar
Kupang,08:12:2019,12:00:00,342,342.000000,0.000791,0.008375,0.026669,0.029574,0.016418,0.007572,0.004311,0.003471,0.004357,0.007558,0.012852,0.018538,0.023657,0.025782,0.025228,0.025159,0.025607,0.023456,0.016452,0.007486,0.001957,0.000295,0.439000,6,6,6,6,6,6,6,6,6,6,6,6,6,6,6,6,6,6,6,6,6,6,6,-10.139178,123.667097,30.000000,lev15,Almucantar
Kupang,09:12:2019,12:00:00,343,343.000000,0.000433,0.004789,0.019306,0.025487,0.021035,0.015364,0.010392,0.006915,0.006077,0.007850,0.011831,0.018039,0.024454,0.028709,0.030266,0.029802,0.027091,0.020268,0.011097,0.004496,0.001420,0.000360,0.439000,3,3,3,3,3,3,3,3,3,3,3,3,3,3,3,3,3,3,3,3,3,3,3,-10.139178,123.667097,30.000000,lev15,Almucantar
Kupang,10:12:2019,12:00:00,344,344.000000,0.001325,0.007215,0.016585,0.017327,0.011874,0.007338,0.004502,0.003361,0.003987,0.006746,0.010452,0.013299,0.015963,0.017720,0.018286,0.018916,0.018852,0.016350,0.010921,0.004912,0.001373,0.000243,0.439000,5,5,5,5,5,5,5,5,5,5,5,5,5,5,5,5,5,5,5,5,5,5,5,-10.139178,123.667097,30.000000,lev15,Almucantar
Kupang,11:12:2019,12:00:00,345,345.000000,0.000449,0.003463,0.012714,0.023915,0.026774,0.019220,0.010142,0.005932,0.005303,0.007203,0.011303,0.015946,0.020103,0.022993,0.023990,0.024843,0.024232,0.020097,0.012755,0.005713,0.001723,0.000346,0.439000,2,2,2,2,2,2,2,2,2,2,2,2,2,2,2,2,2,2,2,2,2,2,2,-10.139178,123.667097,30.000000,lev15,Almucantar
Kupang,12:12:2019,12:00:00,346,346.000000,0.000402,0.002948,0.010272,0.017663,0.017075,0.011302,0.006513,0.004646,0.005185,0.007358,0.009109,0.009989,0.011936,0.015276,0.019069,0.022130,0.023833,0.022557,0.016335,0.007714,0.002139,0.000338,0.439000,3,3,3,3,3,3,3,3,3,3,3,3,3,3,3,3,3,3,3,3,3,3,3,-10.139178,123.667097,30.000000,lev15,Almucantar
Kupang,15:12:2019,12:00:00,349,349.000000,0.000470,0.004475,0.015905,0.021030,0.014022,0.007317,0.004058,0.002901,0.002994,0.004177,0.006339,0.008648,0.010297,0.011385,0.012416,0.013690,0.014676,0.013652,0.009464,0.004279,0.001181,0.000207,0.439000,6,6,6,6,6,6,6,6,6,6,6,6,6,6,6,6,6,6,6,6,6,6,6,-10.139178,123.667097,30.000000,lev15,Almucantar
Kupang,16:12:2019,12:00:00,350,350.000000,0.000512,0.002609,0.006813,0.009565,0.008376,0.005997,0.004839,0.005393,0.007837,0.011301,0.012973,0.012232,0.011541,0.012704,0.017193,0.026762,0.040637,0.048437,0.037076,0.015857,0.003536,0.000402,0.439000,1,1,1,1,1,1,1,1,1,1,1,1,1,1,1,1,1,1,1,1,1,1,1,-10.139178,123.667097,30.000000,lev15,Almucantar
Kupang,17:12:2019,12:00:00,351,351.000000,0.000645,0.004598,0.014517,0.022021,0.019923,0.013421,0.007947,0.005605,0.006224,0.009547,0.013279,0.015078,0.017820,0.022852,0.025382,0.025676,0.023009,0.017182,0.009946,0.004222,0.001291,0.000290,0.439000,5,5,5,5,5,5,5,5,5,5,5,5,5,5,5,5,5,5,5,5,5,5,5,-10.139178,123.667097,30.000000,lev15,Almucantar
Kupang,18:12:2019,12:00:00,352,352.000000,0.000946,0.007676,0.024163,0.029611,0.019431,0.010095,0.005260,0.003885,0.005111,0.009315,0.013920,0.015786,0.018451,0.023305,0.026948,0.030877,0.035698,0.037184,0.028468,0.013042,0.003162,0.000397,0.439000,5,5,5,5,5,5,5,5,5,5,5,5,5,5,5,5,5,5,5,5,5,5,5,-10.139178,123.667097,30.000000,lev15,Almucantar
Kupang,19:12:2019,12:00:00,353,353.000000,0.001153,0.009972,0.028373,0.030987,0.018725,0.009427,0.005528,0.004894,0.006893,0.011872,0.017332,0.020083,0.021776,0.025120,0.031660,0.042048,0.053167,0.054407,0.037742,0.015555,0.003593,0.000473,0.439000,2,2,2,2,2,2,2,2,2,2,2,2,2,2,2,2,2,2,2,2,2,2,2,-10.139178,123.667097,30.000000,lev15,Almucantar
Kupang,20:12:2019,12:00:00,354,354.000000,0.001105,0.007315,0.020930,0.028543,0.023009,0.014461,0.009573,0.008789,0.012202,0.019817,0.024529,0.023826,0.025355,0.033870,0.050522,0.074813,0.101009,0.115128,0.093367,0.042351,0.009074,0.000882,0.439000,2,2,2,2,2,2,2,2,2,2,2,2,2,2,2,2,2,2,2,2,2,2,2,-10.139178,123.667097,30.000000,lev15,Almucantar
Kupang,21:12:2019,12:00:00,355,355.000000,0.000565,0.004345,0.013116,0.018333,0.015058,0.008892,0.004717,0.003130,0.003405,0.005468,0.008167,0.009902,0.011737,0.014709,0.015946,0.015319,0.012765,0.008860,0.004991,0.002214,0.000752,0.000193,0.439000,5,5,5,5,5,5,5,5,5,5,5,5,5,5,5,5,5,5,5,5,5,5,5,-10.139178,123.667097,30.000000,lev15,Almucantar
Kupang,22:12:2019,12:00:00,356,356.000000,0.000473,0.004953,0.020880,0.034951,0.035992,0.026784,0.013770,0.006981,0.005411,0.006648,0.008690,0.010099,0.012792,0.016970,0.019308,0.018807,0.016096,0.011959,0.007315,0.003478,0.001250,0.000338,0.466400,5,5,5,5,5,5,5,5,5,5,5,5,5,5,5,5,5,5,5,5,5,5,5,-10.139178,123.667097,30.000000,lev15,Almucantar
Kupang,24:12:2019,12:00:00,358,358.000000,0.000328,0.002989,0.013052,0.025442,0.027732,0.020830,0.011425,0.006304,0.005061,0.006240,0.007863,0.009143,0.011377,0.014660,0.017841,0.021444,0.025968,0.026770,0.017948,0.007089,0.001722,0.000272,0.473250,4,4,4,4,4,4,4,4,4,4,4,4,4,4,4,4,4,4,4,4,4,4,4,-10.139178,123.667097,30.000000,lev15,Almucantar
Kupang,25:12:2019,12:00:00,359,359.000000,0.000575,0.003697,0.011770,0.019328,0.019591,0.014845,0.008971,0.005636,0.005388,0.007085,0.008081,0.007273,0.007411,0.009649,0.012641,0.016384,0.021941,0.032114,0.050152,0.053286,0.018463,0.001476,0.439000,7,7,7,7,7,7,7,7,7,7,7,7,7,7,7,7,7,7,7,7,7,7,7,-10.139178,123.667097,30.000000,lev15,Almucantar
Kupang,26:12:2019,12:00:00,360,360.000000,0.000331,0.002016,0.006587,0.011914,0.013115,0.010222,0.006977,0.005422,0.005498,0.006258,0.006523,0.006471,0.006928,0.008392,0.011548,0.017176,0.024924,0.030265,0.025065,0.011682,0.002759,0.000329,0.715500,2,2,2,2,2,2,2,2,2,2,2,2,2,2,2,2,2,2,2,2,2,2,2,-10.139178,123.667097,30.000000,lev15,Almucantar
Kupang,27:12:2019,12:00:00,361,361.000000,0.000295,0.003489,0.015006,0.025109,0.019829,0.009830,0.004330,0.002462,0.002172,0.002701,0.003593,0.004441,0.005601,0.007373,0.008766,0.008990,0.007976,0.006069,0.003760,0.001796,0.000641,0.000170,0.439000,2,2,2,2,2,2,2,2,2,2,2,2,2,2,2,2,2,2,2,2,2,2,2,-10.139178,123.667097,30.000000,lev15,Almucantar
Kupang,28:12:2019,12:00:00,362,362.000000,0.000435,0.003986,0.018810,0.035420,0.032426,0.020267,0.010432,0.006179,0.005767,0.007745,0.009816,0.011533,0.014817,0.019558,0.023917,0.028177,0.032525,0.033392,0.025059,0.011003,0.002476,0.000292,0.439000,5,5,5,5,5,5,5,5,5,5,5,5,5,5,5,5,5,5,5,5,5,5,5,-10.139178,123.667097,30.000000,lev15,Almucantar
Kupang,31:12:2019,12:00:00,365,365.000000,0.000419,0.002582,0.007742,0.011777,0.010304,0.006647,0.004532,0.004565,0.006976,0.010519,0.009631,0.006298,0.004772,0.005244,0.008159,0.016764,0.040273,0.091843,0.140500,0.090473,0.017570,0.000908,0.992000,1,1,1,1,1,1,1,1,1,1,1,1,1,1,1,1,1,1,1,1,1,1,1,-10.139178,123.667097,30.000000,lev15,Almucantar
Kupang,10:01:2020,12:00:00,10,10.000000,0.000333,0.001223,0.002679,0.003644,0.003448,0.002758,0.002342,0.002509,0.003541,0.005910,0.009724,0.014369,0.019709,0.026349,0.033310,0.036237,0.030850,0.019646,0.009401,0.003449,0.000983,0.000219,0.439000,1,1,1,1,1,1,1,1,1,1,1,1,1,1,1,1,1,1,1,1,1,1,1,-10.139178,123.667097,30.000000,lev15,Almucantar
Kupang,18:01:2020,12:00:00,18,18.000000,0.000394,0.002167,0.005383,0.006608,0.005136,0.003650,0.003139,0.003464,0.004431,0.005743,0.006793,0.007064,0.007413,0.009337,0.012376,0.014641,0.015266,0.013881,0.009858,0.004730,0.001387,0.000239,0.439000,1,1,1,1,1,1,1,1,1,1,1,1,1,1,1,1,1,1,1,1,1,1,1,-10.139178,123.667097,30.000000,lev15,Almucantar
Kupang,20:01:2020,12:00:00,20,20.000000,0.000252,0.003385,0.014833,0.023392,0.017840,0.010255,0.006111,0.004137,0.003254,0.003150,0.003735,0.004942,0.006984,0.010632,0.016298,0.022008,0.023264,0.017583,0.009062,0.003189,0.000782,0.000135,0.576000,1,1,1,1,1,1,1,1,1,1,1,1,1,1,1,1,1,1,1,1,1,1,1,-10.139178,123.667097,30.000000,lev15,Almucantar
Kupang,21:01:2020,12:00:00,21,21.000000,0.000602,0.002160,0.005233,0.008788,0.011023,0.011713,0.011999,0.012509,0.012899,0.012792,0.012469,0.012949,0.016072,0.024663,0.042422,0.068068,0.084279,0.071029,0.038937,0.013820,0.003182,0.000475,0.756000,1,1,1,1,1,1,1,1,1,1,1,1,1,1,1,1,1,1,1,1,1,1,1,-10.139178,123.667097,30.000000,lev15,Almucantar
Kupang,25:01:2020,12:00:00,25,25.000000,0.001294,0.007465,0.014143,0.010240,0.004261,0.001834,0.001317,0.001814,0.003877,0.008344,0.012539,0.014066,0.015472,0.020229,0.023153,0.022736,0.021502,0.019294,0.013776,0.006418,0.001733,0.000265,0.439000,2,2,2,2,2,2,2,2,2,2,2,2,2,2,2,2,2,2,2,2,2,2,2,-10.139178,123.667097,30.000000,lev15,Almucantar
Kupang,29:01:2020,12:00:00,29,29.000000,0.000972,0.003528,0.005891,0.005564,0.004313,0.003596,0.003668,0.004671,0.007201,0.011654,0.015212,0.016687,0.020441,0.027016,0.032981,0.035416,0.030908,0.021158,0.011451,0.004734,0.001406,0.000297,0.439000,2,2,2,2,2,2,2,2,2,2,2,2,2,2,2,2,2,2,2,2,2,2,2,-10.139178,123.667097,30.000000,lev15,Almucantar
Kupang,01:02:2020,12:00:00,32,32.000000,0.000512,0.002609,0.006542,0.008746,0.007632,0.005663,0.004609,0.004824,0.006336,0.008812,0.010800,0.011204,0.011683,0.014325,0.020957,0.033119,0.048135,0.054143,0.039649,0.016132,0.003314,0.000342,0.439000,3,3,3,3,3,3,3,3,3,3,3,3,3,3,3,3,3,3,3,3,3,3,3,-10.139178,123.667097,30.000000,lev15,Almucantar
Kupang,05:02:2020,12:00:00,36,36.000000,0.000341,0.001190,0.002741,0.004267,0.004847,0.004571,0.004157,0.004132,0.004830,0.006468,0.008825,0.011285,0.015031,0.022441,0.034578,0.050807,0.063521,0.059003,0.035871,0.013018,0.002679,0.000307,0.439000,1,1,1,1,1,1,1,1,1,1,1,1,1,1,1,1,1,1,1,1,1,1,1,-10.139178,123.667097,30.000000,lev15,Almucantar
Kupang,06:02:2020,12:00:00,37,37.000000,0.000471,0.002201,0.005367,0.007399,0.007160,0.006262,0.005274,0.004212,0.004025,0.005004,0.006346,0.007330,0.009192,0.013533,0.018177,0.020954,0.021284,0.018963,0.013508,0.006510,0.001833,0.000285,0.439000,8,8,8,8,8,8,8,8,8,8,8,8,8,8,8,8,8,8,8,8,8,8,8,-10.139178,123.667097,30.000000,lev15,Almucantar
Kupang,13:02:2020,12:00:00,44,44.000000,0.004857,0.018378,0.023009,0.012646,0.005427,0.003006,0.002663,0.003537,0.005552,0.007917,0.009271,0.010631,0.014090,0.018359,0.021302,0.022776,0.022706,0.019381,0.012456,0.005445,0.001533,0.000273,0.439000,1,1,1,1,1,1,1,1,1,1,1,1,1,1,1,1,1,1,1,1,1,1,1,-10.139178,123.667097,30.000000,lev15,Almucantar
Kupang,14:02:2020,12:00:00,45,45.000000,0.000994,0.005000,0.008796,0.006618,0.003429,0.002078,0.001871,0.002273,0.003078,0.004358,0.005672,0.006084,0.007857,0.012984,0.013972,0.012497,0.012408,0.013148,0.011398,0.006210,0.001769,0.000244,0.439000,1,1,1,1,1,1,1,1,1,1,1,1,1,1,1,1,1,1,1,1,1,1,1,-10.139178,123.667097,30.000000,lev15,Almucantar
Kupang,16:02:2020,12:00:00,47,47.000000,0.000856,0.004024,0.007388,0.006642,0.004537,0.003366,0.002955,0.002859,0.003249,0.004615,0.006602,0.008352,0.011018,0.014988,0.016567,0.016452,0.015019,0.011643,0.006939,0.002949,0.000857,0.000168,0.439000,4,4,4,4,4,4,4,4,4,4,4,4,4,4,4,4,4,4,4,4,4,4,4,-10.139178,123.667097,30.000000,lev15,Almucantar
Kupang,17:02:2020,12:00:00,48,48.000000,0.000266,0.001391,0.004057,0.006802,0.007329,0.006097,0.004795,0.004163,0.004216,0.004788,0.005739,0.007090,0.008991,0.011555,0.014564,0.017194,0.017844,0.015005,0.009388,0.004080,0.001179,0.000222,0.439000,2,2,2,2,2,2,2,2,2,2,2,2,2,2,2,2,2,2,2,2,2,2,2,-10.139178,123.667097,30.000000,lev15,Almucantar
Kupang,18:02:2020,12:00:00,49,49.000000,0.000632,0.002321,0.004890,0.006393,0.006083,0.005200,0.004900,0.005754,0.008189,0.010835,0.010789,0.010572,0.012593,0.017563,0.026082,0.036785,0.043697,0.040168,0.026025,0.010605,0.002523,0.000350,0.623333,3,3,3,3,3,3,3,3,3,3,3,3,3,3,3,3,3,3,3,3,3,3,3,-10.139178,123.667097,30.000000,lev15,Almucantar
Kupang,20:02:2020,12:00:00,51,51.000000,0.000214,0.001601,0.005947,0.011260,0.012236,0.009161,0.005758,0.003710,0.002912,0.002998,0.003872,0.005596,0.008038,0.010545,0.012107,0.011957,0.010042,0.007045,0.004028,0.001829,0.000648,0.000178,0.507500,2,2,2,2,2,2,2,2,2,2,2,2,2,2,2,2,2,2,2,2,2,2,2,-10.139178,123.667097,30.000000,lev15,Almucantar
Kupang,22:02:2020,12:00:00,53,53.000000,0.000816,0.001908,0.004099,0.008067,0.014381,0.022686,0.030294,0.032578,0.028200,0.021318,0.016176,0.014126,0.015384,0.020884,0.032789,0.052529,0.074034,0.079180,0.056690,0.024951,0.006464,0.000972,0.992000,1,1,1,1,1,1,1,1,1,1,1,1,1,1,1,1,1,1,1,1,1,1,1,-10.139178,123.667097,30.000000,lev15,Almucantar
Kupang,24:02:2020,12:00:00,55,55.000000,0.000210,0.000805,0.001898,0.002869,0.003122,0.002841,0.002439,0.002310,0.002889,0.004305,0.005355,0.005539,0.006454,0.008716,0.011779,0.014795,0.016834,0.016098,0.011188,0.004898,0.001241,0.000177,0.439000,1,1,1,1,1,1,1,1,1,1,1,1,1,1,1,1,1,1,1,1,1,1,1,-10.139178,123.667097,30.000000,lev15,Almucantar
Kupang,25:02:2020,12:00:00,56,56.000000,0.000263,0.001477,0.004252,0.006713,0.006725,0.005100,0.003576,0.002956,0.003262,0.004293,0.005481,0.006382,0.007992,0.010822,0.013561,0.014839,0.014115,0.011160,0.006801,0.002964,0.000884,0.000179,0.439000,3,3,3,3,3,3,3,3,3,3,3,3,3,3,3,3,3,3,3,3,3,3,3,-10.139178,123.667097,30.000000,lev15,Almucantar
Kupang,26:02:2020,12:00:00,57,57.000000,0.000499,0.002543,0.006641,0.009735,0.009937,0.008859,0.007399,0.005740,0.005048,0.005741,0.006754,0.006660,0.006658,0.008367,0.011524,0.016620,0.023781,0.030747,0.028678,0.014548,0.003383,0.000351,0.473250,4,4,4,4,4,4,4,4,4,4,4,4,4,4,4,4,4,4,4,4,4,4,4,-10.139178,123.667097,30.000000,lev15,Almucantar
Kupang,11:03:2020,12:00:00,71,71.000000,0.000467,0.003279,0.009192,0.011556,0.009144,0.006591,0.005371,0.005116,0.005820,0.007038,0.005760,0.003497,0.002568,0.002817,0.004258,0.008189,0.017793,0.031011,0.031947,0.015423,0.003116,0.000272,0.913333,3,3,3,3,3,3,3,3,3,3,3,3,3,3,3,3,3,3,3,3,3,3,3,-10.139178,123.667097,30.000000,lev15,Almucantar
Kupang,12:03:2020,12:00:00,72,72.000000,0.000232,0.001476,0.005786,0.014072,0.021564,0.021154,0.013686,0.007078,0.004337,0.004154,0.005546,0.006836,0.006107,0.004923,0.005117,0.008166,0.018109,0.039175,0.052286,0.029822,0.006031,0.000406,0.576000,1,1,1,1,1,1,1,1,1,1,1,1,1,1,1,1,1,1,1,1,1,1,1,-10.139178,123.667097,30.000000,lev15,Almucantar
Kupang,13:03:2020,12:00:00,73,73.000000,0.000237,0.001799,0.005589,0.007751,0.006533,0.004699,0.003425,0.002743,0.002589,0.002752,0.002892,0.003024,0.003487,0.004457,0.005907,0.008000,0.010692,0.012141,0.009359,0.004134,0.000988,0.000135,0.537500,6,6,6,6,6,6,6,6,6,6,6,6,6,6,6,6,6,6,6,6,6,6,6,-10.139178,123.667097,30.000000,lev15,Almucantar
Kupang,14:03:2020,12:00:00,74,74.000000,0.000846,0.004290,0.008740,0.008409,0.005712,0.004184,0.003713,0.003444,0.003311,0.003562,0.003922,0.004273,0.005465,0.007993,0.010745,0.012575,0.013485,0.012736,0.009134,0.004223,0.001133,0.000171,0.473250,4,4,4,4,4,4,4,4,4,4,4,4,4,4,4,4,4,4,4,4,4,4,4,-10.139178,123.667097,30.000000,lev15,Almucantar
Kupang,15:03:2020,12:00:00,75,75.000000,0.001044,0.007867,0.020135,0.020763,0.013339,0.008853,0.007596,0.007563,0.007133,0.006233,0.005539,0.006075,0.010004,0.018298,0.023938,0.028099,0.031678,0.033647,0.028345,0.014363,0.003531,0.000390,0.756000,1,1,1,1,1,1,1,1,1,1,1,1,1,1,1,1,1,1,1,1,1,1,1,-10.139178,123.667097,30.000000,lev15,Almucantar
Kupang,16:03:2020,12:00:00,76,76.000000,0.001221,0.005246,0.009181,0.007836,0.004884,0.003290,0.002912,0.003425,0.004790,0.006403,0.006711,0.006370,0.008046,0.012393,0.016694,0.020306,0.024718,0.029168,0.026248,0.013339,0.003166,0.000328,0.439000,2,2,2,2,2,2,2,2,2,2,2,2,2,2,2,2,2,2,2,2,2,2,2,-10.139178,123.667097,30.000000,lev15,Almucantar
Kupang,17:03:2020,12:00:00,77,77.000000,0.000672,0.003805,0.008278,0.008241,0.005335,0.003400,0.002914,0.003466,0.004524,0.005045,0.004728,0.004596,0.005557,0.007664,0.010064,0.011998,0.012905,0.011768,0.008157,0.003843,0.001148,0.000214,0.770800,5,5,5,5,5,5,5,5,5,5,5,5,5,5,5,5,5,5,5,5,5,5,5,-10.139178,123.667097,30.000000,lev15,Almucantar
Kupang,18:03:2020,12:00:00,78,78.000000,0.004345,0.005913,0.007979,0.006873,0.004427,0.003131,0.002639,0.002353,0.002292,0.002486,0.002793,0.003226,0.004349,0.005988,0.006588,0.006244,0.005470,0.004276,0.002720,0.001290,0.000437,0.000105,0.502400,5,5,5,5,5,5,5,5,5,5,5,5,5,5,5,5,5,5,5,5,5,5,5,-10.139178,123.667097,30.000000,lev15,Almucantar
Kupang,19:03:2020,12:00:00,79,79.000000,0.007078,0.004278,0.006010,0.005515,0.003646,0.002582,0.002292,0.002395,0.002719,0.003038,0.003185,0.003412,0.004451,0.006467,0.008081,0.008910,0.009300,0.008779,0.006387,0.003019,0.000829,0.000129,0.518000,7,7,7,7,7,7,7,7,7,7,7,7,7,7,7,7,7,7,7,7,7,7,7,-10.139178,123.667097,30.000000,lev15,Almucantar
Kupang,22:03:2020,12:00:00,82,82.000000,0.000829,0.004596,0.009402,0.008089,0.004353,0.002442,0.002004,0.002293,0.003028,0.004046,0.004779,0.005071,0.006262,0.008073,0.008588,0.008134,0.007097,0.005384,0.003303,0.001533,0.000515,0.000124,0.439000,4,4,4,4,4,4,4,4,4,4,4,4,4,4,4,4,4,4,4,4,4,4,4,-10.139178,123.667097,30.000000,lev15,Almucantar
Kupang,23:03:2020,12:00:00,83,83.000000,0.000265,0.001865,0.004947,0.005545,0.003723,0.002300,0.001735,0.001798,0.002496,0.003599,0.003966,0.003569,0.003922,0.005582,0.007116,0.008219,0.009277,0.009939,0.008299,0.004189,0.001089,0.000141,0.439000,5,5,5,5,5,5,5,5,5,5,5,5,5,5,5,5,5,5,5,5,5,5,5,-10.139178,123.667097,30.000000,lev15,Almucantar
Kupang,24:03:2020,12:00:00,84,84.000000,0.014982,0.008406,0.007949,0.005756,0.003520,0.002385,0.002057,0.002100,0.002501,0.003193,0.003537,0.003711,0.004777,0.006813,0.007973,0.007984,0.007552,0.006551,0.004560,0.002194,0.000663,0.000124,0.439000,5,5,5,5,5,5,5,5,5,5,5,5,5,5,5,5,5,5,5,5,5,5,5,-10.139178,123.667097,30.000000,lev15,Almucantar
Kupang,25:03:2020,12:00:00,85,85.000000,0.000304,0.001469,0.004252,0.007582,0.009004,0.008119,0.006518,0.005349,0.004859,0.004967,0.005626,0.006976,0.009424,0.013598,0.019916,0.027280,0.031499,0.027577,0.016752,0.006642,0.001663,0.000260,0.439000,1,1,1,1,1,1,1,1,1,1,1,1,1,1,1,1,1,1,1,1,1,1,1,-10.139178,123.667097,30.000000,lev15,Almucantar
Kupang,29:03:2020,12:00:00,89,89.000000,0.001172,0.004317,0.007925,0.008170,0.006004,0.004185,0.003492,0.003852,0.005354,0.007335,0.007413,0.006253,0.006620,0.008712,0.011555,0.014856,0.018579,0.021099,0.018013,0.009084,0.002323,0.000294,0.660200,5,5,5,5,5,5,5,5,5,5,5,5,5,5,5,5,5,5,5,5,5,5,5,-10.139178,123.667097,30.000000,lev15,Almucantar
Kupang,30:03:2020,12:00:00,90,90.000000,0.000200,0.001632,0.005712,0.008956,0.007181,0.003882,0.002114,0.001645,0.002081,0.003796,0.007266,0.010679,0.011445,0.011009,0.011367,0.013037,0.015079,0.014772,0.010259,0.004440,0.001120,0.000161,0.439000,1,1,1,1,1,1,1,1,1,1,1,1,1,1,1,1,1,1,1,1,1,1,1,-10.139178,123.667097,30.000000,lev15,Almucantar
Kupang,31:03:2020,12:00:00,91,91.000000,0.000239,0.001179,0.003388,0.005871,0.006704,0.005816,0.004578,0.003874,0.003842,0.004349,0.005241,0.006529,0.008369,0.010872,0.013948,0.017048,0.018597,0.016308,0.010254,0.004249,0.001122,0.000194,0.439000,3,3,3,3,3,3,3,3,3,3,3,3,3,3,3,3,3,3,3,3,3,3,3,-10.139178,123.667097,30.000000,lev15,Almucantar
Kupang,01:04:2020,12:00:00,92,92.000000,0.001060,0.005139,0.010444,0.009911,0.006377,0.004286,0.003514,0.003218,0.003269,0.003734,0.003933,0.003571,0.003792,0.005132,0.006844,0.008548,0.011595,0.016852,0.018444,0.010035,0.002224,0.000206,0.715500,2,2,2,2,2,2,2,2,2,2,2,2,2,2,2,2,2,2,2,2,2,2,2,-10.139178,123.667097,30.000000,lev15,Almucantar
Kupang,02:04:2020,12:00:00,93,93.000000,0.002026,0.006405,0.009231,0.007455,0.005115,0.004136,0.003748,0.003041,0.002454,0.002531,0.003103,0.003525,0.004253,0.005644,0.006505,0.006481,0.005789,0.004536,0.002869,0.001341,0.000446,0.000107,0.484667,3,3,3,3,3,3,3,3,3,3,3,3,3,3,3,3,3,3,3,3,3,3,3,-10.139178,123.667097,30.000000,lev15,Almucantar
Kupang,05:04:2020,12:00:00,96,96.000000,0.000430,0.005207,0.020453,0.028401,0.017956,0.007416,0.003118,0.002071,0.002348,0.003343,0.004280,0.004538,0.004766,0.005701,0.007512,0.009472,0.010211,0.008842,0.005788,0.002683,0.000845,0.000180,0.439000,2,2,2,2,2,2,2,2,2,2,2,2,2,2,2,2,2,2,2,2,2,2,2,-10.139178,123.667097,30.000000,lev15,Almucantar
Kupang,09:04:2020,12:00:00,100,100.000000,0.000638,0.003944,0.008562,0.008511,0.005677,0.003465,0.002448,0.002301,0.002849,0.004096,0.005945,0.007977,0.010701,0.013974,0.014498,0.012656,0.009670,0.006460,0.003622,0.001611,0.000553,0.000151,0.439000,4,4,4,4,4,4,4,4,4,4,4,4,4,4,4,4,4,4,4,4,4,4,4,-10.139178,123.667097,30.000000,lev15,Almucantar
Kupang,10:04:2020,12:00:00,101,101.000000,0.001029,0.005095,0.009322,0.008149,0.004883,0.002794,0.002030,0.002157,0.003205,0.005408,0.008240,0.010923,0.014650,0.017750,0.016762,0.013424,0.010032,0.006923,0.004078,0.001896,0.000669,0.000178,0.439000,3,3,3,3,3,3,3,3,3,3,3,3,3,3,3,3,3,3,3,3,3,3,3,-10.139178,123.667097,30.000000,lev15,Almucantar
Kupang,14:04:2020,12:00:00,105,105.000000,0.000381,0.002537,0.006596,0.007698,0.005848,0.004445,0.003957,0.003586,0.002978,0.002440,0.002158,0.002146,0.002486,0.003225,0.004107,0.004987,0.005808,0.005977,0.004672,0.002393,0.000730,0.000129,0.834667,3,3,3,3,3,3,3,3,3,3,3,3,3,3,3,3,3,3,3,3,3,3,3,-10.139178,123.667097,30.000000,lev15,Almucantar
Kupang,15:04:2020,12:00:00,106,106.000000,0.001122,0.003757,0.005521,0.004589,0.003228,0.002440,0.002091,0.002115,0.002604,0.003619,0.004650,0.005476,0.006958,0.009857,0.011934,0.011589,0.009552,0.006683,0.003790,0.001637,0.000516,0.000117,0.439000,6,6,6,6,6,6,6,6,6,6,6,6,6,6,6,6,6,6,6,6,6,6,6,-10.139178,123.667097,30.000000,lev15,Almucantar
Kupang,17:04:2020,12:00:00,108,108.000000,0.000238,0.001446,0.003801,0.004796,0.003777,0.002641,0.002137,0.002108,0.002219,0.002104,0.001767,0.001590,0.001873,0.002873,0.005206,0.010353,0.021051,0.036277,0.037429,0.016601,0.002626,0.000154,0.992000,2,2,2,2,2,2,2,2,2,2,2,2,2,2,2,2,2,2,2,2,2,2,2,-10.139178,123.667097,30.000000,lev15,Almucantar
Kupang,18:04:2020,12:00:00,109,109.000000,0.000502,0.002713,0.007854,0.012553,0.011415,0.007133,0.004388,0.003805,0.004270,0.004472,0.004619,0.004962,0.005681,0.007588,0.011400,0.016987,0.022740,0.024622,0.018586,0.008208,0.001892,0.000222,0.715500,4,4,4,4,4,4,4,4,4,4,4,4,4,4,4,4,4,4,4,4,4,4,4,-10.139178,123.667097,30.000000,lev15,Almucantar
Kupang,19:04:2020,12:00:00,110,110.000000,0.000289,0.002405,0.007938,0.011290,0.008735,0.005261,0.003423,0.002823,0.002878,0.003231,0.003699,0.004423,0.005690,0.007519,0.009182,0.009986,0.009389,0.007278,0.004366,0.001935,0.000621,0.000145,0.439000,2,2,2,2,2,2,2,2,2,2,2,2,2,2,2,2,2,2,2,2,2,2,2,-10.139178,123.667097,30.000000,lev15,Almucantar
Kupang,20:04:2020,12:00:00,111,111.000000,0.000580,0.003458,0.008722,0.010242,0.007398,0.004429,0.002813,0.002293,0.002484,0.003122,0.003768,0.004277,0.005401,0.007292,0.008526,0.008714,0.008099,0.006697,0.004439,0.002092,0.000661,0.000140,0.439000,7,7,7,7,7,7,7,7,7,7,7,7,7,7,7,7,7,7,7,7,7,7,7,-10.139178,123.667097,30.000000,lev15,Almucantar
Kupang,22:04:2020,12:00:00,113,113.000000,0.000485,0.001848,0.003867,0.004763,0.004281,0.003585,0.003123,0.002715,0.002448,0.002548,0.002694,0.002706,0.003269,0.004712,0.005958,0.006680,0.007671,0.008760,0.007805,0.004149,0.001117,0.000147,0.646000,10,10,10,10,10,10,10,10,10,10,10,10,10,10,10,10,10,10,10,10,10,10,10,-10.139178,123.667097,30.000000,lev15,Almucantar
Kupang,23:04:2020,12:00:00,114,114.000000,0.000335,0.001492,0.003826,0.005884,0.006112,0.005253,0.004666,0.004811,0.005472,0.006062,0.006273,0.006466,0.007320,0.009599,0.014382,0.022492,0.031373,0.032709,0.022133,0.008884,0.002025,0.000259,0.439000,1,1,1,1,1,1,1,1,1,1,1,1,1,1,1,1,1,1,1,1,1,1,1,-10.139178,123.667097,30.000000,lev15,Almucantar
Kupang,24:04:2020,12:00:00,115,115.000000,0.000702,0.003963,0.008652,0.008414,0.005216,0.003260,0.002882,0.003789,0.005547,0.006261,0.005295,0.004460,0.005075,0.007519,0.011875,0.018946,0.028593,0.034730,0.027165,0.011556,0.002420,0.000240,0.992000,1,1,1,1,1,1,1,1,1,1,1,1,1,1,1,1,1,1,1,1,1,1,1,-10.139178,123.667097,30.000000,lev15,Almucantar
Kupang,25:04:2020,12:00:00,116,116.000000,0.000275,0.001322,0.003601,0.005756,0.006009,0.004945,0.004021,0.003819,0.004386,0.005666,0.007464,0.009465,0.011472,0.013595,0.015889,0.017757,0.017733,0.014539,0.009018,0.003961,0.001181,0.000235,0.439000,1,1,1,1,1,1,1,1,1,1,1,1,1,1,1,1,1,1,1,1,1,1,1,-10.139178,123.667097,30.000000,lev15,Almucantar
Kupang,26:04:2020,12:00:00,117,117.000000,0.002199,0.007538,0.011976,0.010656,0.006937,0.004298,0.003192,0.003153,0.003958,0.004996,0.005365,0.005554,0.006985,0.010298,0.012990,0.015022,0.016786,0.017091,0.013041,0.005978,0.001471,0.000204,0.531167,6,6,6,6,6,6,6,6,6,6,6,6,6,6,6,6,6,6,6,6,6,6,6,-10.139178,123.667097,30.000000,lev15,Almucantar
Kupang,27:04:2020,12:00:00,118,118.000000,0.000335,0.001306,0.003387,0.005959,0.007540,0.007587,0.006870,0.006223,0.005973,0.006157,0.006800,0.008057,0.010272,0.013977,0.019569,0.026274,0.030689,0.027996,0.018062,0.007639,0.002024,0.000330,0.439000,1,1,1,1,1,1,1,1,1,1,1,1,1,1,1,1,1,1,1,1,1,1,1,-10.139178,123.667097,30.000000,lev15,Almucantar
Kupang,28:04:2020,12:00:00,119,119.000000,0.001099,0.005606,0.011012,0.009607,0.005502,0.003143,0.002275,0.002233,0.002808,0.003781,0.004322,0.004062,0.004792,0.007423,0.009616,0.010182,0.009519,0.007723,0.004878,0.002194,0.000675,0.000140,0.439000,2,2,2,2,2,2,2,2,2,2,2,2,2,2,2,2,2,2,2,2,2,2,2,-10.139178,123.667097,30.000000,lev15,Almucantar
Kupang,29:04:2020,12:00:00,120,120.000000,0.000335,0.002441,0.006922,0.008817,0.006831,0.004451,0.003183,0.002827,0.003025,0.003422,0.003673,0.004005,0.005027,0.007036,0.010072,0.013447,0.015348,0.013585,0.008430,0.003423,0.000885,0.000147,0.439000,5,5,5,5,5,5,5,5,5,5,5,5,5,5,5,5,5,5,5,5,5,5,5,-10.139178,123.667097,30.000000,lev15,Almucantar
Kupang,30:04:2020,12:00:00,121,121.000000,0.000198,0.001537,0.005410,0.008688,0.008210,0.006357,0.004590,0.003268,0.002665,0.002563,0.002575,0.002813,0.003704,0.005837,0.009819,0.015172,0.018671,0.016430,0.009676,0.003689,0.000903,0.000143,0.597500,2,2,2,2,2,2,2,2,2,2,2,2,2,2,2,2,2,2,2,2,2,2,2,-10.139178,123.667097,30.000000,lev15,Almucantar
Kupang,01:05:2020,12:00:00,122,122.000000,0.000624,0.003746,0.009602,0.011134,0.007879,0.004919,0.003384,0.002988,0.003372,0.003815,0.003658,0.003488,0.004037,0.005197,0.006384,0.007089,0.007009,0.005967,0.004037,0.001973,0.000650,0.000143,0.623333,3,3,3,3,3,3,3,3,3,3,3,3,3,3,3,3,3,3,3,3,3,3,3,-10.139178,123.667097,30.000000,lev15,Almucantar
Kupang,02:05:2020,12:00:00,123,123.000000,0.000415,0.003174,0.008940,0.010362,0.007229,0.004595,0.003433,0.003516,0.004958,0.006996,0.007324,0.007204,0.008561,0.012496,0.019807,0.030245,0.040506,0.042670,0.031333,0.013596,0.002902,0.000285,0.473250,4,4,4,4,4,4,4,4,4,4,4,4,4,4,4,4,4,4,4,4,4,4,4,-10.139178,123.667097,30.000000,lev15,Almucantar
Kupang,03:05:2020,12:00:00,124,124.000000,0.000859,0.005534,0.013312,0.013780,0.008230,0.004198,0.002706,0.002747,0.004040,0.006382,0.008565,0.010130,0.012755,0.018462,0.027618,0.039042,0.048980,0.048008,0.032566,0.013401,0.002947,0.000325,0.439000,8,8,8,8,8,8,8,8,8,8,8,8,8,8,8,8,8,8,8,8,8,8,8,-10.139178,123.667097,30.000000,lev15,Almucantar
Kupang,04:05:2020,12:00:00,125,125.000000,0.000549,0.003915,0.012117,0.015743,0.011002,0.006181,0.004275,0.004507,0.006458,0.009304,0.010999,0.011471,0.013586,0.019882,0.030856,0.046314,0.061370,0.061513,0.039816,0.014937,0.003106,0.000357,0.439000,3,3,3,3,3,3,3,3,3,3,3,3,3,3,3,3,3,3,3,3,3,3,3,-10.139178,123.667097,30.000000,lev15,Almucantar
Kupang,07:05:2020,12:00:00,128,128.000000,0.000523,0.002469,0.005166,0.005371,0.003736,0.002522,0.002292,0.003207,0.005666,0.008412,0.009152,0.009309,0.011230,0.015854,0.022409,0.029390,0.035346,0.036286,0.027096,0.012145,0.002845,0.000334,0.439000,6,6,6,6,6,6,6,6,6,6,6,6,6,6,6,6,6,6,6,6,6,6,6,-10.139178,123.667097,30.000000,lev15,Almucantar
Kupang,08:05:2020,12:00:00,129,129.000000,0.000433,0.002724,0.006244,0.006441,0.004331,0.002731,0.002098,0.002010,0.002135,0.002378,0.002611,0.002867,0.003784,0.005734,0.007275,0.007680,0.007444,0.006816,0.005155,0.002604,0.000769,0.000132,0.497714,7,7,7,7,7,7,7,7,7,7,7,7,7,7,7,7,7,7,7,7,7,7,7,-10.139178,123.667097,30.000000,lev15,Almucantar
Kupang,09:05:2020,12:00:00,130,130.000000,0.001762,0.009119,0.017002,0.013460,0.006804,0.003613,0.002734,0.002989,0.004160,0.006213,0.008104,0.009383,0.011873,0.018969,0.025019,0.027286,0.027413,0.025449,0.018842,0.008905,0.002293,0.000307,0.439000,5,5,5,5,5,5,5,5,5,5,5,5,5,5,5,5,5,5,5,5,5,5,5,-10.139178,123.667097,30.000000,lev15,Almucantar
Kupang,10:05:2020,12:00:00,131,131.000000,0.000810,0.005456,0.012906,0.012416,0.006872,0.003425,0.002289,0.002444,0.003597,0.005112,0.005511,0.005199,0.005981,0.008256,0.010187,0.012769,0.019518,0.039607,0.099266,0.147981,0.049507,0.002521,0.439000,5,5,5,5,5,5,5,5,5,5,5,5,5,5,5,5,5,5,5,5,5,5,5,-10.139178,123.667097,30.000000,lev15,Almucantar
Kupang,11:05:2020,12:00:00,132,132.000000,0.002085,0.006993,0.012049,0.010820,0.006743,0.004256,0.003398,0.003586,0.004659,0.006057,0.006215,0.005589,0.006423,0.009708,0.013198,0.015950,0.020531,0.027318,0.026654,0.013289,0.002871,0.000285,0.807667,3,3,3,3,3,3,3,3,3,3,3,3,3,3,3,3,3,3,3,3,3,3,3,-10.139178,123.667097,30.000000,lev15,Almucantar
Kupang,12:05:2020,12:00:00,133,133.000000,0.002107,0.010180,0.016795,0.011619,0.005481,0.002960,0.002394,0.002847,0.004269,0.006667,0.008745,0.009797,0.012143,0.019841,0.028500,0.031755,0.032640,0.032721,0.028519,0.016152,0.004516,0.000549,0.439000,3,3,3,3,3,3,3,3,3,3,3,3,3,3,3,3,3,3,3,3,3,3,3,-10.139178,123.667097,30.000000,lev15,Almucantar
Kupang,13:05:2020,12:00:00,134,134.000000,0.001105,0.006990,0.015661,0.014534,0.008334,0.004706,0.003535,0.003929,0.006082,0.009954,0.011441,0.010558,0.012133,0.019240,0.028886,0.036349,0.042578,0.048937,0.047136,0.027734,0.007312,0.000744,0.439000,3,3,3,3,3,3,3,3,3,3,3,3,3,3,3,3,3,3,3,3,3,3,3,-10.139178,123.667097,30.000000,lev15,Almucantar
Kupang,14:05:2020,12:00:00,135,135.000000,0.000548,0.003750,0.010898,0.014156,0.010233,0.006004,0.004284,0.004624,0.006693,0.009233,0.010093,0.010028,0.011462,0.015757,0.024003,0.037392,0.052616,0.056241,0.038459,0.014816,0.003023,0.000327,0.439000,5,5,5,5,5,5,5,5,5,5,5,5,5,5,5,5,5,5,5,5,5,5,5,-10.139178,123.667097,30.000000,lev15,Almucantar
Kupang,15:05:2020,12:00:00,136,136.000000,0.000783,0.006194,0.018335,0.021926,0.013941,0.007144,0.004543,0.004915,0.008353,0.012821,0.011470,0.008059,0.007411,0.010199,0.015524,0.023092,0.032437,0.039592,0.035095,0.017357,0.004025,0.000429,0.715500,2,2,2,2,2,2,2,2,2,2,2,2,2,2,2,2,2,2,2,2,2,2,2,-10.139178,123.667097,30.000000,lev15,Almucantar
Kupang,20:05:2020,12:00:00,141,141.000000,0.000326,0.003040,0.010691,0.014438,0.009722,0.005027,0.002962,0.002479,0.002857,0.003730,0.004845,0.006181,0.008444,0.012598,0.017524,0.020241,0.019774,0.016399,0.010421,0.004345,0.001090,0.000173,0.439000,3,3,3,3,3,3,3,3,3,3,3,3,3,3,3,3,3,3,3,3,3,3,3,-10.139178,123.667097,30.000000,lev15,Almucantar
Kupang,24:05:2020,12:00:00,145,145.000000,0.000121,0.000764,0.002660,0.005225,0.006254,0.005290,0.003891,0.003032,0.002774,0.002967,0.003471,0.004123,0.004744,0.005191,0.005343,0.005079,0.004329,0.003181,0.001933,0.000938,0.000355,0.000104,0.439000,1,1,1,1,1,1,1,1,1,1,1,1,1,1,1,1,1,1,1,1,1,1,1,-10.139178,123.667097,30.000000,lev15,Almucantar
Kupang,25:05:2020,12:00:00,146,146.000000,0.000257,0.001848,0.005392,0.007121,0.005707,0.003832,0.002698,0.002249,0.002279,0.002556,0.002757,0.002862,0.003186,0.003966,0.005433,0.007963,0.011408,0.013283,0.010197,0.004406,0.001013,0.000134,0.676000,7,7,7,7,7,7,7,7,7,7,7,7,7,7,7,7,7,7,7,7,7,7,7,-10.139178,123.667097,30.000000,lev15,Almucantar
Kupang,26:05:2020,12:00:00,147,147.000000,0.000384,0.001662,0.004219,0.006490,0.006901,0.006094,0.005337,0.005320,0.006296,0.007888,0.008668,0.008269,0.008305,0.009940,0.014114,0.022479,0.036081,0.048262,0.041488,0.018105,0.003592,0.000338,0.461833,6,6,6,6,6,6,6,6,6,6,6,6,6,6,6,6,6,6,6,6,6,6,6,-10.139178,123.667097,30.000000,lev15,Almucantar
Kupang,27:05:2020,12:00:00,148,148.000000,0.000391,0.002383,0.007766,0.013905,0.015980,0.013937,0.009969,0.006910,0.006228,0.007649,0.009910,0.010329,0.009365,0.009425,0.011539,0.016682,0.026480,0.039168,0.040928,0.021597,0.004702,0.000448,0.439000,4,4,4,4,4,4,4,4,4,4,4,4,4,4,4,4,4,4,4,4,4,4,4,-10.139178,123.667097,30.000000,lev15,Almucantar
Kupang,29:05:2020,12:00:00,150,150.000000,0.000763,0.002292,0.004118,0.004774,0.003994,0.002973,0.002477,0.002554,0.003008,0.003542,0.003963,0.004467,0.005599,0.007765,0.010720,0.013951,0.016649,0.016906,0.013015,0.006266,0.001542,0.000183,0.613000,5,5,5,5,5,5,5,5,5,5,5,5,5,5,5,5,5,5,5,5,5,5,5,-10.139178,123.667097,30.000000,lev15,Almucantar
Kupang,30:05:2020,12:00:00,151,151.000000,0.000256,0.001333,0.003921,0.006716,0.007330,0.006017,0.004596,0.003900,0.003926,0.004502,0.005456,0.006829,0.009087,0.012936,0.018839,0.025907,0.030289,0.026782,0.016169,0.006224,0.001476,0.000213,0.439000,1,1,1,1,1,1,1,1,1,1,1,1,1,1,1,1,1,1,1,1,1,1,1,-10.139178,123.667097,30.000000,lev15,Almucantar
Kupang,31:05:2020,12:00:00,152,152.000000,0.000679,0.003920,0.008824,0.008676,0.005234,0.003017,0.002248,0.002285,0.002745,0.003049,0.002994,0.003081,0.004256,0.006887,0.009220,0.009687,0.008351,0.006214,0.003737,0.001651,0.000515,0.000115,0.565800,5,5,5,5,5,5,5,5,5,5,5,5,5,5,5,5,5,5,5,5,5,5,5,-10.139178,123.667097,30.000000,lev15,Almucantar
Kupang,01:06:2020,12:00:00,153,153.000000,0.000464,0.005104,0.020718,0.027089,0.016018,0.006911,0.003364,0.002294,0.002016,0.001926,0.001951,0.002272,0.003228,0.004940,0.006530,0.007268,0.007542,0.007514,0.006161,0.003195,0.000886,0.000132,0.593200,5,5,5,5,5,5,5,5,5,5,5,5,5,5,5,5,5,5,5,5,5,5,5,-10.139178,123.667097,30.000000,lev15,Almucantar
Kupang,02:06:2020,12:00:00,154,154.000000,0.007949,0.009342,0.016534,0.019832,0.012664,0.006295,0.003400,0.002153,0.001683,0.001622,0.001804,0.002139,0.002806,0.004079,0.005746,0.007141,0.007740,0.007090,0.004961,0.002348,0.000705,0.000136,0.562571,7,7,7,7,7,7,7,7,7,7,7,7,7,7,7,7,7,7,7,7,7,7,7,-10.139178,123.667097,30.000000,lev15,Almucantar
Kupang,03:06:2020,12:00:00,155,155.000000,0.000869,0.007937,0.020807,0.020025,0.011683,0.006071,0.003541,0.002856,0.003332,0.004647,0.006102,0.007501,0.010062,0.014626,0.019590,0.023262,0.025950,0.026580,0.020652,0.009585,0.002266,0.000264,0.439000,4,4,4,4,4,4,4,4,4,4,4,4,4,4,4,4,4,4,4,4,4,4,4,-10.139178,123.667097,30.000000,lev15,Almucantar
Kupang,04:06:2020,12:00:00,156,156.000000,0.000976,0.007661,0.022379,0.026885,0.017396,0.008208,0.004229,0.003271,0.003786,0.005035,0.005897,0.006501,0.008898,0.015768,0.025153,0.030603,0.032697,0.032832,0.027919,0.015288,0.003868,0.000406,0.439000,10,10,10,10,10,10,10,10,10,10,10,10,10,10,10,10,10,10,10,10,10,10,10,-10.139178,123.667097,30.000000,lev15,Almucantar
Kupang,05:06:2020,12:00:00,157,157.000000,0.000653,0.006640,0.023557,0.031565,0.019574,0.008199,0.004039,0.003259,0.003962,0.005271,0.006159,0.006686,0.008656,0.013982,0.022234,0.029538,0.031640,0.026336,0.015580,0.006042,0.001496,0.000238,0.439000,6,6,6,6,6,6,6,6,6,6,6,6,6,6,6,6,6,6,6,6,6,6,6,-10.139178,123.667097,30.000000,lev15,Almucantar
Kupang,11:06:2020,12:00:00,163,163.000000,0.000557,0.001856,0.004265,0.006926,0.008533,0.008986,0.009229,0.009897,0.010734,0.011091,0.010944,0.011079,0.012604,0.016766,0.024993,0.037151,0.047364,0.045095,0.029058,0.011962,0.003060,0.000482,0.439000,1,1,1,1,1,1,1,1,1,1,1,1,1,1,1,1,1,1,1,1,1,1,1,-10.139178,123.667097,30.000000,lev15,Almucantar
Kupang,15:06:2020,12:00:00,167,167.000000,0.000242,0.002892,0.011281,0.015802,0.010541,0.005016,0.002546,0.001772,0.001717,0.001948,0.002094,0.002149,0.002489,0.003345,0.004645,0.006412,0.008567,0.010030,0.008387,0.004115,0.001054,0.000136,0.549600,5,5,5,5,5,5,5,5,5,5,5,5,5,5,5,5,5,5,5,5,5,5,5,-10.139178,123.667097,30.000000,lev15,Almucantar
Kupang,17:06:2020,12:00:00,169,169.000000,0.000484,0.002370,0.006538,0.010598,0.011362,0.009742,0.008177,0.007656,0.008100,0.008989,0.009865,0.010965,0.013247,0.017852,0.025706,0.035919,0.043051,0.039089,0.024344,0.009750,0.002427,0.000371,0.439000,3,3,3,3,3,3,3,3,3,3,3,3,3,3,3,3,3,3,3,3,3,3,3,-10.139178,123.667097,30.000000,lev15,Almucantar
Kupang,18:06:2020,12:00:00,170,170.000000,0.000674,0.004210,0.011240,0.013829,0.009699,0.005456,0.003564,0.003498,0.005280,0.009707,0.015553,0.018568,0.018642,0.019507,0.024145,0.034186,0.046981,0.050892,0.036219,0.014964,0.003364,0.000403,0.439000,1,1,1,1,1,1,1,1,1,1,1,1,1,1,1,1,1,1,1,1,1,1,1,-10.139178,123.667097,30.000000,lev15,Almucantar
Kupang,19:06:2020,12:00:00,171,171.000000,0.001533,0.008406,0.015303,0.011378,0.005686,0.003264,0.002743,0.003285,0.005132,0.008910,0.012345,0.013746,0.018245,0.028252,0.036638,0.034044,0.028438,0.023557,0.016892,0.008073,0.002136,0.000293,0.439000,1,1,1,1,1,1,1,1,1,1,1,1,1,1,1,1,1,1,1,1,1,1,1,-10.139178,123.667097,30.000000,lev15,Almucantar
Kupang,20:06:2020,12:00:00,172,172.000000,0.000398,0.003289,0.011735,0.020449,0.016768,0.007374,0.003417,0.002727,0.003547,0.005236,0.006376,0.006917,0.008381,0.011571,0.015373,0.016905,0.016825,0.014770,0.010118,0.004602,0.001256,0.000209,0.439000,3,3,3,3,3,3,3,3,3,3,3,3,3,3,3,3,3,3,3,3,3,3,3,-10.139178,123.667097,30.000000,lev15,Almucantar
Kupang,22:06:2020,12:00:00,174,174.000000,0.001645,0.008995,0.019013,0.017420,0.009429,0.004563,0.002997,0.003083,0.004155,0.005724,0.006696,0.007089,0.009192,0.014154,0.018500,0.019534,0.018832,0.017268,0.012979,0.006297,0.001697,0.000253,0.439000,5,5,5,5,5,5,5,5,5,5,5,5,5,5,5,5,5,5,5,5,5,5,5,-10.139178,123.667097,30.000000,lev15,Almucantar
Kupang,23:06:2020,12:00:00,175,175.000000,0.000928,0.007864,0.021151,0.021099,0.011330,0.005338,0.003269,0.003039,0.003990,0.006145,0.008860,0.010947,0.014947,0.022986,0.032428,0.038669,0.045105,0.058014,0.066066,0.041022,0.009922,0.000869,0.439000,3,3,3,3,3,3,3,3,3,3,3,3,3,3,3,3,3,3,3,3,3,3,3,-10.139178,123.667097,30.000000,lev15,Almucantar
Kupang,24:06:2020,12:00:00,176,176.000000,0.008506,0.019980,0.023893,0.013748,0.006063,0.003447,0.002840,0.002893,0.003198,0.004030,0.005030,0.005270,0.006546,0.010043,0.013820,0.015223,0.014483,0.012255,0.008329,0.003792,0.001027,0.000162,0.439000,2,2,2,2,2,2,2,2,2,2,2,2,2,2,2,2,2,2,2,2,2,2,2,-10.139178,123.667097,30.000000,lev15,Almucantar
Kupang,25:06:2020,12:00:00,177,177.000000,0.001115,0.009800,0.026020,0.025448,0.014681,0.007956,0.005136,0.004137,0.004367,0.006066,0.008253,0.008439,0.009034,0.014859,0.024874,0.030465,0.030448,0.027393,0.019477,0.008770,0.002182,0.000286,0.439000,1,1,1,1,1,1,1,1,1,1,1,1,1,1,1,1,1,1,1,1,1,1,1,-10.139178,123.667097,30.000000,lev15,Almucantar
Kupang,27:06:2020,12:00:00,179,179.000000,0.000193,0.001285,0.004311,0.007565,0.007728,0.005550,0.003561,0.002539,0.002282,0.002620,0.003578,0.005248,0.007552,0.010018,0.011769,0.011919,0.010148,0.007074,0.003931,0.001702,0.000565,0.000143,0.439000,1,1,1,1,1,1,1,1,1,1,1,1,1,1,1,1,1,1,1,1,1,1,1,-10.139178,123.667097,30.000000,lev15,Almucantar
Kupang,30:06:2020,12:00:00,182,182.000000,0.000397,0.003858,0.012811,0.015998,0.009883,0.004660,0.002674,0.002441,0.003215,0.004215,0.004436,0.004727,0.006414,0.010061,0.014241,0.016503,0.015611,0.011943,0.007000,0.002939,0.000848,0.000166,0.577250,4,4,4,4,4,4,4,4,4,4,4,4,4,4,4,4,4,4,4,4,4,4,4,-10.139178,123.667097,30.000000,lev15,Almucantar
Kupang,01:07:2020,12:00:00,183,183.000000,0.000254,0.002462,0.009165,0.013970,0.010646,0.005687,0.003124,0.002295,0.002362,0.002920,0.003560,0.004128,0.005015,0.006520,0.008541,0.010909,0.012737,0.012166,0.008242,0.003566,0.000950,0.000158,0.439000,4,4,4,4,4,4,4,4,4,4,4,4,4,4,4,4,4,4,4,4,4,4,4,-10.139178,123.667097,30.000000,lev15,Almucantar
Kupang,02:07:2020,12:00:00,184,184.000000,0.000348,0.003744,0.012018,0.014092,0.009300,0.005094,0.003080,0.002239,0.001890,0.001838,0.002073,0.002513,0.003215,0.004267,0.005379,0.006893,0.009447,0.011864,0.010259,0.004946,0.001183,0.000133,0.552500,4,4,4,4,4,4,4,4,4,4,4,4,4,4,4,4,4,4,4,4,4,4,4,-10.139178,123.667097,30.000000,lev15,Almucantar
Kupang,03:07:2020,12:00:00,185,185.000000,0.000346,0.003861,0.017374,0.032734,0.029361,0.017127,0.009858,0.006651,0.004849,0.003988,0.004786,0.008999,0.016273,0.018591,0.020258,0.021933,0.020635,0.015025,0.008289,0.003422,0.001046,0.000236,0.576000,1,1,1,1,1,1,1,1,1,1,1,1,1,1,1,1,1,1,1,1,1,1,1,-10.139178,123.667097,30.000000,lev15,Almucantar
Kupang,05:07:2020,12:00:00,187,187.000000,0.001027,0.009805,0.031065,0.035822,0.020173,0.008630,0.004410,0.003441,0.003963,0.005351,0.006967,0.008680,0.011214,0.016113,0.023435,0.031024,0.038155,0.045460,0.043977,0.022507,0.004397,0.000356,0.439000,7,7,7,7,7,7,7,7,7,7,7,7,7,7,7,7,7,7,7,7,7,7,7,-10.139178,123.667097,30.000000,lev15,Almucantar
Kupang,08:07:2020,12:00:00,190,190.000000,0.000634,0.003806,0.008980,0.009469,0.006115,0.003589,0.002622,0.002753,0.003890,0.005701,0.006531,0.006756,0.008634,0.014487,0.021610,0.025983,0.026516,0.023862,0.017540,0.008605,0.002347,0.000332,0.439000,3,3,3,3,3,3,3,3,3,3,3,3,3,3,3,3,3,3,3,3,3,3,3,-10.139178,123.667097,30.000000,lev15,Almucantar
Kupang,09:07:2020,12:00:00,191,191.000000,0.000917,0.007854,0.020273,0.018821,0.009554,0.004309,0.002548,0.002446,0.003544,0.005747,0.007451,0.007226,0.008099,0.012130,0.017506,0.021572,0.024077,0.025062,0.020833,0.010483,0.002607,0.000304,0.439000,3,3,3,3,3,3,3,3,3,3,3,3,3,3,3,3,3,3,3,3,3,3,3,-10.139178,123.667097,30.000000,lev15,Almucantar
Kupang,10:07:2020,12:00:00,192,192.000000,0.000300,0.002546,0.008237,0.011569,0.008687,0.004694,0.002848,0.002632,0.003408,0.004532,0.005067,0.005425,0.006727,0.009743,0.013644,0.016354,0.016899,0.014604,0.009481,0.004048,0.001055,0.000167,0.439000,5,5,5,5,5,5,5,5,5,5,5,5,5,5,5,5,5,5,5,5,5,5,5,-10.139178,123.667097,30.000000,lev15,Almucantar
Kupang,11:07:2020,12:00:00,193,193.000000,0.000368,0.003209,0.009742,0.011485,0.007068,0.003491,0.002090,0.001937,0.002662,0.004101,0.005371,0.005736,0.006022,0.007139,0.009173,0.011474,0.012512,0.010705,0.006625,0.002816,0.000798,0.000149,0.439000,1,1,1,1,1,1,1,1,1,1,1,1,1,1,1,1,1,1,1,1,1,1,1,-10.139178,123.667097,30.000000,lev15,Almucantar
Kupang,13:07:2020,12:00:00,195,195.000000,0.000609,0.006033,0.019580,0.022390,0.012015,0.004952,0.002613,0.002389,0.003688,0.006827,0.010060,0.011039,0.012536,0.017151,0.024179,0.030982,0.035176,0.034811,0.025937,0.011707,0.002753,0.000326,0.439000,4,4,4,4,4,4,4,4,4,4,4,4,4,4,4,4,4,4,4,4,4,4,4,-10.139178,123.667097,30.000000,lev15,Almucantar
Kupang,14:07:2020,12:00:00,196,196.000000,0.000280,0.002115,0.006771,0.009855,0.007700,0.004439,0.002813,0.002482,0.002965,0.003803,0.004415,0.005345,0.007692,0.012342,0.018189,0.022765,0.023632,0.019906,0.012648,0.005318,0.001317,0.000186,0.439000,4,4,4,4,4,4,4,4,4,4,4,4,4,4,4,4,4,4,4,4,4,4,4,-10.139178,123.667097,30.000000,lev15,Almucantar
Kupang,15:07:2020,12:00:00,197,197.000000,0.000478,0.003482,0.009428,0.010788,0.006843,0.003600,0.002425,0.002584,0.003738,0.004905,0.004621,0.004581,0.006779,0.012523,0.019912,0.025330,0.028277,0.029014,0.024069,0.012186,0.002944,0.000315,0.439000,5,5,5,5,5,5,5,5,5,5,5,5,5,5,5,5,5,5,5,5,5,5,5,-10.139178,123.667097,30.000000,lev15,Almucantar
Kupang,17:07:2020,12:00:00,199,199.000000,0.000374,0.005586,0.024625,0.035952,0.021828,0.008406,0.003614,0.002500,0.002799,0.004069,0.005854,0.006838,0.007806,0.011013,0.016182,0.019861,0.020128,0.017086,0.011025,0.004721,0.001232,0.000190,0.439000,3,3,3,3,3,3,3,3,3,3,3,3,3,3,3,3,3,3,3,3,3,3,3,-10.139178,123.667097,30.000000,lev15,Almucantar
Kupang,19:07:2020,12:00:00,201,201.000000,0.003513,0.013025,0.021655,0.016280,0.009480,0.005818,0.003969,0.002870,0.002428,0.002456,0.002538,0.002576,0.003044,0.003980,0.004840,0.005547,0.006350,0.006772,0.005641,0.002999,0.000903,0.000159,0.715000,5,5,5,5,5,5,5,5,5,5,5,5,5,5,5,5,5,5,5,5,5,5,5,-10.139178,123.667097,30.000000,lev15,Almucantar
Kupang,20:07:2020,12:00:00,202,202.000000,0.008247,0.018506,0.018224,0.010384,0.005400,0.003444,0.002737,0.002451,0.002410,0.002549,0.002611,0.002844,0.003923,0.006354,0.008019,0.007836,0.006382,0.004569,0.002786,0.001312,0.000448,0.000110,0.507500,2,2,2,2,2,2,2,2,2,2,2,2,2,2,2,2,2,2,2,2,2,2,2,-10.139178,123.667097,30.000000,lev15,Almucantar
Kupang,21:07:2020,12:00:00,203,203.000000,0.000527,0.002967,0.006862,0.007402,0.004982,0.003107,0.002564,0.003148,0.004634,0.005856,0.006008,0.006383,0.008442,0.012632,0.017517,0.020763,0.021378,0.018603,0.012290,0.005386,0.001426,0.000224,0.439000,3,3,3,3,3,3,3,3,3,3,3,3,3,3,3,3,3,3,3,3,3,3,3,-10.139178,123.667097,30.000000,lev15,Almucantar
Kupang,22:07:2020,12:00:00,204,204.000000,0.023547,0.017026,0.014635,0.011117,0.006454,0.003772,0.002731,0.002512,0.002795,0.003471,0.004003,0.004281,0.005636,0.009390,0.014019,0.015987,0.014993,0.011891,0.007352,0.003159,0.000860,0.000144,0.439000,2,2,2,2,2,2,2,2,2,2,2,2,2,2,2,2,2,2,2,2,2,2,2,-10.139178,123.667097,30.000000,lev15,Almucantar
Kupang,23:07:2020,12:00:00,205,205.000000,0.000309,0.002070,0.006792,0.011421,0.011180,0.007918,0.005237,0.003903,0.003448,0.003456,0.003761,0.004449,0.005831,0.008492,0.013346,0.021055,0.029563,0.031630,0.022078,0.008968,0.002004,0.000244,0.590333,3,3,3,3,3,3,3,3,3,3,3,3,3,3,3,3,3,3,3,3,3,3,3,-10.139178,123.667097,30.000000,lev15,Almucantar
Kupang,24:07:2020,12:00:00,206,206.000000,0.002916,0.007306,0.017508,0.022685,0.016204,0.007782,0.004022,0.002957,0.002877,0.003147,0.003391,0.003811,0.005332,0.008472,0.011983,0.014642,0.015742,0.014312,0.009732,0.004290,0.001143,0.000185,0.466400,10,10,10,10,10,10,10,10,10,10,10,10,10,10,10,10,10,10,10,10,10,10,10,-10.139178,123.667097,30.000000,lev15,Almucantar
Kupang,25:07:2020,12:00:00,207,207.000000,0.000559,0.004852,0.014866,0.020196,0.015362,0.007840,0.004053,0.002975,0.003077,0.003639,0.003902,0.004174,0.005454,0.008333,0.012012,0.015299,0.017424,0.017016,0.012293,0.005498,0.001391,0.000199,0.454222,9,9,9,9,9,9,9,9,9,9,9,9,9,9,9,9,9,9,9,9,9,9,9,-10.139178,123.667097,30.000000,lev15,Almucantar
Kupang,28:07:2020,12:00:00,210,210.000000,0.000821,0.007976,0.025562,0.030143,0.017762,0.008302,0.004650,0.003852,0.004711,0.007209,0.010601,0.012447,0.014423,0.021582,0.037496,0.058859,0.071730,0.063207,0.037652,0.013800,0.002915,0.000346,0.439000,1,1,1,1,1,1,1,1,1,1,1,1,1,1,1,1,1,1,1,1,1,1,1,-10.139178,123.667097,30.000000,lev15,Almucantar
Kupang,29:07:2020,12:00:00,211,211.000000,0.000772,0.005838,0.015544,0.017407,0.011849,0.007016,0.004728,0.004013,0.004234,0.005068,0.005887,0.006800,0.009573,0.016043,0.024121,0.030700,0.033412,0.031858,0.023425,0.010253,0.002259,0.000263,0.439000,6,6,6,6,6,6,6,6,6,6,6,6,6,6,6,6,6,6,6,6,6,6,6,-10.139178,123.667097,30.000000,lev15,Almucantar
Kupang,30:07:2020,12:00:00,212,212.000000,0.000506,0.003882,0.010454,0.012129,0.008162,0.004381,0.002698,0.002385,0.002973,0.004123,0.004802,0.005140,0.006831,0.011012,0.016870,0.023390,0.028800,0.029800,0.022070,0.009508,0.002063,0.000219,0.439000,9,9,9,9,9,9,9,9,9,9,9,9,9,9,9,9,9,9,9,9,9,9,9,-10.139178,123.667097,30.000000,lev15,Almucantar
Kupang,31:07:2020,12:00:00,213,213.000000,0.000405,0.003841,0.012589,0.015803,0.011512,0.006982,0.004402,0.003391,0.003373,0.003963,0.004763,0.005733,0.007497,0.010826,0.016351,0.023686,0.029564,0.028205,0.018232,0.007242,0.001679,0.000226,0.439000,5,5,5,5,5,5,5,5,5,5,5,5,5,5,5,5,5,5,5,5,5,5,5,-10.139178,123.667097,30.000000,lev15,Almucantar
Kupang,01:08:2020,12:00:00,214,214.000000,0.000530,0.003717,0.011500,0.017277,0.015697,0.010361,0.006361,0.005184,0.006237,0.007998,0.008737,0.008972,0.010842,0.015783,0.023599,0.033581,0.043998,0.048841,0.038318,0.016813,0.003533,0.000353,0.676000,7,7,7,7,7,7,7,7,7,7,7,7,7,7,7,7,7,7,7,7,7,7,7,-10.139178,123.667097,30.000000,lev15,Almucantar
Kupang,02:08:2020,12:00:00,215,215.000000,0.000303,0.002852,0.010699,0.016475,0.012221,0.006257,0.003613,0.003247,0.004307,0.005752,0.006145,0.006975,0.010381,0.015865,0.019618,0.020800,0.020660,0.018414,0.012782,0.005848,0.001582,0.000249,0.439000,4,4,4,4,4,4,4,4,4,4,4,4,4,4,4,4,4,4,4,4,4,4,4,-10.139178,123.667097,30.000000,lev15,Almucantar
Kupang,03:08:2020,12:00:00,216,216.000000,0.000772,0.006509,0.016642,0.015706,0.009063,0.005031,0.003539,0.003694,0.005222,0.007322,0.008393,0.008764,0.010671,0.015698,0.022765,0.028603,0.030549,0.026476,0.016482,0.006600,0.001614,0.000242,0.549600,5,5,5,5,5,5,5,5,5,5,5,5,5,5,5,5,5,5,5,5,5,5,5,-10.139178,123.667097,30.000000,lev15,Almucantar
Kupang,04:08:2020,12:00:00,217,217.000000,0.000676,0.002634,0.006103,0.008789,0.008928,0.007937,0.007821,0.009587,0.013173,0.016197,0.016222,0.014962,0.015390,0.019539,0.030241,0.050772,0.076612,0.084758,0.058277,0.022425,0.004600,0.000496,0.439000,1,1,1,1,1,1,1,1,1,1,1,1,1,1,1,1,1,1,1,1,1,1,1,-10.139178,123.667097,30.000000,lev15,Almucantar
Kupang,10:08:2020,12:00:00,223,223.000000,0.000439,0.005103,0.015890,0.016182,0.008965,0.004820,0.003198,0.002584,0.002698,0.003630,0.004677,0.004984,0.006147,0.010297,0.014133,0.014458,0.012865,0.010517,0.006926,0.003075,0.000823,0.000128,0.439000,1,1,1,1,1,1,1,1,1,1,1,1,1,1,1,1,1,1,1,1,1,1,1,-10.139178,123.667097,30.000000,lev15,Almucantar
Kupang,11:08:2020,12:00:00,224,224.000000,0.000293,0.002573,0.008590,0.011887,0.008658,0.004795,0.002918,0.002410,0.002622,0.003077,0.003297,0.003368,0.003767,0.004726,0.006204,0.007987,0.009419,0.009144,0.006440,0.002988,0.000869,0.000156,0.439000,3,3,3,3,3,3,3,3,3,3,3,3,3,3,3,3,3,3,3,3,3,3,3,-10.139178,123.667097,30.000000,lev15,Almucantar
Kupang,13:08:2020,12:00:00,226,226.000000,0.000107,0.000773,0.002719,0.004819,0.004835,0.003459,0.002352,0.001795,0.001487,0.001271,0.001208,0.001393,0.001838,0.002468,0.003134,0.003564,0.003495,0.002843,0.001835,0.000898,0.000323,0.000084,0.756000,1,1,1,1,1,1,1,1,1,1,1,1,1,1,1,1,1,1,1,1,1,1,1,-10.139178,123.667097,30.000000,lev15,Almucantar
Kupang,15:08:2020,12:00:00,228,228.000000,0.000481,0.003747,0.010268,0.011222,0.006881,0.003684,0.002413,0.002197,0.002502,0.002943,0.003119,0.003227,0.004249,0.006539,0.009115,0.010531,0.010492,0.008848,0.005648,0.002461,0.000707,0.000143,0.544667,3,3,3,3,3,3,3,3,3,3,3,3,3,3,3,3,3,3,3,3,3,3,3,-10.139178,123.667097,30.000000,lev15,Almucantar
Kupang,16:08:2020,12:00:00,229,229.000000,0.000234,0.002097,0.007661,0.012079,0.009756,0.005432,0.003053,0.002296,0.002321,0.002722,0.003304,0.003841,0.004783,0.006527,0.008176,0.009759,0.011769,0.013150,0.010974,0.005391,0.001375,0.000181,0.484667,3,3,3,3,3,3,3,3,3,3,3,3,3,3,3,3,3,3,3,3,3,3,3,-10.139178,123.667097,30.000000,lev15,Almucantar
Kupang,17:08:2020,12:00:00,230,230.000000,0.000312,0.002562,0.007884,0.010739,0.008648,0.005285,0.003063,0.002051,0.001753,0.001876,0.002290,0.002901,0.003788,0.005177,0.007045,0.008849,0.009510,0.008076,0.005026,0.002167,0.000630,0.000122,0.439000,3,3,3,3,3,3,3,3,3,3,3,3,3,3,3,3,3,3,3,3,3,3,3,-10.139178,123.667097,30.000000,lev15,Almucantar
Kupang,18:08:2020,12:00:00,231,231.000000,0.000249,0.002531,0.009879,0.015409,0.011630,0.005928,0.003040,0.002165,0.002301,0.003124,0.004296,0.005156,0.006352,0.008393,0.010395,0.011981,0.012948,0.012441,0.008971,0.004112,0.001101,0.000170,0.439000,3,3,3,3,3,3,3,3,3,3,3,3,3,3,3,3,3,3,3,3,3,3,3,-10.139178,123.667097,30.000000,lev15,Almucantar
Kupang,19:08:2020,12:00:00,232,232.000000,0.000648,0.003768,0.009448,0.011592,0.009061,0.005992,0.004000,0.003017,0.003030,0.003699,0.004041,0.004320,0.005732,0.008212,0.010389,0.012296,0.014102,0.014386,0.011240,0.005611,0.001548,0.000225,0.439000,2,2,2,2,2,2,2,2,2,2,2,2,2,2,2,2,2,2,2,2,2,2,2,-10.139178,123.667097,30.000000,lev15,Almucantar
Kupang,20:08:2020,12:00:00,233,233.000000,0.017610,0.007725,0.009689,0.011816,0.009383,0.005918,0.003857,0.003016,0.002963,0.003436,0.003979,0.004479,0.005859,0.008549,0.011100,0.013248,0.015818,0.017315,0.013404,0.005832,0.001303,0.000163,0.439000,4,4,4,4,4,4,4,4,4,4,4,4,4,4,4,4,4,4,4,4,4,4,4,-10.139178,123.667097,30.000000,lev15,Almucantar
Kupang,21:08:2020,12:00:00,234,234.000000,0.004046,0.008399,0.013929,0.014691,0.010536,0.005963,0.003492,0.002595,0.002530,0.002911,0.003295,0.003614,0.004803,0.006974,0.008565,0.009356,0.010032,0.009788,0.007120,0.003355,0.000963,0.000167,0.456125,8,8,8,8,8,8,8,8,8,8,8,8,8,8,8,8,8,8,8,8,8,8,8,-10.139178,123.667097,30.000000,lev15,Almucantar
Kupang,22:08:2020,12:00:00,235,235.000000,0.000235,0.002355,0.008884,0.013357,0.010292,0.005792,0.003306,0.002405,0.002327,0.002683,0.003078,0.003462,0.004489,0.006237,0.007830,0.009232,0.010667,0.010929,0.008198,0.003812,0.001003,0.000148,0.461833,6,6,6,6,6,6,6,6,6,6,6,6,6,6,6,6,6,6,6,6,6,6,6,-10.139178,123.667097,30.000000,lev15,Almucantar
Kupang,23:08:2020,12:00:00,236,236.000000,0.000280,0.003504,0.012453,0.016373,0.013691,0.008426,0.004665,0.003045,0.002799,0.003148,0.003548,0.004161,0.005872,0.008899,0.011631,0.013744,0.015385,0.015189,0.011201,0.005181,0.001353,0.000196,0.508125,8,8,8,8,8,8,8,8,8,8,8,8,8,8,8,8,8,8,8,8,8,8,8,-10.139178,123.667097,30.000000,lev15,Almucantar
Kupang,24:08:2020,12:00:00,237,237.000000,0.000715,0.004053,0.009970,0.011618,0.007914,0.004519,0.003113,0.003031,0.003868,0.004937,0.005299,0.005706,0.007488,0.010612,0.013668,0.016925,0.021288,0.025207,0.023705,0.013784,0.003699,0.000393,0.500444,9,9,9,9,9,9,9,9,9,9,9,9,9,9,9,9,9,9,9,9,9,9,9,-10.139178,123.667097,30.000000,lev15,Almucantar
Kupang,25:08:2020,12:00:00,238,238.000000,0.000308,0.001830,0.004725,0.006052,0.004926,0.003381,0.002512,0.002279,0.002448,0.002787,0.003190,0.004054,0.005766,0.008193,0.010575,0.012239,0.012988,0.011981,0.008395,0.003792,0.000995,0.000154,0.461833,6,6,6,6,6,6,6,6,6,6,6,6,6,6,6,6,6,6,6,6,6,6,6,-10.139178,123.667097,30.000000,lev15,Almucantar
Kupang,26:08:2020,12:00:00,239,239.000000,0.000350,0.002570,0.007853,0.010621,0.007795,0.004390,0.002842,0.002676,0.003404,0.004612,0.005948,0.007664,0.010066,0.013218,0.016837,0.020027,0.020856,0.017409,0.010575,0.004314,0.001143,0.000200,0.439000,5,5,5,5,5,5,5,5,5,5,5,5,5,5,5,5,5,5,5,5,5,5,5,-10.139178,123.667097,30.000000,lev15,Almucantar
Kupang,27:08:2020,12:00:00,240,240.000000,0.000209,0.001199,0.003545,0.005633,0.005539,0.004208,0.003105,0.002622,0.002671,0.003130,0.003963,0.005265,0.007137,0.009666,0.012963,0.016687,0.019146,0.017377,0.011014,0.004451,0.001094,0.000162,0.439000,4,4,4,4,4,4,4,4,4,4,4,4,4,4,4,4,4,4,4,4,4,4,4,-10.139178,123.667097,30.000000,lev15,Almucantar
Kupang,28:08:2020,12:00:00,241,241.000000,0.000253,0.001764,0.005466,0.007986,0.006913,0.004826,0.003469,0.002984,0.003175,0.003673,0.004294,0.005295,0.007007,0.009354,0.011598,0.013039,0.013490,0.012164,0.008418,0.003870,0.001072,0.000177,0.439000,5,5,5,5,5,5,5,5,5,5,5,5,5,5,5,5,5,5,5,5,5,5,5,-10.139178,123.667097,30.000000,lev15,Almucantar
Kupang,29:08:2020,12:00:00,242,242.000000,0.000546,0.004705,0.015300,0.020410,0.014355,0.007558,0.004503,0.003983,0.004710,0.005338,0.005445,0.005987,0.008472,0.013284,0.018611,0.024758,0.034129,0.042510,0.035868,0.015579,0.002979,0.000246,0.518250,4,4,4,4,4,4,4,4,4,4,4,4,4,4,4,4,4,4,4,4,4,4,4,-10.139178,123.667097,30.000000,lev15,Almucantar
Kupang,30:08:2020,12:00:00,243,243.000000,0.000438,0.004028,0.013542,0.017974,0.011828,0.005818,0.003501,0.003490,0.004976,0.006538,0.006969,0.008058,0.012030,0.019136,0.025189,0.027512,0.026441,0.021928,0.014071,0.006120,0.001660,0.000274,0.439000,2,2,2,2,2,2,2,2,2,2,2,2,2,2,2,2,2,2,2,2,2,2,2,-10.139178,123.667097,30.000000,lev15,Almucantar
Kupang,31:08:2020,12:00:00,244,244.000000,0.000430,0.004088,0.013527,0.017335,0.011882,0.006231,0.003646,0.003115,0.003539,0.004186,0.004680,0.005497,0.007254,0.009280,0.010648,0.011500,0.012136,0.011818,0.008946,0.004204,0.001078,0.000166,0.439000,5,5,5,5,5,5,5,5,5,5,5,5,5,5,5,5,5,5,5,5,5,5,5,-10.139178,123.667097,30.000000,lev15,Almucantar
Kupang,01:09:2020,12:00:00,245,245.000000,0.000309,0.001309,0.003406,0.005619,0.006444,0.006003,0.005419,0.005305,0.005616,0.006065,0.006603,0.007564,0.009596,0.013699,0.021344,0.033694,0.047815,0.051764,0.035839,0.013869,0.002790,0.000285,0.439000,1,1,1,1,1,1,1,1,1,1,1,1,1,1,1,1,1,1,1,1,1,1,1,-10.139178,123.667097,30.000000,lev15,Almucantar
Kupang,02:09:2020,12:00:00,246,246.000000,0.000494,0.001826,0.004295,0.006625,0.007277,0.006566,0.005807,0.005825,0.006928,0.009216,0.012545,0.016562,0.021314,0.027661,0.036756,0.048058,0.055928,0.050667,0.031562,0.012421,0.002960,0.000421,0.439000,1,1,1,1,1,1,1,1,1,1,1,1,1,1,1,1,1,1,1,1,1,1,1,-10.139178,123.667097,30.000000,lev15,Almucantar
Kupang,03:09:2020,12:00:00,247,247.000000,0.000503,0.003818,0.011010,0.013106,0.008391,0.004439,0.003005,0.003293,0.005239,0.008459,0.010588,0.010841,0.012158,0.016821,0.021866,0.023663,0.024068,0.023196,0.017992,0.008897,0.002352,0.000313,0.439000,2,2,2,2,2,2,2,2,2,2,2,2,2,2,2,2,2,2,2,2,2,2,2,-10.139178,123.667097,30.000000,lev15,Almucantar
Kupang,04:09:2020,12:00:00,248,248.000000,0.000270,0.001888,0.006214,0.009726,0.008304,0.005016,0.003182,0.003058,0.004496,0.006742,0.007418,0.007650,0.009986,0.013884,0.015124,0.014045,0.013715,0.014028,0.011988,0.006267,0.001620,0.000215,0.439000,5,5,5,5,5,5,5,5,5,5,5,5,5,5,5,5,5,5,5,5,5,5,5,-10.139178,123.667097,30.000000,lev15,Almucantar
Kupang,05:09:2020,12:00:00,249,249.000000,0.000468,0.003515,0.010196,0.012783,0.008766,0.004492,0.002531,0.002228,0.003290,0.006171,0.010015,0.012614,0.015463,0.021335,0.028912,0.033721,0.033055,0.026735,0.016329,0.006719,0.001729,0.000273,0.439000,2,2,2,2,2,2,2,2,2,2,2,2,2,2,2,2,2,2,2,2,2,2,2,-10.139178,123.667097,30.000000,lev15,Almucantar
Kupang,06:09:2020,12:00:00,250,250.000000,0.005801,0.011318,0.016853,0.013981,0.007451,0.003794,0.002620,0.002735,0.003783,0.005219,0.005930,0.006391,0.008125,0.011371,0.013838,0.015022,0.015831,0.017356,0.018918,0.013280,0.003629,0.000354,0.439000,6,6,6,6,6,6,6,6,6,6,6,6,6,6,6,6,6,6,6,6,6,6,6,-10.139178,123.667097,30.000000,lev15,Almucantar
Kupang,07:09:2020,12:00:00,251,251.000000,0.001001,0.004020,0.007200,0.007017,0.005039,0.003587,0.003243,0.004080,0.006041,0.007822,0.007930,0.007880,0.009710,0.013551,0.017562,0.021777,0.026459,0.028791,0.023495,0.011478,0.002797,0.000330,0.577250,8,8,8,8,8,8,8,8,8,8,8,8,8,8,8,8,8,8,8,8,8,8,8,-10.139178,123.667097,30.000000,lev15,Almucantar
Kupang,09:09:2020,12:00:00,253,253.000000,0.000473,0.002007,0.004937,0.007217,0.007227,0.006220,0.005735,0.006492,0.008960,0.012305,0.013608,0.013102,0.014073,0.017999,0.024144,0.031572,0.040199,0.044916,0.036002,0.017013,0.004116,0.000490,0.439000,6,6,6,6,6,6,6,6,6,6,6,6,6,6,6,6,6,6,6,6,6,6,6,-10.139178,123.667097,30.000000,lev15,Almucantar
Kupang,10:09:2020,12:00:00,254,254.000000,0.001212,0.008593,0.019461,0.018542,0.012017,0.007170,0.004804,0.004073,0.004570,0.005971,0.007084,0.007430,0.008466,0.010866,0.013339,0.015573,0.017490,0.017823,0.014063,0.006952,0.001850,0.000262,0.439000,8,8,8,8,8,8,8,8,8,8,8,8,8,8,8,8,8,8,8,8,8,8,8,-10.139178,123.667097,30.000000,lev15,Almucantar
Kupang,11:09:2020,12:00:00,255,255.000000,0.011158,0.009147,0.011896,0.011327,0.007756,0.004936,0.003698,0.003616,0.004536,0.006146,0.006892,0.007024,0.008809,0.011749,0.012775,0.013148,0.014440,0.015705,0.013453,0.007017,0.001898,0.000255,0.439000,10,10,10,10,10,10,10,10,10,10,10,10,10,10,10,10,10,10,10,10,10,10,10,-10.139178,123.667097,30.000000,lev15,Almucantar
Kupang,12:09:2020,12:00:00,256,256.000000,0.000494,0.003730,0.010881,0.014704,0.011877,0.007436,0.004816,0.004192,0.005191,0.007159,0.008525,0.009338,0.011433,0.015298,0.018163,0.018968,0.018667,0.016853,0.012131,0.005705,0.001536,0.000245,0.439000,8,8,8,8,8,8,8,8,8,8,8,8,8,8,8,8,8,8,8,8,8,8,8,-10.139178,123.667097,30.000000,lev15,Almucantar
Kupang,13:09:2020,12:00:00,257,257.000000,0.000339,0.002423,0.007221,0.010072,0.008384,0.005579,0.003992,0.003698,0.004251,0.005016,0.005443,0.005852,0.006801,0.008312,0.010352,0.013015,0.015747,0.016137,0.011799,0.005350,0.001400,0.000210,0.439000,5,5,5,5,5,5,5,5,5,5,5,5,5,5,5,5,5,5,5,5,5,5,5,-10.139178,123.667097,30.000000,lev15,Almucantar
Kupang,14:09:2020,12:00:00,258,258.000000,0.000816,0.006975,0.020124,0.019130,0.011553,0.006772,0.004542,0.004008,0.004753,0.006501,0.008265,0.009360,0.011958,0.016387,0.018719,0.019259,0.018771,0.016072,0.010476,0.004638,0.001320,0.000238,0.439000,5,5,5,5,5,5,5,5,5,5,5,5,5,5,5,5,5,5,5,5,5,5,5,-10.139178,123.667097,30.000000,lev15,Almucantar
Kupang,15:09:2020,12:00:00,259,259.000000,0.000461,0.004476,0.015709,0.022023,0.015876,0.008336,0.004727,0.003962,0.004827,0.006382,0.007393,0.007845,0.009083,0.011499,0.014704,0.018619,0.022155,0.022118,0.016011,0.007259,0.001875,0.000268,0.439000,4,4,4,4,4,4,4,4,4,4,4,4,4,4,4,4,4,4,4,4,4,4,4,-10.139178,123.667097,30.000000,lev15,Almucantar
Kupang,16:09:2020,12:00:00,260,260.000000,0.000311,0.001283,0.003296,0.005446,0.006297,0.005868,0.005189,0.004936,0.005277,0.006146,0.007406,0.009061,0.011458,0.015259,0.021088,0.028387,0.033428,0.030363,0.019003,0.007565,0.001835,0.000268,0.439000,3,3,3,3,3,3,3,3,3,3,3,3,3,3,3,3,3,3,3,3,3,3,3,-10.139178,123.667097,30.000000,lev15,Almucantar
Kupang,19:09:2020,12:00:00,263,263.000000,0.000621,0.003620,0.009781,0.013838,0.013140,0.009885,0.006599,0.004944,0.005223,0.007607,0.010963,0.013564,0.017183,0.023706,0.028189,0.025978,0.020138,0.013720,0.007998,0.003616,0.001157,0.000260,0.439000,2,2,2,2,2,2,2,2,2,2,2,2,2,2,2,2,2,2,2,2,2,2,2,-10.139178,123.667097,30.000000,lev15,Almucantar
Kupang,22:09:2020,12:00:00,266,266.000000,0.000314,0.001463,0.003745,0.005513,0.005322,0.004232,0.003613,0.003929,0.005250,0.006837,0.007075,0.006379,0.006354,0.007824,0.011833,0.019899,0.031503,0.038253,0.029120,0.011996,0.002481,0.000252,0.439000,3,3,3,3,3,3,3,3,3,3,3,3,3,3,3,3,3,3,3,3,3,3,3,-10.139178,123.667097,30.000000,lev15,Almucantar
Kupang,23:09:2020,12:00:00,267,267.000000,0.000476,0.002625,0.005615,0.005453,0.003546,0.002296,0.001889,0.002258,0.003481,0.004885,0.005666,0.006259,0.007432,0.009398,0.011439,0.013097,0.013988,0.012534,0.008052,0.003326,0.000861,0.000150,0.577250,4,4,4,4,4,4,4,4,4,4,4,4,4,4,4,4,4,4,4,4,4,4,4,-10.139178,123.667097,30.000000,lev15,Almucantar
Kupang,24:09:2020,12:00:00,268,268.000000,0.000444,0.003760,0.013621,0.021671,0.017779,0.009482,0.004877,0.003827,0.005279,0.009226,0.012855,0.013701,0.015236,0.020054,0.025692,0.027779,0.025860,0.020535,0.012538,0.005287,0.001483,0.000284,0.439000,5,5,5,5,5,5,5,5,5,5,5,5,5,5,5,5,5,5,5,5,5,5,5,-10.139178,123.667097,30.000000,lev15,Almucantar
Kupang,25:09:2020,12:00:00,269,269.000000,0.000334,0.001987,0.006141,0.010253,0.010327,0.007620,0.005243,0.004132,0.004103,0.005022,0.006925,0.009731,0.012989,0.015923,0.017687,0.017557,0.015180,0.011005,0.006416,0.002901,0.000993,0.000255,0.439000,1,1,1,1,1,1,1,1,1,1,1,1,1,1,1,1,1,1,1,1,1,1,1,-10.139178,123.667097,30.000000,lev15,Almucantar
Kupang,26:09:2020,12:00:00,270,270.000000,0.001971,0.012369,0.023918,0.018444,0.009645,0.005418,0.003830,0.003482,0.004094,0.005501,0.006801,0.008184,0.010868,0.013735,0.014162,0.012147,0.009063,0.005989,0.003431,0.001611,0.000596,0.000179,0.439000,5,5,5,5,5,5,5,5,5,5,5,5,5,5,5,5,5,5,5,5,5,5,5,-10.139178,123.667097,30.000000,lev15,Almucantar
Kupang,27:09:2020,12:00:00,271,271.000000,0.000488,0.002149,0.005178,0.007216,0.006771,0.005492,0.005056,0.006141,0.008881,0.011374,0.011079,0.009561,0.009257,0.010947,0.015664,0.025055,0.038596,0.046685,0.036121,0.015311,0.003298,0.000360,0.623333,3,3,3,3,3,3,3,3,3,3,3,3,3,3,3,3,3,3,3,3,3,3,3,-10.139178,123.667097,30.000000,lev15,Almucantar
Kupang,28:09:2020,12:00:00,272,272.000000,0.001159,0.004261,0.008504,0.009926,0.008258,0.006643,0.007003,0.011017,0.021339,0.030713,0.022579,0.011846,0.007199,0.006946,0.011093,0.025654,0.068816,0.166744,0.264060,0.174846,0.034316,0.001763,0.992000,1,1,1,1,1,1,1,1,1,1,1,1,1,1,1,1,1,1,1,1,1,1,1,-10.139178,123.667097,30.000000,lev15,Almucantar
Kupang,29:09:2020,12:00:00,273,273.000000,0.000165,0.000980,0.003659,0.008494,0.011923,0.010421,0.006984,0.005098,0.005192,0.006524,0.007470,0.008063,0.010406,0.016213,0.022685,0.023667,0.020001,0.014650,0.008675,0.003776,0.001137,0.000232,0.439000,1,1,1,1,1,1,1,1,1,1,1,1,1,1,1,1,1,1,1,1,1,1,1,-10.139178,123.667097,30.000000,lev15,Almucantar
Kupang,30:09:2020,12:00:00,274,274.000000,0.000903,0.005826,0.013248,0.013543,0.009218,0.005766,0.004299,0.004383,0.005654,0.007442,0.008441,0.009025,0.010851,0.014039,0.017921,0.023680,0.033001,0.041296,0.035307,0.016175,0.003514,0.000362,0.439000,3,3,3,3,3,3,3,3,3,3,3,3,3,3,3,3,3,3,3,3,3,3,3,-10.139178,123.667097,30.000000,lev15,Almucantar
Kupang,01:10:2020,12:00:00,275,275.000000,0.000678,0.004157,0.010569,0.012440,0.008842,0.005366,0.003823,0.003871,0.005468,0.008412,0.010740,0.011736,0.013282,0.016457,0.020037,0.024587,0.030169,0.031872,0.023510,0.010248,0.002419,0.000309,0.439000,6,6,6,6,6,6,6,6,6,6,6,6,6,6,6,6,6,6,6,6,6,6,6,-10.139178,123.667097,30.000000,lev15,Almucantar
Kupang,02:10:2020,12:00:00,276,276.000000,0.000658,0.003856,0.010175,0.012694,0.009211,0.005587,0.004226,0.005020,0.008447,0.013714,0.016590,0.017207,0.019430,0.024392,0.031043,0.039585,0.048617,0.051365,0.038622,0.016571,0.003580,0.000412,0.439000,8,8,8,8,8,8,8,8,8,8,8,8,8,8,8,8,8,8,8,8,8,8,8,-10.139178,123.667097,30.000000,lev15,Almucantar
Kupang,03:10:2020,12:00:00,277,277.000000,0.000809,0.005151,0.013941,0.017117,0.011736,0.006612,0.004743,0.005528,0.009291,0.015135,0.019128,0.021468,0.024569,0.029374,0.034872,0.042427,0.055231,0.072961,0.079221,0.046763,0.010692,0.000887,0.439000,5,5,5,5,5,5,5,5,5,5,5,5,5,5,5,5,5,5,5,5,5,5,5,-10.139178,123.667097,30.000000,lev15,Almucantar
Kupang,05:10:2020,12:00:00,279,279.000000,0.000593,0.005042,0.016460,0.022606,0.016701,0.009301,0.005536,0.004523,0.005293,0.007604,0.010924,0.014404,0.017588,0.020551,0.023015,0.024316,0.023100,0.018348,0.011211,0.004907,0.001485,0.000312,0.439000,5,5,5,5,5,5,5,5,5,5,5,5,5,5,5,5,5,5,5,5,5,5,5,-10.139178,123.667097,30.000000,lev15,Almucantar
Kupang,10:10:2020,12:00:00,284,284.000000,0.000793,0.003786,0.008686,0.010605,0.009130,0.007359,0.006531,0.007104,0.009987,0.015384,0.018415,0.016658,0.015168,0.016197,0.019550,0.025984,0.039348,0.061150,0.065735,0.032967,0.006429,0.000553,0.439000,2,2,2,2,2,2,2,2,2,2,2,2,2,2,2,2,2,2,2,2,2,2,2,-10.139178,123.667097,30.000000,lev15,Almucantar
Kupang,12:10:2020,12:00:00,286,286.000000,0.000430,0.003838,0.014792,0.025483,0.022559,0.011964,0.005611,0.003841,0.004448,0.006652,0.008789,0.010868,0.014544,0.020254,0.024342,0.026965,0.027450,0.022593,0.013214,0.005260,0.001431,0.000268,0.439000,2,2,2,2,2,2,2,2,2,2,2,2,2,2,2,2,2,2,2,2,2,2,2,-10.139178,123.667097,30.000000,lev15,Almucantar
Kupang,14:10:2020,12:00:00,288,288.000000,0.000651,0.005997,0.019227,0.023530,0.015217,0.007878,0.004611,0.003940,0.004937,0.006410,0.006796,0.007127,0.009365,0.013023,0.014828,0.015491,0.017227,0.019151,0.016722,0.008698,0.002264,0.000280,0.439000,5,5,5,5,5,5,5,5,5,5,5,5,5,5,5,5,5,5,5,5,5,5,5,-10.139178,123.667097,30.000000,lev15,Almucantar
