AERONET Data Download (Version 3 Direct Sun and Inversion Algorithms)
AERONET Version 3
Kuwait_University
Version 3: Almucantar Level 1.5 Inversion
The following data are cloud cleared and quality controls have been applied but these data may not have final calibration applied.  These data may change.
Daily Averages,Contact: PI=Hala_Khalid_Al-Jassar; PI Email=hala.aljassar@ku.edu.kw 
AERONET_AERONET_Site,Date(dd:mm:yyyy),Time(hh:mm:ss),Day_of_Year,Day_of_Year(fraction),AOD_Extinction-Total[440nm],AOD_Extinction-Total[675nm],AOD_Extinction-Total[870nm],AOD_Extinction-Total[1020nm],AOD_Extinction-Fine[440nm],AOD_Extinction-Fine[675nm],AOD_Extinction-Fine[870nm],AOD_Extinction-Fine[1020nm],AOD_Extinction-Coarse[440nm],AOD_Extinction-Coarse[675nm],AOD_Extinction-Coarse[870nm],AOD_Extinction-Coarse[1020nm],Extinction_Angstrom_Exponent_440-870nm-Total,N[AOD_Extinction-Total[440nm]],N[AOD_Extinction-Total[675nm]],N[AOD_Extinction-Total[870nm]],N[AOD_Extinction-Total[1020nm]],N[AOD_Extinction-Fine[440nm]],N[AOD_Extinction-Fine[675nm]],N[AOD_Extinction-Fine[870nm]],N[AOD_Extinction-Fine[1020nm]],N[AOD_Extinction-Coarse[440nm]],N[AOD_Extinction-Coarse[675nm]],N[AOD_Extinction-Coarse[870nm]],N[AOD_Extinction-Coarse[1020nm]],N[Extinction_Angstrom_Exponent_440-870nm-Total],Latitude(Degrees),Longitude(Degrees),Elevation(m),Level,Retrieval_Measurement_Scan_Type
Kuwait_University,01:01:2021,12:00:00,1,1.000000,0.533550,0.341050,0.273050,0.241900,0.383350,0.173550,0.098550,0.066250,0.150250,0.167500,0.174500,0.175600,0.989378,2,2,2,2,2,2,2,2,2,2,2,2,2,29.325000,47.971000,42.000000,lev15,Almucantar
Kuwait_University,02:01:2021,12:00:00,2,2.000000,0.438022,0.258167,0.196433,0.170222,0.345822,0.155078,0.087511,0.059544,0.092222,0.103089,0.108911,0.110667,1.186394,9,9,9,9,9,9,9,9,9,9,9,9,9,29.325000,47.971000,42.000000,lev15,Almucantar
Kuwait_University,03:01:2021,12:00:00,3,3.000000,0.331709,0.174918,0.123055,0.101164,0.288245,0.126609,0.072318,0.049718,0.043455,0.048327,0.050727,0.051445,1.458295,11,11,11,11,11,11,11,11,11,11,11,11,11,29.325000,47.971000,42.000000,lev15,Almucantar
Kuwait_University,04:01:2021,12:00:00,4,4.000000,0.408300,0.224950,0.157650,0.129450,0.359850,0.173200,0.102300,0.071950,0.048500,0.051750,0.055350,0.057500,1.396511,2,2,2,2,2,2,2,2,2,2,2,2,2,29.325000,47.971000,42.000000,lev15,Almucantar
Kuwait_University,06:01:2021,12:00:00,6,6.000000,0.249418,0.137300,0.098109,0.081918,0.212900,0.098345,0.056791,0.039282,0.036527,0.038982,0.041309,0.042627,1.371161,11,11,11,11,11,11,11,11,11,11,11,11,11,29.325000,47.971000,42.000000,lev15,Almucantar
Kuwait_University,08:01:2021,12:00:00,8,8.000000,0.371320,0.199460,0.141610,0.117400,0.330700,0.156050,0.095900,0.070550,0.040650,0.043400,0.045710,0.046860,1.420673,10,10,10,10,10,10,10,10,10,10,10,10,10,29.325000,47.971000,42.000000,lev15,Almucantar
Kuwait_University,09:01:2021,12:00:00,9,9.000000,0.480487,0.258037,0.180137,0.147375,0.426713,0.201112,0.120637,0.086487,0.053775,0.056900,0.059512,0.060900,1.442555,8,8,8,8,8,8,8,8,8,8,8,8,8,29.325000,47.971000,42.000000,lev15,Almucantar
Kuwait_University,10:01:2021,12:00:00,10,10.000000,0.381857,0.181829,0.118814,0.093871,0.345714,0.143143,0.078200,0.052214,0.036143,0.038671,0.040629,0.041629,1.715548,7,7,7,7,7,7,7,7,7,7,7,7,7,29.325000,47.971000,42.000000,lev15,Almucantar
Kuwait_University,11:01:2021,12:00:00,11,11.000000,0.341545,0.177355,0.123282,0.101418,0.303036,0.136245,0.080245,0.057455,0.038509,0.041118,0.043045,0.043955,1.495322,11,11,11,11,11,11,11,11,11,11,11,11,11,29.325000,47.971000,42.000000,lev15,Almucantar
Kuwait_University,12:01:2021,12:00:00,12,12.000000,0.148240,0.078230,0.056130,0.046810,0.127170,0.055880,0.032790,0.022940,0.021070,0.022360,0.023350,0.023860,1.442543,10,10,10,10,10,10,10,10,10,10,10,10,10,29.325000,47.971000,42.000000,lev15,Almucantar
Kuwait_University,13:01:2021,12:00:00,13,13.000000,0.215755,0.115582,0.084791,0.071736,0.181591,0.079064,0.046727,0.033055,0.034200,0.036500,0.038055,0.038700,1.378217,11,11,11,11,11,11,11,11,11,11,11,11,11,29.325000,47.971000,42.000000,lev15,Almucantar
Kuwait_University,15:01:2021,12:00:00,15,15.000000,0.438250,0.250500,0.186650,0.161800,0.348550,0.153800,0.085000,0.057800,0.089650,0.096700,0.101750,0.104000,1.257088,2,2,2,2,2,2,2,2,2,2,2,2,2,29.325000,47.971000,42.000000,lev15,Almucantar
Kuwait_University,16:01:2021,12:00:00,16,16.000000,0.369940,0.209240,0.151350,0.127250,0.311280,0.145780,0.084790,0.059350,0.058640,0.063480,0.066600,0.067920,1.328102,10,10,10,10,10,10,10,10,10,10,10,10,10,29.325000,47.971000,42.000000,lev15,Almucantar
Kuwait_University,17:01:2021,12:00:00,17,17.000000,0.703500,0.436000,0.330600,0.284000,0.541600,0.253800,0.142200,0.096100,0.161900,0.182200,0.188300,0.187900,1.108142,1,1,1,1,1,1,1,1,1,1,1,1,1,29.325000,47.971000,42.000000,lev15,Almucantar
Kuwait_University,18:01:2021,12:00:00,18,18.000000,0.182567,0.108967,0.085200,0.075667,0.137278,0.059944,0.033522,0.022744,0.045289,0.049033,0.051700,0.052922,1.050606,9,9,9,9,9,9,9,9,9,9,9,9,9,29.325000,47.971000,42.000000,lev15,Almucantar
Kuwait_University,19:01:2021,12:00:00,19,19.000000,0.182036,0.128336,0.113391,0.107436,0.106891,0.047436,0.028245,0.020245,0.075136,0.080900,0.085136,0.087200,0.683925,11,11,11,11,11,11,11,11,11,11,11,11,11,29.325000,47.971000,42.000000,lev15,Almucantar
Kuwait_University,21:01:2021,12:00:00,21,21.000000,0.161600,0.133322,0.126756,0.124533,0.061922,0.026500,0.015111,0.010733,0.099678,0.106844,0.111633,0.113789,0.379880,9,9,9,9,9,9,9,9,9,9,9,9,9,29.325000,47.971000,42.000000,lev15,Almucantar
Kuwait_University,22:01:2021,12:00:00,22,22.000000,0.069000,0.056100,0.052750,0.051475,0.028575,0.012700,0.007437,0.005300,0.040450,0.043400,0.045313,0.046175,0.493852,8,8,8,8,8,8,8,8,8,8,8,8,8,29.325000,47.971000,42.000000,lev15,Almucantar
Kuwait_University,23:01:2021,12:00:00,23,23.000000,0.060010,0.031880,0.023520,0.020040,0.050370,0.021760,0.012940,0.009220,0.009630,0.010150,0.010580,0.010830,1.389727,10,10,10,10,10,10,10,10,10,10,10,10,10,29.325000,47.971000,42.000000,lev15,Almucantar
Kuwait_University,24:01:2021,12:00:00,24,24.000000,0.282427,0.211100,0.186627,0.176436,0.154109,0.069991,0.039800,0.027982,0.128318,0.141109,0.146809,0.148491,0.615518,11,11,11,11,11,11,11,11,11,11,11,11,11,29.325000,47.971000,42.000000,lev15,Almucantar
Kuwait_University,25:01:2021,12:00:00,25,25.000000,0.418555,0.321036,0.285218,0.268555,0.225064,0.108491,0.063727,0.044764,0.193482,0.212564,0.221509,0.223818,0.567030,11,11,11,11,11,11,11,11,11,11,11,11,11,29.325000,47.971000,42.000000,lev15,Almucantar
Kuwait_University,26:01:2021,12:00:00,26,26.000000,0.551778,0.436700,0.392989,0.371811,0.273456,0.132344,0.077433,0.054100,0.278344,0.304400,0.315567,0.317733,0.506314,9,9,9,9,9,9,9,9,9,9,9,9,9,29.325000,47.971000,42.000000,lev15,Almucantar
Kuwait_University,27:01:2021,12:00:00,27,27.000000,0.353738,0.258650,0.228750,0.216000,0.195187,0.085687,0.048950,0.034238,0.158537,0.172975,0.179788,0.181762,0.650462,8,8,8,8,8,8,8,8,8,8,8,8,8,29.325000,47.971000,42.000000,lev15,Almucantar
Kuwait_University,28:01:2021,12:00:00,28,28.000000,0.553122,0.431644,0.391278,0.373422,0.270144,0.122333,0.069422,0.048000,0.283011,0.309311,0.321856,0.325444,0.513302,9,9,9,9,9,9,9,9,9,9,9,9,9,29.325000,47.971000,42.000000,lev15,Almucantar
Kuwait_University,30:01:2021,12:00:00,30,30.000000,0.181600,0.170800,0.172150,0.173300,0.037300,0.016300,0.009750,0.007100,0.144300,0.154500,0.162400,0.166300,0.084795,2,2,2,2,2,2,2,2,2,2,2,2,2,29.325000,47.971000,42.000000,lev15,Almucantar
Kuwait_University,31:01:2021,12:00:00,31,31.000000,0.055127,0.035955,0.029636,0.027064,0.038782,0.018209,0.011009,0.008127,0.016345,0.017745,0.018627,0.018955,0.923856,11,11,11,11,11,11,11,11,11,11,11,11,11,29.325000,47.971000,42.000000,lev15,Almucantar
Kuwait_University,01:02:2021,12:00:00,32,32.000000,0.136236,0.091427,0.075445,0.068673,0.095518,0.047491,0.029145,0.021336,0.040736,0.043945,0.046327,0.047382,0.880364,11,11,11,11,11,11,11,11,11,11,11,11,11,29.325000,47.971000,42.000000,lev15,Almucantar
Kuwait_University,02:02:2021,12:00:00,33,33.000000,0.111325,0.089600,0.084587,0.082787,0.048600,0.021737,0.013162,0.009625,0.062763,0.067875,0.071438,0.073150,0.419874,8,8,8,8,8,8,8,8,8,8,8,8,8,29.325000,47.971000,42.000000,lev15,Almucantar
Kuwait_University,03:02:2021,12:00:00,34,34.000000,0.531262,0.416825,0.377113,0.358737,0.259325,0.119050,0.068263,0.047225,0.271962,0.297812,0.308863,0.311550,0.503260,8,8,8,8,8,8,8,8,8,8,8,8,8,29.325000,47.971000,42.000000,lev15,Almucantar
Kuwait_University,04:02:2021,12:00:00,35,35.000000,0.489809,0.357509,0.318900,0.303136,0.260545,0.108818,0.059927,0.040736,0.229264,0.248727,0.258982,0.262436,0.642880,11,11,11,11,11,11,11,11,11,11,11,11,11,29.325000,47.971000,42.000000,lev15,Almucantar
Kuwait_University,07:02:2021,12:00:00,38,38.000000,0.642600,0.375400,0.251650,0.194750,0.614150,0.345000,0.218800,0.160400,0.028450,0.030500,0.032900,0.034350,1.409063,2,2,2,2,2,2,2,2,2,2,2,2,2,29.325000,47.971000,42.000000,lev15,Almucantar
Kuwait_University,08:02:2021,12:00:00,39,39.000000,0.222925,0.133375,0.092700,0.073275,0.207225,0.116500,0.074325,0.053975,0.015700,0.016850,0.018375,0.019325,1.275815,4,4,4,4,4,4,4,4,4,4,4,4,4,29.325000,47.971000,42.000000,lev15,Almucantar
Kuwait_University,09:02:2021,12:00:00,40,40.000000,0.267611,0.137878,0.092733,0.073433,0.244900,0.113678,0.067122,0.047011,0.022711,0.024211,0.025611,0.026433,1.539800,9,9,9,9,9,9,9,9,9,9,9,9,9,29.325000,47.971000,42.000000,lev15,Almucantar
Kuwait_University,10:02:2021,12:00:00,41,41.000000,0.091800,0.052000,0.039200,0.033900,0.075600,0.034500,0.020900,0.015300,0.016200,0.017533,0.018300,0.018567,1.255389,3,3,3,3,3,3,3,3,3,3,3,3,3,29.325000,47.971000,42.000000,lev15,Almucantar
Kuwait_University,11:02:2021,12:00:00,42,42.000000,0.078818,0.046873,0.035436,0.030736,0.065200,0.032036,0.019636,0.014500,0.013645,0.014855,0.015791,0.016227,1.170119,11,11,11,11,11,11,11,11,11,11,11,11,11,29.325000,47.971000,42.000000,lev15,Almucantar
Kuwait_University,12:02:2021,12:00:00,43,43.000000,0.143300,0.086782,0.067382,0.059691,0.108764,0.049182,0.027945,0.019573,0.034527,0.037564,0.039445,0.040100,1.117983,11,11,11,11,11,11,11,11,11,11,11,11,11,29.325000,47.971000,42.000000,lev15,Almucantar
Kuwait_University,13:02:2021,12:00:00,44,44.000000,0.212882,0.128782,0.102836,0.093555,0.154327,0.065082,0.035591,0.024964,0.058555,0.063727,0.067245,0.068609,1.076656,11,11,11,11,11,11,11,11,11,11,11,11,11,29.325000,47.971000,42.000000,lev15,Almucantar
Kuwait_University,14:02:2021,12:00:00,45,45.000000,0.215245,0.126718,0.100236,0.090618,0.158927,0.065482,0.035655,0.024709,0.056345,0.061255,0.064573,0.065918,1.132132,11,11,11,11,11,11,11,11,11,11,11,11,11,29.325000,47.971000,42.000000,lev15,Almucantar
Kuwait_University,15:02:2021,12:00:00,46,46.000000,0.293382,0.175318,0.144191,0.132936,0.204064,0.078991,0.042964,0.029491,0.089382,0.096336,0.101227,0.103445,1.052786,11,11,11,11,11,11,11,11,11,11,11,11,11,29.325000,47.971000,42.000000,lev15,Almucantar
Kuwait_University,16:02:2021,12:00:00,47,47.000000,0.296013,0.182675,0.150088,0.138313,0.202638,0.081850,0.044075,0.030013,0.093412,0.100862,0.106025,0.108337,1.010689,8,8,8,8,8,8,8,8,8,8,8,8,8,29.325000,47.971000,42.000000,lev15,Almucantar
Kuwait_University,19:02:2021,12:00:00,50,50.000000,0.217838,0.200150,0.198500,0.198162,0.057287,0.028288,0.017612,0.013163,0.160525,0.171863,0.180875,0.185025,0.171469,8,8,8,8,8,8,8,8,8,8,8,8,8,29.325000,47.971000,42.000000,lev15,Almucantar
Kuwait_University,20:02:2021,12:00:00,51,51.000000,0.298014,0.270914,0.270514,0.271514,0.076543,0.032071,0.018800,0.013786,0.221457,0.238843,0.251714,0.257771,0.149753,7,7,7,7,7,7,7,7,7,7,7,7,7,29.325000,47.971000,42.000000,lev15,Almucantar
Kuwait_University,21:02:2021,12:00:00,52,52.000000,0.265240,0.223180,0.210860,0.206060,0.106860,0.049480,0.028620,0.020480,0.158380,0.173680,0.182240,0.185640,0.341756,5,5,5,5,5,5,5,5,5,5,5,5,5,29.325000,47.971000,42.000000,lev15,Almucantar
Kuwait_University,22:02:2021,12:00:00,53,53.000000,0.260775,0.219325,0.208188,0.204463,0.104400,0.048912,0.028737,0.020887,0.156400,0.170425,0.179437,0.183575,0.336128,8,8,8,8,8,8,8,8,8,8,8,8,8,29.325000,47.971000,42.000000,lev15,Almucantar
Kuwait_University,25:02:2021,12:00:00,56,56.000000,0.176811,0.095133,0.067133,0.056356,0.150033,0.066089,0.036456,0.024878,0.026789,0.029056,0.030678,0.031478,1.380185,9,9,9,9,9,9,9,9,9,9,9,9,9,29.325000,47.971000,42.000000,lev15,Almucantar
Kuwait_University,26:02:2021,12:00:00,57,57.000000,0.132655,0.074455,0.055682,0.048764,0.105464,0.044545,0.024000,0.016482,0.027191,0.029918,0.031682,0.032291,1.281300,11,11,11,11,11,11,11,11,11,11,11,11,11,29.325000,47.971000,42.000000,lev15,Almucantar
Kuwait_University,27:02:2021,12:00:00,58,58.000000,0.240591,0.155145,0.126445,0.114882,0.164555,0.070500,0.038327,0.026300,0.076009,0.084655,0.088118,0.088609,0.940180,11,11,11,11,11,11,11,11,11,11,11,11,11,29.325000,47.971000,42.000000,lev15,Almucantar
Kuwait_University,01:03:2021,12:00:00,60,60.000000,0.441857,0.286186,0.237114,0.217914,0.294457,0.123329,0.066129,0.044343,0.147400,0.162843,0.170986,0.173586,0.931278,7,7,7,7,7,7,7,7,7,7,7,7,7,29.325000,47.971000,42.000000,lev15,Almucantar
Kuwait_University,02:03:2021,12:00:00,61,61.000000,0.340227,0.219573,0.180391,0.164282,0.236536,0.103891,0.058600,0.040745,0.103718,0.115709,0.121773,0.123555,0.926318,11,11,11,11,11,11,11,11,11,11,11,11,11,29.325000,47.971000,42.000000,lev15,Almucantar
Kuwait_University,03:03:2021,12:00:00,62,62.000000,0.287457,0.183186,0.150286,0.136943,0.199700,0.086300,0.047814,0.032486,0.087786,0.096900,0.102514,0.104486,0.979298,7,7,7,7,7,7,7,7,7,7,7,7,7,29.325000,47.971000,42.000000,lev15,Almucantar
Kuwait_University,05:03:2021,12:00:00,64,64.000000,0.201343,0.143443,0.126486,0.120429,0.112857,0.047971,0.026414,0.018314,0.088514,0.095486,0.100071,0.102114,0.694709,7,7,7,7,7,7,7,7,7,7,7,7,7,29.325000,47.971000,42.000000,lev15,Almucantar
Kuwait_University,06:03:2021,12:00:00,65,65.000000,0.124330,0.088010,0.078790,0.075710,0.065840,0.025860,0.013990,0.009660,0.058500,0.062130,0.064800,0.066050,0.682968,10,10,10,10,10,10,10,10,10,10,10,10,10,29.325000,47.971000,42.000000,lev15,Almucantar
Kuwait_University,07:03:2021,12:00:00,66,66.000000,0.121650,0.068160,0.051150,0.044450,0.095560,0.039930,0.021570,0.014400,0.026070,0.028260,0.029580,0.030040,1.266306,10,10,10,10,10,10,10,10,10,10,10,10,10,29.325000,47.971000,42.000000,lev15,Almucantar
Kuwait_University,08:03:2021,12:00:00,67,67.000000,0.542289,0.447411,0.409800,0.391711,0.231733,0.110567,0.063011,0.043644,0.310578,0.336844,0.346811,0.348056,0.426524,9,9,9,9,9,9,9,9,9,9,9,9,9,29.325000,47.971000,42.000000,lev15,Almucantar
Kuwait_University,09:03:2021,12:00:00,68,68.000000,0.184300,0.126670,0.107660,0.100310,0.117080,0.053070,0.030620,0.022300,0.067210,0.073620,0.077050,0.077990,0.801382,10,10,10,10,10,10,10,10,10,10,10,10,10,29.325000,47.971000,42.000000,lev15,Almucantar
Kuwait_University,10:03:2021,12:00:00,69,69.000000,0.528550,0.472110,0.441820,0.423340,0.192590,0.101670,0.061330,0.043910,0.335970,0.370460,0.380490,0.379430,0.264404,10,10,10,10,10,10,10,10,10,10,10,10,10,29.325000,47.971000,42.000000,lev15,Almucantar
Kuwait_University,11:03:2021,12:00:00,70,70.000000,0.779900,0.617200,0.547700,0.508400,0.452400,0.253700,0.163700,0.118000,0.327500,0.363600,0.384100,0.390500,0.521095,1,1,1,1,1,1,1,1,1,1,1,1,1,29.325000,47.971000,42.000000,lev15,Almucantar
Kuwait_University,13:03:2021,12:00:00,72,72.000000,0.215250,0.196200,0.193475,0.193125,0.051600,0.022900,0.012775,0.008975,0.163650,0.173300,0.180725,0.184150,0.168940,4,4,4,4,4,4,4,4,4,4,4,4,4,29.325000,47.971000,42.000000,lev15,Almucantar
Kuwait_University,14:03:2021,12:00:00,73,73.000000,0.086220,0.059930,0.050970,0.047690,0.052990,0.024150,0.013610,0.009760,0.033200,0.035790,0.037400,0.037930,0.767657,10,10,10,10,10,10,10,10,10,10,10,10,10,29.325000,47.971000,42.000000,lev15,Almucantar
Kuwait_University,17:03:2021,12:00:00,76,76.000000,0.732357,0.649443,0.619014,0.604429,0.246729,0.124000,0.072000,0.050486,0.485657,0.525471,0.547014,0.553957,0.256104,7,7,7,7,7,7,7,7,7,7,7,7,7,29.325000,47.971000,42.000000,lev15,Almucantar
Kuwait_University,18:03:2021,12:00:00,77,77.000000,0.811557,0.673043,0.622243,0.598429,0.331543,0.153743,0.085657,0.058300,0.480043,0.519314,0.536614,0.540171,0.393864,7,7,7,7,7,7,7,7,7,7,7,7,7,29.325000,47.971000,42.000000,lev15,Almucantar
Kuwait_University,19:03:2021,12:00:00,78,78.000000,0.322550,0.273050,0.256750,0.249900,0.130000,0.065000,0.038850,0.027650,0.192650,0.208050,0.218000,0.222250,0.340066,2,2,2,2,2,2,2,2,2,2,2,2,2,29.325000,47.971000,42.000000,lev15,Almucantar
Kuwait_University,20:03:2021,12:00:00,79,79.000000,0.151644,0.124333,0.114967,0.110867,0.068256,0.032689,0.019189,0.013778,0.083389,0.091644,0.095800,0.097078,0.392626,9,9,9,9,9,9,9,9,9,9,9,9,9,29.325000,47.971000,42.000000,lev15,Almucantar
Kuwait_University,21:03:2021,12:00:00,80,80.000000,0.382940,0.312800,0.290610,0.280250,0.166700,0.076780,0.045020,0.032050,0.216250,0.236020,0.245640,0.248210,0.400564,10,10,10,10,10,10,10,10,10,10,10,10,10,29.325000,47.971000,42.000000,lev15,Almucantar
Kuwait_University,22:03:2021,12:00:00,81,81.000000,0.337713,0.274800,0.255650,0.247025,0.140150,0.060475,0.034263,0.023963,0.197588,0.214325,0.221400,0.223062,0.453191,8,8,8,8,8,8,8,8,8,8,8,8,8,29.325000,47.971000,42.000000,lev15,Almucantar
Kuwait_University,23:03:2021,12:00:00,82,82.000000,0.516220,0.436200,0.405670,0.390410,0.209480,0.100860,0.058770,0.041540,0.306760,0.335340,0.346880,0.348920,0.357731,10,10,10,10,10,10,10,10,10,10,10,10,10,29.325000,47.971000,42.000000,lev15,Almucantar
Kuwait_University,24:03:2021,12:00:00,83,83.000000,0.706200,0.664700,0.643900,0.630700,0.210000,0.122900,0.076800,0.055700,0.496200,0.541800,0.567100,0.575100,0.136025,1,1,1,1,1,1,1,1,1,1,1,1,1,29.325000,47.971000,42.000000,lev15,Almucantar
Kuwait_University,25:03:2021,12:00:00,84,84.000000,1.190464,1.165382,1.154018,1.142109,0.249400,0.149864,0.095500,0.069755,0.941073,1.015582,1.058527,1.072409,0.047260,11,11,11,11,11,11,11,11,11,11,11,11,11,29.325000,47.971000,42.000000,lev15,Almucantar
Kuwait_University,26:03:2021,12:00:00,85,85.000000,0.884844,0.830200,0.804011,0.786367,0.239522,0.129711,0.078000,0.055422,0.645367,0.700522,0.726033,0.730978,0.141843,9,9,9,9,9,9,9,9,9,9,9,9,9,29.325000,47.971000,42.000000,lev15,Almucantar
Kuwait_University,27:03:2021,12:00:00,86,86.000000,0.741233,0.701267,0.686289,0.676133,0.189911,0.104733,0.064567,0.046867,0.551322,0.596556,0.621744,0.629311,0.116200,9,9,9,9,9,9,9,9,9,9,9,9,9,29.325000,47.971000,42.000000,lev15,Almucantar
Kuwait_University,28:03:2021,12:00:00,87,87.000000,0.269450,0.236250,0.226217,0.221450,0.091067,0.042333,0.024717,0.017550,0.178400,0.193917,0.201517,0.203950,0.261625,6,6,6,6,6,6,6,6,6,6,6,6,6,29.325000,47.971000,42.000000,lev15,Almucantar
Kuwait_University,29:03:2021,12:00:00,88,88.000000,0.289591,0.249555,0.234773,0.227255,0.111855,0.054473,0.032373,0.023273,0.177755,0.195091,0.202400,0.204009,0.318493,11,11,11,11,11,11,11,11,11,11,11,11,11,29.325000,47.971000,42.000000,lev15,Almucantar
Kuwait_University,30:03:2021,12:00:00,89,89.000000,0.960725,0.892263,0.847225,0.818113,0.290375,0.161637,0.096962,0.068013,0.670375,0.730662,0.750288,0.750137,0.183527,8,8,8,8,8,8,8,8,8,8,8,8,8,29.325000,47.971000,42.000000,lev15,Almucantar
Kuwait_University,31:03:2021,12:00:00,90,90.000000,0.666467,0.591000,0.553200,0.530967,0.239233,0.124267,0.074500,0.052967,0.427233,0.466800,0.478733,0.478067,0.279057,3,3,3,3,3,3,3,3,3,3,3,3,3,29.325000,47.971000,42.000000,lev15,Almucantar
Kuwait_University,01:04:2021,12:00:00,91,91.000000,0.808367,0.705533,0.657133,0.630600,0.307933,0.161000,0.096367,0.068133,0.500467,0.544600,0.560767,0.562433,0.305190,3,3,3,3,3,3,3,3,3,3,3,3,3,29.325000,47.971000,42.000000,lev15,Almucantar
Kuwait_University,04:04:2021,12:00:00,94,94.000000,0.102271,0.062429,0.049114,0.043829,0.075743,0.033743,0.019057,0.013243,0.026557,0.028686,0.030086,0.030586,1.077222,7,7,7,7,7,7,7,7,7,7,7,7,7,29.325000,47.971000,42.000000,lev15,Almucantar
Kuwait_University,05:04:2021,12:00:00,95,95.000000,0.154512,0.108062,0.092737,0.086538,0.094775,0.043188,0.024912,0.017612,0.059750,0.064888,0.067838,0.068913,0.790837,8,8,8,8,8,8,8,8,8,8,8,8,8,29.325000,47.971000,42.000000,lev15,Almucantar
Kuwait_University,06:04:2021,12:00:00,96,96.000000,0.210267,0.164333,0.145767,0.136783,0.110417,0.053233,0.031117,0.022067,0.099850,0.111100,0.114633,0.114717,0.554192,6,6,6,6,6,6,6,6,6,6,6,6,6,29.325000,47.971000,42.000000,lev15,Almucantar
Kuwait_University,07:04:2021,12:00:00,97,97.000000,0.712650,0.668650,0.633967,0.610050,0.210750,0.119533,0.072283,0.050433,0.501933,0.549150,0.561667,0.559667,0.169728,6,6,6,6,6,6,6,6,6,6,6,6,6,29.325000,47.971000,42.000000,lev15,Almucantar
Kuwait_University,08:04:2021,12:00:00,98,98.000000,0.950380,0.847140,0.796380,0.765400,0.329360,0.170380,0.102100,0.071880,0.621020,0.676780,0.694360,0.693560,0.260120,5,5,5,5,5,5,5,5,5,5,5,5,5,29.325000,47.971000,42.000000,lev15,Almucantar
Kuwait_University,09:04:2021,12:00:00,99,99.000000,0.704640,0.614880,0.575660,0.553980,0.269560,0.140700,0.084620,0.059740,0.435140,0.474200,0.491060,0.494240,0.298810,5,5,5,5,5,5,5,5,5,5,5,5,5,29.325000,47.971000,42.000000,lev15,Almucantar
Kuwait_University,11:04:2021,12:00:00,101,101.000000,0.595350,0.511750,0.476650,0.458100,0.246000,0.130350,0.079100,0.056450,0.349350,0.381400,0.397500,0.401650,0.328833,2,2,2,2,2,2,2,2,2,2,2,2,2,29.325000,47.971000,42.000000,lev15,Almucantar
Kuwait_University,12:04:2021,12:00:00,102,102.000000,0.468260,0.389340,0.360000,0.345980,0.204220,0.100840,0.059380,0.042320,0.264060,0.288480,0.300620,0.303660,0.392889,5,5,5,5,5,5,5,5,5,5,5,5,5,29.325000,47.971000,42.000000,lev15,Almucantar
Kuwait_University,13:04:2021,12:00:00,103,103.000000,0.399200,0.298050,0.264800,0.250900,0.221200,0.104250,0.061800,0.044000,0.178050,0.193800,0.203000,0.206900,0.609919,2,2,2,2,2,2,2,2,2,2,2,2,2,29.325000,47.971000,42.000000,lev15,Almucantar
Kuwait_University,14:04:2021,12:00:00,104,104.000000,0.531600,0.396100,0.348700,0.328400,0.298900,0.143800,0.084500,0.058600,0.232700,0.252300,0.264200,0.269800,0.625382,1,1,1,1,1,1,1,1,1,1,1,1,1,29.325000,47.971000,42.000000,lev15,Almucantar
Kuwait_University,15:04:2021,12:00:00,105,105.000000,0.173950,0.132520,0.118900,0.113390,0.089880,0.040480,0.022940,0.016120,0.084080,0.092060,0.095970,0.097260,0.620760,10,10,10,10,10,10,10,10,10,10,10,10,10,29.325000,47.971000,42.000000,lev15,Almucantar
Kuwait_University,16:04:2021,12:00:00,106,106.000000,0.195143,0.165429,0.153443,0.147614,0.083186,0.043443,0.026886,0.019814,0.111986,0.121986,0.126586,0.127800,0.409740,7,7,7,7,7,7,7,7,7,7,7,7,7,29.325000,47.971000,42.000000,lev15,Almucantar
Kuwait_University,18:04:2021,12:00:00,108,108.000000,0.296589,0.250700,0.235133,0.228544,0.120611,0.061722,0.037956,0.028067,0.175978,0.188956,0.197178,0.200489,0.447118,9,9,9,9,9,9,9,9,9,9,9,9,9,29.325000,47.971000,42.000000,lev15,Almucantar
Kuwait_University,19:04:2021,12:00:00,109,109.000000,0.392125,0.347875,0.324025,0.310500,0.154700,0.085225,0.052725,0.038350,0.237425,0.262650,0.271275,0.272200,0.279887,4,4,4,4,4,4,4,4,4,4,4,4,4,29.325000,47.971000,42.000000,lev15,Almucantar
Kuwait_University,20:04:2021,12:00:00,110,110.000000,0.308129,0.244614,0.220629,0.208629,0.159100,0.079014,0.047957,0.034529,0.149043,0.165600,0.172686,0.174100,0.502199,7,7,7,7,7,7,7,7,7,7,7,7,7,29.325000,47.971000,42.000000,lev15,Almucantar
Kuwait_University,21:04:2021,12:00:00,111,111.000000,0.289180,0.205080,0.177640,0.165700,0.173580,0.075780,0.042940,0.030100,0.115600,0.129360,0.134720,0.135600,0.723775,5,5,5,5,5,5,5,5,5,5,5,5,5,29.325000,47.971000,42.000000,lev15,Almucantar
Kuwait_University,22:04:2021,12:00:00,112,112.000000,0.466667,0.325933,0.279750,0.259383,0.285067,0.127617,0.073100,0.049917,0.181617,0.198300,0.206650,0.209483,0.768873,6,6,6,6,6,6,6,6,6,6,6,6,6,29.325000,47.971000,42.000000,lev15,Almucantar
Kuwait_University,23:04:2021,12:00:00,113,113.000000,0.559700,0.429500,0.396600,0.385700,0.296100,0.142800,0.087500,0.064400,0.263600,0.286700,0.309100,0.321300,0.516831,1,1,1,1,1,1,1,1,1,1,1,1,1,29.325000,47.971000,42.000000,lev15,Almucantar
Kuwait_University,24:04:2021,12:00:00,114,114.000000,0.431433,0.313133,0.271433,0.252667,0.252567,0.116533,0.066400,0.045267,0.178867,0.196667,0.205100,0.207367,0.687153,3,3,3,3,3,3,3,3,3,3,3,3,3,29.325000,47.971000,42.000000,lev15,Almucantar
Kuwait_University,25:04:2021,12:00:00,115,115.000000,0.474050,0.342800,0.303350,0.286050,0.271850,0.120200,0.070450,0.049600,0.202250,0.222600,0.232950,0.236450,0.664982,2,2,2,2,2,2,2,2,2,2,2,2,2,29.325000,47.971000,42.000000,lev15,Almucantar
Kuwait_University,26:04:2021,12:00:00,116,116.000000,0.517283,0.355650,0.301383,0.278417,0.324033,0.143550,0.080633,0.055333,0.193250,0.212133,0.220750,0.223117,0.793379,6,6,6,6,6,6,6,6,6,6,6,6,6,29.325000,47.971000,42.000000,lev15,Almucantar
Kuwait_University,27:04:2021,12:00:00,117,117.000000,0.768200,0.600900,0.538900,0.511900,0.395800,0.199100,0.118500,0.083400,0.372500,0.401800,0.420400,0.428600,0.525355,1,1,1,1,1,1,1,1,1,1,1,1,1,29.325000,47.971000,42.000000,lev15,Almucantar
Kuwait_University,29:04:2021,12:00:00,119,119.000000,0.173670,0.119230,0.102580,0.096350,0.105400,0.045210,0.025290,0.017900,0.068270,0.074020,0.077290,0.078460,0.793565,10,10,10,10,10,10,10,10,10,10,10,10,10,29.325000,47.971000,42.000000,lev15,Almucantar
Kuwait_University,30:04:2021,12:00:00,120,120.000000,0.264910,0.178560,0.153490,0.144570,0.161110,0.066700,0.036460,0.025340,0.103810,0.111870,0.117050,0.119220,0.808038,10,10,10,10,10,10,10,10,10,10,10,10,10,29.325000,47.971000,42.000000,lev15,Almucantar
Kuwait_University,01:05:2021,12:00:00,121,121.000000,0.290578,0.228422,0.209211,0.200656,0.141367,0.065000,0.038678,0.028111,0.149222,0.163400,0.170522,0.172533,0.486635,9,9,9,9,9,9,9,9,9,9,9,9,9,29.325000,47.971000,42.000000,lev15,Almucantar
Kuwait_University,03:05:2021,12:00:00,123,123.000000,0.271267,0.198200,0.178600,0.172033,0.140900,0.057867,0.031433,0.021967,0.130367,0.140400,0.147167,0.150100,0.624611,3,3,3,3,3,3,3,3,3,3,3,3,3,29.325000,47.971000,42.000000,lev15,Almucantar
Kuwait_University,04:05:2021,12:00:00,124,124.000000,0.399817,0.254767,0.214483,0.200867,0.255300,0.098917,0.051133,0.034450,0.144517,0.155850,0.163367,0.166450,0.924242,6,6,6,6,6,6,6,6,6,6,6,6,6,29.325000,47.971000,42.000000,lev15,Almucantar
Kuwait_University,05:05:2021,12:00:00,125,125.000000,0.304367,0.211567,0.185733,0.177000,0.171117,0.068567,0.036433,0.024717,0.133283,0.143000,0.149317,0.152283,0.738660,6,6,6,6,6,6,6,6,6,6,6,6,6,29.325000,47.971000,42.000000,lev15,Almucantar
Kuwait_University,06:05:2021,12:00:00,126,126.000000,0.395256,0.335556,0.315356,0.305989,0.152711,0.072189,0.041967,0.029889,0.242578,0.263367,0.273367,0.276133,0.361807,9,9,9,9,9,9,9,9,9,9,9,9,9,29.325000,47.971000,42.000000,lev15,Almucantar
Kuwait_University,07:05:2021,12:00:00,127,127.000000,0.357938,0.320875,0.303775,0.294363,0.126163,0.067150,0.041025,0.030013,0.231775,0.253738,0.262763,0.264375,0.241933,8,8,8,8,8,8,8,8,8,8,8,8,8,29.325000,47.971000,42.000000,lev15,Almucantar
Kuwait_University,08:05:2021,12:00:00,128,128.000000,0.206900,0.159929,0.146371,0.141486,0.099343,0.043229,0.024229,0.017143,0.107586,0.116700,0.122143,0.124329,0.525155,7,7,7,7,7,7,7,7,7,7,7,7,7,29.325000,47.971000,42.000000,lev15,Almucantar
Kuwait_University,09:05:2021,12:00:00,129,129.000000,0.170744,0.109444,0.093444,0.088022,0.105200,0.039689,0.020733,0.013956,0.065544,0.069744,0.072733,0.074078,0.910427,9,9,9,9,9,9,9,9,9,9,9,9,9,29.325000,47.971000,42.000000,lev15,Almucantar
Kuwait_University,10:05:2021,12:00:00,130,130.000000,0.357288,0.270700,0.243200,0.231738,0.185925,0.083613,0.047713,0.033712,0.171363,0.187125,0.195500,0.198063,0.573501,8,8,8,8,8,8,8,8,8,8,8,8,8,29.325000,47.971000,42.000000,lev15,Almucantar
Kuwait_University,11:05:2021,12:00:00,131,131.000000,0.443900,0.361425,0.333450,0.321050,0.201350,0.098600,0.058425,0.042025,0.242625,0.262800,0.275050,0.279050,0.425473,4,4,4,4,4,4,4,4,4,4,4,4,4,29.325000,47.971000,42.000000,lev15,Almucantar
Kuwait_University,12:05:2021,12:00:00,132,132.000000,0.637300,0.527950,0.497900,0.486950,0.250250,0.113700,0.064450,0.045700,0.387050,0.414300,0.433500,0.441300,0.369931,2,2,2,2,2,2,2,2,2,2,2,2,2,29.325000,47.971000,42.000000,lev15,Almucantar
Kuwait_University,13:05:2021,12:00:00,133,133.000000,0.639360,0.581760,0.561430,0.550410,0.185060,0.091610,0.052570,0.036630,0.454350,0.490150,0.508880,0.513780,0.193767,10,10,10,10,10,10,10,10,10,10,10,10,10,29.325000,47.971000,42.000000,lev15,Almucantar
Kuwait_University,14:05:2021,12:00:00,134,134.000000,0.864067,0.812000,0.796533,0.786567,0.205067,0.109833,0.067233,0.049100,0.659033,0.702200,0.729333,0.737467,0.122280,3,3,3,3,3,3,3,3,3,3,3,3,3,29.325000,47.971000,42.000000,lev15,Almucantar
Kuwait_University,15:05:2021,12:00:00,135,135.000000,0.435575,0.373350,0.358025,0.352200,0.151900,0.069925,0.040800,0.029225,0.283675,0.303450,0.317250,0.322975,0.299115,4,4,4,4,4,4,4,4,4,4,4,4,4,29.325000,47.971000,42.000000,lev15,Almucantar
Kuwait_University,16:05:2021,12:00:00,136,136.000000,0.361862,0.296088,0.279300,0.273787,0.141675,0.061125,0.033638,0.023463,0.220188,0.234975,0.245675,0.250337,0.392941,8,8,8,8,8,8,8,8,8,8,8,8,8,29.325000,47.971000,42.000000,lev15,Almucantar
Kuwait_University,17:05:2021,12:00:00,137,137.000000,0.517700,0.388157,0.353271,0.341414,0.253000,0.104357,0.056443,0.038786,0.264743,0.283843,0.296814,0.302586,0.554397,7,7,7,7,7,7,7,7,7,7,7,7,7,29.325000,47.971000,42.000000,lev15,Almucantar
Kuwait_University,18:05:2021,12:00:00,138,138.000000,0.679200,0.555756,0.518356,0.503122,0.279389,0.126211,0.070811,0.049000,0.399844,0.429578,0.447578,0.454156,0.409327,9,9,9,9,9,9,9,9,9,9,9,9,9,29.325000,47.971000,42.000000,lev15,Almucantar
Kuwait_University,19:05:2021,12:00:00,139,139.000000,0.709044,0.495856,0.433500,0.409000,0.407844,0.173656,0.098122,0.067056,0.301200,0.322222,0.335422,0.341944,0.722454,9,9,9,9,9,9,9,9,9,9,9,9,9,29.325000,47.971000,42.000000,lev15,Almucantar
Kuwait_University,20:05:2021,12:00:00,140,140.000000,0.469017,0.360800,0.327983,0.315383,0.230383,0.104433,0.059450,0.041883,0.238633,0.256383,0.268567,0.273483,0.531917,6,6,6,6,6,6,6,6,6,6,6,6,6,29.325000,47.971000,42.000000,lev15,Almucantar
Kuwait_University,21:05:2021,12:00:00,141,141.000000,0.551157,0.405214,0.359700,0.341800,0.301071,0.135657,0.077600,0.053886,0.250114,0.269571,0.282129,0.287957,0.635797,7,7,7,7,7,7,7,7,7,7,7,7,7,29.325000,47.971000,42.000000,lev15,Almucantar
Kuwait_University,24:05:2021,12:00:00,144,144.000000,0.832325,0.692150,0.652025,0.637250,0.316200,0.141650,0.078050,0.053975,0.516125,0.550525,0.573975,0.583350,0.359822,4,4,4,4,4,4,4,4,4,4,4,4,4,29.325000,47.971000,42.000000,lev15,Almucantar
Kuwait_University,25:05:2021,12:00:00,145,145.000000,0.627480,0.561700,0.536280,0.523040,0.195460,0.098300,0.057280,0.039940,0.432040,0.463400,0.479020,0.483120,0.230904,5,5,5,5,5,5,5,5,5,5,5,5,5,29.325000,47.971000,42.000000,lev15,Almucantar
Kuwait_University,26:05:2021,12:00:00,146,146.000000,0.198678,0.148078,0.134689,0.129833,0.099422,0.041167,0.022933,0.016144,0.099233,0.106911,0.111733,0.113700,0.583833,9,9,9,9,9,9,9,9,9,9,9,9,9,29.325000,47.971000,42.000000,lev15,Almucantar
Kuwait_University,27:05:2021,12:00:00,147,147.000000,0.259400,0.186233,0.165156,0.157900,0.141778,0.059456,0.032656,0.023022,0.117633,0.126778,0.132500,0.134889,0.674784,9,9,9,9,9,9,9,9,9,9,9,9,9,29.325000,47.971000,42.000000,lev15,Almucantar
Kuwait_University,28:05:2021,12:00:00,148,148.000000,0.412337,0.300500,0.272575,0.263637,0.204875,0.079600,0.042162,0.028750,0.207450,0.220937,0.230437,0.234900,0.603945,8,8,8,8,8,8,8,8,8,8,8,8,8,29.325000,47.971000,42.000000,lev15,Almucantar
