AERONET Data Download (Version 3 Direct Sun and Inversion Algorithms)
AERONET Version 3
Lake_Argyle
Version 3: Almucantar Level 1.5 Inversion
The following data are cloud cleared and quality controls have been applied but these data may not have final calibration applied.  These data may change.
Daily Averages,Contact: PI=Ian_Lau; PI Email=ian.lau@csiro.au 
AERONET_AERONET_Site,Date(dd:mm:yyyy),Time(hh:mm:ss),Day_of_Year,Day_of_Year(fraction),0.050000,0.065604,0.086077,0.112939,0.148184,0.194429,0.255105,0.334716,0.439173,0.576227,0.756052,0.991996,1.301571,1.707757,2.240702,2.939966,3.857452,5.061260,6.640745,8.713145,11.432287,15.000000,Inflection_Radius_of_Size_Distribution(um),N[0.050000],N[0.065604],N[0.086077],N[0.112939],N[0.148184],N[0.194429],N[0.255105],N[0.334716],N[0.439173],N[0.576227],N[0.756052],N[0.991996],N[1.301571],N[1.707757],N[2.240702],N[2.939966],N[3.857452],N[5.061260],N[6.640745],N[8.713145],N[11.432287],N[15.000000],N[Inflection_Radius_of_Size_Distribution(um)],Latitude(Degrees),Longitude(Degrees),Elevation(m),Level,Retrieval_Measurement_Scan_Type
Lake_Argyle,01:01:2019,12:00:00,1,1.000000,0.000247,0.002077,0.006053,0.006987,0.004401,0.002287,0.001442,0.001404,0.002030,0.003248,0.004339,0.004715,0.004855,0.005372,0.006688,0.009274,0.013422,0.017597,0.016241,0.007794,0.001611,0.000144,0.439000,4,4,4,4,4,4,4,4,4,4,4,4,4,4,4,4,4,4,4,4,4,4,4,-16.108100,128.748500,150.000000,lev15,Almucantar
Lake_Argyle,02:01:2019,12:00:00,2,2.000000,0.000269,0.002443,0.008092,0.010451,0.006683,0.003211,0.001837,0.001680,0.002467,0.004359,0.006463,0.007417,0.007874,0.009125,0.011724,0.015336,0.018555,0.018777,0.014419,0.007437,0.002131,0.000295,0.439000,3,3,3,3,3,3,3,3,3,3,3,3,3,3,3,3,3,3,3,3,3,3,3,-16.108100,128.748500,150.000000,lev15,Almucantar
Lake_Argyle,07:01:2019,12:00:00,7,7.000000,0.000407,0.002519,0.006661,0.008358,0.006683,0.004708,0.003483,0.003060,0.003698,0.006092,0.009541,0.011930,0.013742,0.017285,0.024736,0.038812,0.058764,0.067447,0.047636,0.018514,0.003687,0.000360,0.623333,3,3,3,3,3,3,3,3,3,3,3,3,3,3,3,3,3,3,3,3,3,3,3,-16.108100,128.748500,150.000000,lev15,Almucantar
Lake_Argyle,08:01:2019,12:00:00,8,8.000000,0.000299,0.001151,0.002798,0.004415,0.004869,0.004303,0.003669,0.003615,0.004528,0.007045,0.012127,0.019931,0.028227,0.033399,0.033478,0.028959,0.021648,0.013737,0.007192,0.003017,0.000994,0.000255,0.439000,1,1,1,1,1,1,1,1,1,1,1,1,1,1,1,1,1,1,1,1,1,1,1,-16.108100,128.748500,150.000000,lev15,Almucantar
Lake_Argyle,10:01:2019,12:00:00,10,10.000000,0.000341,0.001290,0.003140,0.005045,0.005857,0.005663,0.005299,0.005315,0.005782,0.006383,0.006776,0.007230,0.008722,0.013098,0.024126,0.047544,0.081855,0.099476,0.069577,0.024242,0.003938,0.000301,0.439000,3,3,3,3,3,3,3,3,3,3,3,3,3,3,3,3,3,3,3,3,3,3,3,-16.108100,128.748500,150.000000,lev15,Almucantar
Lake_Argyle,11:01:2019,12:00:00,11,11.000000,0.000303,0.001117,0.002653,0.004176,0.004731,0.004445,0.004095,0.004171,0.004740,0.005399,0.005466,0.004974,0.004768,0.005874,0.010481,0.025986,0.070876,0.145078,0.150142,0.059990,0.008091,0.000352,0.439000,1,1,1,1,1,1,1,1,1,1,1,1,1,1,1,1,1,1,1,1,1,1,1,-16.108100,128.748500,150.000000,lev15,Almucantar
Lake_Argyle,07:02:2019,12:00:00,38,38.000000,0.000507,0.002281,0.004580,0.004501,0.002777,0.001585,0.001244,0.001637,0.003171,0.006301,0.009378,0.010457,0.011473,0.014384,0.018377,0.022336,0.026846,0.031812,0.031086,0.018103,0.004820,0.000528,0.439000,1,1,1,1,1,1,1,1,1,1,1,1,1,1,1,1,1,1,1,1,1,1,1,-16.108100,128.748500,150.000000,lev15,Almucantar
Lake_Argyle,09:02:2019,12:00:00,40,40.000000,0.000181,0.000666,0.001651,0.002855,0.003687,0.003893,0.003717,0.003570,0.003789,0.004657,0.006387,0.008933,0.011940,0.014930,0.017211,0.017695,0.015448,0.010879,0.005912,0.002400,0.000714,0.000155,0.439000,2,2,2,2,2,2,2,2,2,2,2,2,2,2,2,2,2,2,2,2,2,2,2,-16.108100,128.748500,150.000000,lev15,Almucantar
Lake_Argyle,12:02:2019,12:00:00,43,43.000000,0.000234,0.000925,0.002227,0.003002,0.002593,0.001951,0.001764,0.002318,0.004237,0.007799,0.010022,0.009689,0.009916,0.012000,0.015021,0.018415,0.021562,0.022416,0.017709,0.008659,0.002227,0.000287,0.439000,6,6,6,6,6,6,6,6,6,6,6,6,6,6,6,6,6,6,6,6,6,6,6,-16.108100,128.748500,150.000000,lev15,Almucantar
Lake_Argyle,13:02:2019,12:00:00,44,44.000000,0.000403,0.001558,0.003220,0.003750,0.002912,0.002036,0.001807,0.002504,0.004981,0.009785,0.012984,0.012329,0.011656,0.013485,0.018604,0.027936,0.042666,0.058182,0.054905,0.026698,0.005489,0.000445,0.439000,2,2,2,2,2,2,2,2,2,2,2,2,2,2,2,2,2,2,2,2,2,2,2,-16.108100,128.748500,150.000000,lev15,Almucantar
Lake_Argyle,14:02:2019,12:00:00,45,45.000000,0.000402,0.001664,0.003103,0.002906,0.001889,0.001250,0.001128,0.001594,0.003215,0.006584,0.009517,0.009298,0.008492,0.009242,0.012243,0.017888,0.025251,0.029386,0.023260,0.010319,0.002267,0.000236,0.439000,2,2,2,2,2,2,2,2,2,2,2,2,2,2,2,2,2,2,2,2,2,2,2,-16.108100,128.748500,150.000000,lev15,Almucantar
Lake_Argyle,15:02:2019,12:00:00,46,46.000000,0.000264,0.000899,0.002126,0.003348,0.003711,0.003535,0.003573,0.004006,0.004979,0.006903,0.008958,0.009764,0.010553,0.013798,0.021550,0.038631,0.070293,0.098938,0.085284,0.040079,0.008858,0.000760,0.715500,4,4,4,4,4,4,4,4,4,4,4,4,4,4,4,4,4,4,4,4,4,4,4,-16.108100,128.748500,150.000000,lev15,Almucantar
Lake_Argyle,16:02:2019,12:00:00,47,47.000000,0.000274,0.001074,0.002535,0.003674,0.003647,0.003074,0.002809,0.003031,0.003995,0.006414,0.009879,0.012907,0.016007,0.020211,0.024735,0.028707,0.032132,0.030064,0.018615,0.006736,0.001470,0.000231,0.549600,5,5,5,5,5,5,5,5,5,5,5,5,5,5,5,5,5,5,5,5,5,5,5,-16.108100,128.748500,150.000000,lev15,Almucantar
Lake_Argyle,17:02:2019,12:00:00,48,48.000000,0.000298,0.000880,0.001738,0.002393,0.002522,0.002333,0.002226,0.002535,0.003696,0.006217,0.009499,0.011977,0.013956,0.017235,0.023054,0.030798,0.035644,0.030990,0.018258,0.006851,0.001596,0.000235,0.439000,3,3,3,3,3,3,3,3,3,3,3,3,3,3,3,3,3,3,3,3,3,3,3,-16.108100,128.748500,150.000000,lev15,Almucantar
Lake_Argyle,18:02:2019,12:00:00,49,49.000000,0.000477,0.002016,0.003786,0.003497,0.002081,0.001218,0.001076,0.001731,0.004102,0.008548,0.010561,0.008808,0.007817,0.009337,0.013659,0.020086,0.024958,0.023389,0.015874,0.007098,0.001815,0.000248,0.439000,2,2,2,2,2,2,2,2,2,2,2,2,2,2,2,2,2,2,2,2,2,2,2,-16.108100,128.748500,150.000000,lev15,Almucantar
Lake_Argyle,19:02:2019,12:00:00,50,50.000000,0.000292,0.001472,0.003348,0.003754,0.002671,0.001703,0.001360,0.001673,0.002999,0.005702,0.008171,0.008501,0.008328,0.009214,0.011391,0.014592,0.017433,0.016512,0.010741,0.004419,0.001106,0.000168,0.439000,4,4,4,4,4,4,4,4,4,4,4,4,4,4,4,4,4,4,4,4,4,4,4,-16.108100,128.748500,150.000000,lev15,Almucantar
Lake_Argyle,21:02:2019,12:00:00,52,52.000000,0.000172,0.001038,0.003408,0.006187,0.006428,0.004385,0.002834,0.002580,0.003581,0.005822,0.007925,0.008329,0.008371,0.009156,0.011122,0.014314,0.017702,0.018334,0.013611,0.006207,0.001570,0.000214,0.439000,3,3,3,3,3,3,3,3,3,3,3,3,3,3,3,3,3,3,3,3,3,3,3,-16.108100,128.748500,150.000000,lev15,Almucantar
Lake_Argyle,24:02:2019,12:00:00,55,55.000000,0.000310,0.001569,0.004186,0.006202,0.006047,0.004861,0.003863,0.003420,0.003847,0.005595,0.008279,0.010739,0.013186,0.017122,0.024531,0.037991,0.057525,0.068579,0.049106,0.017476,0.002983,0.000281,0.563286,7,7,7,7,7,7,7,7,7,7,7,7,7,7,7,7,7,7,7,7,7,7,7,-16.108100,128.748500,150.000000,lev15,Almucantar
Lake_Argyle,25:02:2019,12:00:00,56,56.000000,0.000268,0.001466,0.004369,0.007186,0.007507,0.006328,0.005153,0.004323,0.004290,0.005580,0.007770,0.010101,0.012756,0.016540,0.023399,0.036975,0.056861,0.064503,0.042285,0.014143,0.002423,0.000257,0.584000,6,6,6,6,6,6,6,6,6,6,6,6,6,6,6,6,6,6,6,6,6,6,6,-16.108100,128.748500,150.000000,lev15,Almucantar
Lake_Argyle,27:02:2019,12:00:00,58,58.000000,0.000132,0.000901,0.003263,0.006321,0.006531,0.004052,0.002264,0.001761,0.002253,0.003866,0.006001,0.007190,0.007774,0.008801,0.010716,0.013140,0.014672,0.013481,0.009196,0.004143,0.001117,0.000173,0.439000,4,4,4,4,4,4,4,4,4,4,4,4,4,4,4,4,4,4,4,4,4,4,4,-16.108100,128.748500,150.000000,lev15,Almucantar
Lake_Argyle,28:02:2019,12:00:00,59,59.000000,0.000263,0.001795,0.005363,0.007634,0.006284,0.003942,0.002621,0.002410,0.003204,0.004765,0.005988,0.006464,0.006859,0.007711,0.009487,0.012332,0.015260,0.015428,0.010847,0.004681,0.001173,0.000172,0.439000,4,4,4,4,4,4,4,4,4,4,4,4,4,4,4,4,4,4,4,4,4,4,4,-16.108100,128.748500,150.000000,lev15,Almucantar
Lake_Argyle,01:03:2019,12:00:00,60,60.000000,0.000184,0.001391,0.004734,0.007549,0.006165,0.003328,0.001973,0.001972,0.003254,0.005803,0.007655,0.007718,0.007756,0.008958,0.010687,0.011736,0.011051,0.008564,0.005185,0.002302,0.000718,0.000155,0.439000,4,4,4,4,4,4,4,4,4,4,4,4,4,4,4,4,4,4,4,4,4,4,4,-16.108100,128.748500,150.000000,lev15,Almucantar
Lake_Argyle,03:03:2019,12:00:00,62,62.000000,0.000141,0.001092,0.003826,0.006264,0.005328,0.003092,0.001853,0.001595,0.002154,0.003547,0.004798,0.005385,0.006141,0.007509,0.008762,0.009385,0.009003,0.007443,0.004897,0.002294,0.000702,0.000137,0.439000,4,4,4,4,4,4,4,4,4,4,4,4,4,4,4,4,4,4,4,4,4,4,4,-16.108100,128.748500,150.000000,lev15,Almucantar
Lake_Argyle,04:03:2019,12:00:00,63,63.000000,0.000238,0.001496,0.004114,0.005302,0.003916,0.002322,0.001652,0.001898,0.003383,0.006135,0.007740,0.007469,0.007466,0.008611,0.011223,0.015790,0.022339,0.027414,0.023326,0.010729,0.002268,0.000217,0.439000,4,4,4,4,4,4,4,4,4,4,4,4,4,4,4,4,4,4,4,4,4,4,4,-16.108100,128.748500,150.000000,lev15,Almucantar
Lake_Argyle,06:03:2019,12:00:00,65,65.000000,0.000236,0.001365,0.004114,0.006708,0.006638,0.004884,0.003442,0.002854,0.002972,0.003633,0.004686,0.006005,0.007618,0.009625,0.012053,0.014494,0.015581,0.013535,0.008589,0.003690,0.001030,0.000184,0.439000,1,1,1,1,1,1,1,1,1,1,1,1,1,1,1,1,1,1,1,1,1,1,1,-16.108100,128.748500,150.000000,lev15,Almucantar
Lake_Argyle,07:03:2019,12:00:00,66,66.000000,0.000190,0.001688,0.005965,0.008844,0.006464,0.003285,0.001911,0.001848,0.002864,0.004641,0.005296,0.004879,0.005500,0.007328,0.008840,0.009344,0.009502,0.009216,0.007139,0.003591,0.001038,0.000165,0.439000,1,1,1,1,1,1,1,1,1,1,1,1,1,1,1,1,1,1,1,1,1,1,1,-16.108100,128.748500,150.000000,lev15,Almucantar
Lake_Argyle,09:03:2019,12:00:00,68,68.000000,0.000397,0.001619,0.004166,0.006691,0.007367,0.006516,0.005373,0.004545,0.004188,0.004405,0.005302,0.006884,0.009618,0.015616,0.030062,0.060474,0.104347,0.126927,0.089182,0.030715,0.004795,0.000352,0.593200,5,5,5,5,5,5,5,5,5,5,5,5,5,5,5,5,5,5,5,5,5,5,5,-16.108100,128.748500,150.000000,lev15,Almucantar
Lake_Argyle,02:04:2019,12:00:00,92,92.000000,0.000354,0.001193,0.002224,0.002354,0.001797,0.001355,0.001271,0.001660,0.002964,0.006141,0.011342,0.015675,0.017777,0.019736,0.022948,0.026892,0.028987,0.025599,0.016169,0.006480,0.001565,0.000236,0.439000,3,3,3,3,3,3,3,3,3,3,3,3,3,3,3,3,3,3,3,3,3,3,3,-16.108100,128.748500,150.000000,lev15,Almucantar
Lake_Argyle,11:04:2019,12:00:00,101,101.000000,0.000402,0.001676,0.003274,0.003339,0.002220,0.001403,0.001304,0.002075,0.004129,0.006059,0.005414,0.004169,0.004252,0.006212,0.009806,0.015942,0.024540,0.029520,0.022515,0.009114,0.001795,0.000180,0.623333,3,3,3,3,3,3,3,3,3,3,3,3,3,3,3,3,3,3,3,3,3,3,3,-16.108100,128.748500,150.000000,lev15,Almucantar
Lake_Argyle,13:04:2019,12:00:00,103,103.000000,0.000176,0.001453,0.004477,0.005591,0.003726,0.002021,0.001327,0.001323,0.001906,0.002908,0.003641,0.004181,0.005238,0.007031,0.009143,0.010637,0.010855,0.009322,0.006045,0.002573,0.000660,0.000103,0.439000,3,3,3,3,3,3,3,3,3,3,3,3,3,3,3,3,3,3,3,3,3,3,3,-16.108100,128.748500,150.000000,lev15,Almucantar
Lake_Argyle,15:04:2019,12:00:00,105,105.000000,0.000175,0.002227,0.009311,0.013460,0.008109,0.003148,0.001433,0.001176,0.001738,0.003137,0.004494,0.005007,0.005899,0.008203,0.010823,0.012453,0.012174,0.009942,0.006325,0.002783,0.000777,0.000133,0.439000,3,3,3,3,3,3,3,3,3,3,3,3,3,3,3,3,3,3,3,3,3,3,3,-16.108100,128.748500,150.000000,lev15,Almucantar
Lake_Argyle,17:04:2019,12:00:00,107,107.000000,0.000278,0.002840,0.009707,0.012405,0.007955,0.003951,0.002351,0.002137,0.002740,0.003781,0.004654,0.005280,0.006222,0.007725,0.009557,0.011196,0.011666,0.009952,0.006298,0.002702,0.000747,0.000131,0.439000,2,2,2,2,2,2,2,2,2,2,2,2,2,2,2,2,2,2,2,2,2,2,2,-16.108100,128.748500,150.000000,lev15,Almucantar
Lake_Argyle,18:04:2019,12:00:00,108,108.000000,0.000355,0.003350,0.010819,0.013361,0.008831,0.004741,0.002902,0.002475,0.003013,0.004468,0.006228,0.006839,0.006640,0.007241,0.009239,0.012554,0.015831,0.015750,0.010709,0.004520,0.001133,0.000169,0.439000,2,2,2,2,2,2,2,2,2,2,2,2,2,2,2,2,2,2,2,2,2,2,2,-16.108100,128.748500,150.000000,lev15,Almucantar
Lake_Argyle,20:04:2019,12:00:00,110,110.000000,0.000229,0.002534,0.009917,0.014579,0.010396,0.005057,0.002569,0.001865,0.002056,0.002835,0.003927,0.005364,0.007195,0.009343,0.011201,0.012596,0.012863,0.010980,0.007056,0.003026,0.000802,0.000133,0.439000,4,4,4,4,4,4,4,4,4,4,4,4,4,4,4,4,4,4,4,4,4,4,4,-16.108100,128.748500,150.000000,lev15,Almucantar
Lake_Argyle,24:04:2019,12:00:00,114,114.000000,0.000177,0.001527,0.005986,0.010969,0.010308,0.006086,0.003130,0.001969,0.001808,0.002328,0.003516,0.005221,0.007030,0.008643,0.010243,0.011837,0.012425,0.010571,0.006589,0.002815,0.000797,0.000148,0.439000,1,1,1,1,1,1,1,1,1,1,1,1,1,1,1,1,1,1,1,1,1,1,1,-16.108100,128.748500,150.000000,lev15,Almucantar
Lake_Argyle,25:04:2019,12:00:00,115,115.000000,0.000092,0.000690,0.002589,0.004965,0.005327,0.003748,0.002189,0.001441,0.001343,0.001693,0.002270,0.002779,0.003272,0.004210,0.006047,0.009078,0.012634,0.014018,0.010355,0.004321,0.000929,0.000100,0.439000,3,3,3,3,3,3,3,3,3,3,3,3,3,3,3,3,3,3,3,3,3,3,3,-16.108100,128.748500,150.000000,lev15,Almucantar
Lake_Argyle,26:04:2019,12:00:00,116,116.000000,0.000058,0.000304,0.000918,0.001649,0.001911,0.001650,0.001280,0.001059,0.001026,0.001159,0.001446,0.001890,0.002537,0.003453,0.004654,0.005897,0.006443,0.005468,0.003272,0.001288,0.000321,0.000050,0.439000,1,1,1,1,1,1,1,1,1,1,1,1,1,1,1,1,1,1,1,1,1,1,1,-16.108100,128.748500,150.000000,lev15,Almucantar
Lake_Argyle,03:05:2019,12:00:00,123,123.000000,0.000154,0.001479,0.005620,0.008833,0.006831,0.003706,0.002139,0.001731,0.002032,0.002836,0.003571,0.003797,0.003934,0.004057,0.004047,0.003870,0.003492,0.002833,0.001910,0.000978,0.000361,0.000097,0.439000,5,5,5,5,5,5,5,5,5,5,5,5,5,5,5,5,5,5,5,5,5,5,5,-16.108100,128.748500,150.000000,lev15,Almucantar
Lake_Argyle,04:05:2019,12:00:00,124,124.000000,0.000110,0.000822,0.003223,0.006687,0.007770,0.005689,0.003157,0.001688,0.001105,0.000993,0.001159,0.001547,0.002127,0.002958,0.004811,0.010879,0.026124,0.041483,0.032035,0.010376,0.001382,0.000105,0.597500,2,2,2,2,2,2,2,2,2,2,2,2,2,2,2,2,2,2,2,2,2,2,2,-16.108100,128.748500,150.000000,lev15,Almucantar
Lake_Argyle,05:05:2019,12:00:00,125,125.000000,0.000073,0.000368,0.000977,0.001478,0.001495,0.001242,0.001034,0.000992,0.001123,0.001359,0.001537,0.001653,0.001915,0.002374,0.003021,0.003817,0.004624,0.005012,0.004261,0.002222,0.000571,0.000068,0.439000,4,4,4,4,4,4,4,4,4,4,4,4,4,4,4,4,4,4,4,4,4,4,4,-16.108100,128.748500,150.000000,lev15,Almucantar
Lake_Argyle,04:08:2019,12:00:00,216,216.000000,0.000164,0.000760,0.001904,0.002710,0.002537,0.001978,0.001673,0.001824,0.002461,0.003325,0.003871,0.004086,0.004550,0.005829,0.008544,0.013130,0.018456,0.020186,0.014498,0.005861,0.001221,0.000131,0.439000,7,7,7,7,7,7,7,7,7,7,7,7,7,7,7,7,7,7,7,7,7,7,7,-16.108100,128.748500,150.000000,lev15,Almucantar
Lake_Argyle,05:08:2019,12:00:00,217,217.000000,0.000208,0.000853,0.001967,0.002685,0.002546,0.002110,0.001888,0.002098,0.002948,0.004351,0.005288,0.005276,0.005307,0.006368,0.009401,0.016060,0.027767,0.038559,0.032329,0.012948,0.002214,0.000167,0.439000,3,3,3,3,3,3,3,3,3,3,3,3,3,3,3,3,3,3,3,3,3,3,3,-16.108100,128.748500,150.000000,lev15,Almucantar
Lake_Argyle,06:08:2019,12:00:00,218,218.000000,0.000176,0.001180,0.003401,0.004668,0.003986,0.002802,0.002030,0.001755,0.001849,0.002180,0.002614,0.003125,0.003870,0.005016,0.006710,0.008973,0.010951,0.010714,0.007381,0.003168,0.000780,0.000108,0.439000,8,8,8,8,8,8,8,8,8,8,8,8,8,8,8,8,8,8,8,8,8,8,8,-16.108100,128.748500,150.000000,lev15,Almucantar
Lake_Argyle,07:08:2019,12:00:00,219,219.000000,0.000177,0.001786,0.006829,0.010257,0.007662,0.004072,0.002245,0.001680,0.001827,0.002451,0.003065,0.003548,0.004314,0.005483,0.006829,0.008490,0.010059,0.010407,0.008407,0.004212,0.001076,0.000139,0.439000,9,9,9,9,9,9,9,9,9,9,9,9,9,9,9,9,9,9,9,9,9,9,9,-16.108100,128.748500,150.000000,lev15,Almucantar
Lake_Argyle,08:08:2019,12:00:00,220,220.000000,0.000137,0.000908,0.003079,0.005493,0.005581,0.003814,0.002340,0.001744,0.001772,0.002204,0.002777,0.003333,0.004159,0.005723,0.008485,0.012708,0.017433,0.019230,0.014473,0.006171,0.001317,0.000139,0.439000,6,6,6,6,6,6,6,6,6,6,6,6,6,6,6,6,6,6,6,6,6,6,6,-16.108100,128.748500,150.000000,lev15,Almucantar
Lake_Argyle,09:08:2019,12:00:00,221,221.000000,0.000370,0.003254,0.013056,0.024673,0.024407,0.015171,0.007946,0.005020,0.004546,0.005211,0.006095,0.006875,0.008146,0.010866,0.016513,0.027302,0.043116,0.053298,0.041699,0.017431,0.003547,0.000345,0.439000,4,4,4,4,4,4,4,4,4,4,4,4,4,4,4,4,4,4,4,4,4,4,4,-16.108100,128.748500,150.000000,lev15,Almucantar
Lake_Argyle,11:08:2019,12:00:00,223,223.000000,0.000166,0.001214,0.003942,0.006118,0.005561,0.003759,0.002391,0.001753,0.001648,0.001938,0.002495,0.003249,0.004376,0.006097,0.008400,0.010741,0.011878,0.010493,0.006799,0.002916,0.000755,0.000114,0.439000,8,8,8,8,8,8,8,8,8,8,8,8,8,8,8,8,8,8,8,8,8,8,8,-16.108100,128.748500,150.000000,lev15,Almucantar
Lake_Argyle,12:08:2019,12:00:00,224,224.000000,0.000163,0.001127,0.003294,0.004735,0.004311,0.003048,0.002050,0.001576,0.001526,0.001807,0.002243,0.002707,0.003452,0.004760,0.006723,0.009166,0.011371,0.012089,0.010556,0.006422,0.001794,0.000185,0.494300,10,10,10,10,10,10,10,10,10,10,10,10,10,10,10,10,10,10,10,10,10,10,10,-16.108100,128.748500,150.000000,lev15,Almucantar
Lake_Argyle,13:08:2019,12:00:00,225,225.000000,0.000064,0.000418,0.001455,0.002730,0.003032,0.002360,0.001597,0.001150,0.000994,0.001023,0.001167,0.001432,0.001892,0.002620,0.003668,0.004969,0.006052,0.005922,0.004048,0.001699,0.000410,0.000057,0.507500,8,8,8,8,8,8,8,8,8,8,8,8,8,8,8,8,8,8,8,8,8,8,8,-16.108100,128.748500,150.000000,lev15,Almucantar
Lake_Argyle,14:08:2019,12:00:00,226,226.000000,0.000066,0.000358,0.001125,0.002128,0.002615,0.002237,0.001584,0.001202,0.001110,0.001174,0.001293,0.001534,0.002036,0.002949,0.004354,0.006086,0.007515,0.007496,0.005294,0.002260,0.000529,0.000070,0.559500,8,8,8,8,8,8,8,8,8,8,8,8,8,8,8,8,8,8,8,8,8,8,8,-16.108100,128.748500,150.000000,lev15,Almucantar
Lake_Argyle,15:08:2019,12:00:00,227,227.000000,0.000358,0.005348,0.022612,0.030713,0.018873,0.008183,0.003549,0.001839,0.001199,0.001031,0.001196,0.001606,0.002020,0.002473,0.003281,0.004503,0.005744,0.006030,0.004627,0.002330,0.000715,0.000130,0.576000,1,1,1,1,1,1,1,1,1,1,1,1,1,1,1,1,1,1,1,1,1,1,1,-16.108100,128.748500,150.000000,lev15,Almucantar
Lake_Argyle,14:09:2019,12:00:00,257,257.000000,0.000269,0.002442,0.008904,0.012833,0.008549,0.004028,0.002331,0.002164,0.002790,0.003687,0.004293,0.004797,0.005777,0.007680,0.010321,0.013919,0.017610,0.018423,0.014414,0.006669,0.001475,0.000152,0.623333,3,3,3,3,3,3,3,3,3,3,3,3,3,3,3,3,3,3,3,3,3,3,3,-16.108100,128.748500,150.000000,lev15,Almucantar
Lake_Argyle,29:11:2019,12:00:00,333,333.000000,0.000390,0.002994,0.010450,0.017232,0.015055,0.008714,0.004612,0.003066,0.003043,0.004434,0.008092,0.015058,0.024410,0.032132,0.034581,0.031252,0.023884,0.015206,0.007891,0.003278,0.001078,0.000280,0.439000,1,1,1,1,1,1,1,1,1,1,1,1,1,1,1,1,1,1,1,1,1,1,1,-16.108100,128.748500,150.000000,lev15,Almucantar
Lake_Argyle,02:12:2019,12:00:00,336,336.000000,0.000862,0.003736,0.007710,0.007790,0.005008,0.003083,0.002573,0.003385,0.006394,0.013244,0.024746,0.042018,0.062760,0.070691,0.058268,0.040925,0.026311,0.015323,0.007752,0.003330,0.001233,0.000417,0.439000,3,3,3,3,3,3,3,3,3,3,3,3,3,3,3,3,3,3,3,3,3,3,3,-16.108100,128.748500,150.000000,lev15,Almucantar
Lake_Argyle,03:12:2019,12:00:00,337,337.000000,0.000931,0.002177,0.003110,0.002946,0.002246,0.001798,0.001921,0.003018,0.006268,0.013580,0.026006,0.044184,0.066158,0.077631,0.071638,0.055047,0.035123,0.018693,0.008499,0.003388,0.001209,0.000394,0.439000,4,4,4,4,4,4,4,4,4,4,4,4,4,4,4,4,4,4,4,4,4,4,4,-16.108100,128.748500,150.000000,lev15,Almucantar
Lake_Argyle,04:12:2019,12:00:00,338,338.000000,0.000536,0.003344,0.008832,0.010625,0.007249,0.004018,0.002663,0.002733,0.004311,0.008168,0.014554,0.022871,0.030938,0.033074,0.029439,0.024167,0.018508,0.012429,0.006820,0.002942,0.000993,0.000272,0.439000,4,4,4,4,4,4,4,4,4,4,4,4,4,4,4,4,4,4,4,4,4,4,4,-16.108100,128.748500,150.000000,lev15,Almucantar
Lake_Argyle,05:12:2019,12:00:00,339,339.000000,0.000493,0.003224,0.008650,0.010452,0.007250,0.004015,0.002424,0.002049,0.002698,0.004849,0.008825,0.012983,0.014561,0.014572,0.016185,0.019851,0.021461,0.016604,0.008703,0.003197,0.000850,0.000166,0.439000,1,1,1,1,1,1,1,1,1,1,1,1,1,1,1,1,1,1,1,1,1,1,1,-16.108100,128.748500,150.000000,lev15,Almucantar
Lake_Argyle,06:12:2019,12:00:00,340,340.000000,0.000522,0.003920,0.010294,0.010605,0.005882,0.002810,0.001746,0.001708,0.002484,0.004260,0.006807,0.009563,0.012536,0.015763,0.019368,0.022333,0.021943,0.016712,0.009161,0.003452,0.000883,0.000158,0.439000,2,2,2,2,2,2,2,2,2,2,2,2,2,2,2,2,2,2,2,2,2,2,2,-16.108100,128.748500,150.000000,lev15,Almucantar
Lake_Argyle,07:12:2019,12:00:00,341,341.000000,0.000225,0.001645,0.005614,0.009398,0.008769,0.005677,0.003422,0.002541,0.002649,0.003577,0.005154,0.007089,0.009272,0.011632,0.013850,0.015050,0.014051,0.010772,0.006374,0.002682,0.000772,0.000160,0.439000,6,6,6,6,6,6,6,6,6,6,6,6,6,6,6,6,6,6,6,6,6,6,6,-16.108100,128.748500,150.000000,lev15,Almucantar
Lake_Argyle,08:12:2019,12:00:00,342,342.000000,0.000828,0.009352,0.034265,0.042986,0.023875,0.009503,0.004573,0.003680,0.004964,0.008460,0.012644,0.015439,0.019267,0.024456,0.028490,0.032044,0.035084,0.033255,0.022946,0.009984,0.002555,0.000387,0.439000,2,2,2,2,2,2,2,2,2,2,2,2,2,2,2,2,2,2,2,2,2,2,2,-16.108100,128.748500,150.000000,lev15,Almucantar
Lake_Argyle,10:12:2019,12:00:00,344,344.000000,0.000568,0.008730,0.035519,0.040666,0.019518,0.007231,0.003317,0.002331,0.002552,0.003756,0.006018,0.009112,0.012480,0.015381,0.017202,0.017408,0.015338,0.011131,0.006341,0.002750,0.000894,0.000216,0.439000,2,2,2,2,2,2,2,2,2,2,2,2,2,2,2,2,2,2,2,2,2,2,2,-16.108100,128.748500,150.000000,lev15,Almucantar
Lake_Argyle,11:12:2019,12:00:00,345,345.000000,0.000421,0.004854,0.020457,0.033249,0.024758,0.011306,0.004869,0.003015,0.003116,0.004473,0.006572,0.008870,0.011388,0.014130,0.016732,0.018313,0.017495,0.013735,0.008426,0.003842,0.001240,0.000279,0.439000,3,3,3,3,3,3,3,3,3,3,3,3,3,3,3,3,3,3,3,3,3,3,3,-16.108100,128.748500,150.000000,lev15,Almucantar
Lake_Argyle,12:12:2019,12:00:00,346,346.000000,0.000458,0.006416,0.028171,0.040987,0.025872,0.010650,0.004552,0.002866,0.002901,0.004000,0.005801,0.007899,0.010107,0.012265,0.014463,0.016529,0.016904,0.013813,0.008346,0.003607,0.001101,0.000238,0.439000,7,7,7,7,7,7,7,7,7,7,7,7,7,7,7,7,7,7,7,7,7,7,7,-16.108100,128.748500,150.000000,lev15,Almucantar
Lake_Argyle,15:12:2019,12:00:00,349,349.000000,0.000374,0.002505,0.008340,0.014302,0.013976,0.009455,0.005801,0.004180,0.004030,0.005062,0.007346,0.010849,0.015059,0.018978,0.021617,0.021954,0.019128,0.013651,0.007696,0.003351,0.001114,0.000281,0.439000,1,1,1,1,1,1,1,1,1,1,1,1,1,1,1,1,1,1,1,1,1,1,1,-16.108100,128.748500,150.000000,lev15,Almucantar
Lake_Argyle,17:12:2019,12:00:00,351,351.000000,0.000464,0.007845,0.038839,0.059144,0.033136,0.010796,0.003853,0.002473,0.003249,0.006615,0.013002,0.019356,0.025634,0.034762,0.046225,0.059519,0.063215,0.045562,0.020901,0.006532,0.001521,0.000276,0.439000,1,1,1,1,1,1,1,1,1,1,1,1,1,1,1,1,1,1,1,1,1,1,1,-16.108100,128.748500,150.000000,lev15,Almucantar
Lake_Argyle,18:12:2019,12:00:00,352,352.000000,0.000468,0.005594,0.022178,0.031128,0.022163,0.011737,0.006128,0.004099,0.004103,0.005604,0.008225,0.011235,0.014876,0.019242,0.022663,0.023232,0.019552,0.012984,0.006806,0.002874,0.001002,0.000299,0.439000,4,4,4,4,4,4,4,4,4,4,4,4,4,4,4,4,4,4,4,4,4,4,4,-16.108100,128.748500,150.000000,lev15,Almucantar
Lake_Argyle,19:12:2019,12:00:00,353,353.000000,0.000307,0.005471,0.034143,0.065780,0.051249,0.022579,0.008384,0.004085,0.003181,0.003599,0.004929,0.007279,0.009883,0.011505,0.013122,0.015705,0.017656,0.015361,0.009257,0.003907,0.001215,0.000289,0.439000,4,4,4,4,4,4,4,4,4,4,4,4,4,4,4,4,4,4,4,4,4,4,4,-16.108100,128.748500,150.000000,lev15,Almucantar
Lake_Argyle,20:12:2019,12:00:00,354,354.000000,0.000353,0.010233,0.069565,0.123685,0.083056,0.032746,0.011514,0.004995,0.003203,0.003177,0.004426,0.007288,0.011729,0.015938,0.018797,0.020567,0.020059,0.015776,0.009390,0.004161,0.001371,0.000338,0.530333,3,3,3,3,3,3,3,3,3,3,3,3,3,3,3,3,3,3,3,3,3,3,3,-16.108100,128.748500,150.000000,lev15,Almucantar
Lake_Argyle,21:12:2019,12:00:00,355,355.000000,0.000369,0.004656,0.022482,0.043604,0.038993,0.019771,0.008107,0.004274,0.003750,0.004967,0.007374,0.010102,0.013126,0.017496,0.023718,0.029548,0.029361,0.021325,0.011310,0.004570,0.001461,0.000375,0.439000,2,2,2,2,2,2,2,2,2,2,2,2,2,2,2,2,2,2,2,2,2,2,2,-16.108100,128.748500,150.000000,lev15,Almucantar
Lake_Argyle,22:12:2019,12:00:00,356,356.000000,0.000273,0.003506,0.019883,0.044557,0.043402,0.022934,0.009497,0.004786,0.003700,0.004178,0.005687,0.008108,0.011151,0.013608,0.015167,0.016176,0.015906,0.013118,0.008371,0.003932,0.001323,0.000316,0.439000,2,2,2,2,2,2,2,2,2,2,2,2,2,2,2,2,2,2,2,2,2,2,2,-16.108100,128.748500,150.000000,lev15,Almucantar
Lake_Argyle,23:12:2019,12:00:00,357,357.000000,0.000398,0.004953,0.022585,0.038780,0.029658,0.013893,0.006360,0.004336,0.004798,0.006501,0.007598,0.007453,0.007678,0.009401,0.013111,0.018293,0.022130,0.020753,0.013765,0.005981,0.001626,0.000274,0.439000,4,4,4,4,4,4,4,4,4,4,4,4,4,4,4,4,4,4,4,4,4,4,4,-16.108100,128.748500,150.000000,lev15,Almucantar
Lake_Argyle,24:12:2019,12:00:00,358,358.000000,0.000333,0.004818,0.029479,0.065821,0.066169,0.035788,0.013155,0.005737,0.004257,0.004935,0.006822,0.010363,0.015992,0.021065,0.024180,0.026543,0.026300,0.020791,0.012315,0.005313,0.001612,0.000347,0.439000,8,8,8,8,8,8,8,8,8,8,8,8,8,8,8,8,8,8,8,8,8,8,8,-16.108100,128.748500,150.000000,lev15,Almucantar
Lake_Argyle,25:12:2019,12:00:00,359,359.000000,0.000340,0.005571,0.033627,0.070198,0.067145,0.036170,0.013777,0.006408,0.005142,0.006091,0.007933,0.010943,0.015405,0.019655,0.023207,0.026306,0.026706,0.021716,0.013073,0.005657,0.001772,0.000406,0.461833,6,6,6,6,6,6,6,6,6,6,6,6,6,6,6,6,6,6,6,6,6,6,6,-16.108100,128.748500,150.000000,lev15,Almucantar
Lake_Argyle,26:12:2019,12:00:00,360,360.000000,0.000330,0.002306,0.010591,0.030711,0.049352,0.035992,0.013876,0.005622,0.004028,0.005134,0.008552,0.014071,0.020170,0.025098,0.028582,0.029255,0.024626,0.016266,0.008634,0.003831,0.001448,0.000467,0.439000,1,1,1,1,1,1,1,1,1,1,1,1,1,1,1,1,1,1,1,1,1,1,1,-16.108100,128.748500,150.000000,lev15,Almucantar
Lake_Argyle,27:12:2019,12:00:00,361,361.000000,0.000415,0.003716,0.015855,0.032891,0.034332,0.018435,0.007050,0.003650,0.003697,0.006382,0.011870,0.018669,0.026358,0.034422,0.041851,0.046260,0.042623,0.029902,0.015377,0.006017,0.001854,0.000450,0.439000,4,4,4,4,4,4,4,4,4,4,4,4,4,4,4,4,4,4,4,4,4,4,4,-16.108100,128.748500,150.000000,lev15,Almucantar
Lake_Argyle,13:01:2020,12:00:00,13,13.000000,0.000293,0.002268,0.009712,0.019804,0.020728,0.014133,0.008227,0.005206,0.004174,0.004282,0.005183,0.006815,0.009245,0.012482,0.016223,0.019424,0.019792,0.015737,0.009346,0.004029,0.001230,0.000264,0.507500,4,4,4,4,4,4,4,4,4,4,4,4,4,4,4,4,4,4,4,4,4,4,4,-16.108100,128.748500,150.000000,lev15,Almucantar
Lake_Argyle,15:01:2020,12:00:00,15,15.000000,0.001902,0.002676,0.003191,0.003406,0.003565,0.003994,0.005095,0.007618,0.013103,0.024102,0.043829,0.078691,0.141647,0.232636,0.311397,0.325035,0.257587,0.150750,0.064385,0.020429,0.005013,0.001030,0.439000,2,2,2,2,2,2,2,2,2,2,2,2,2,2,2,2,2,2,2,2,2,2,2,-16.108100,128.748500,150.000000,lev15,Almucantar
Lake_Argyle,16:01:2020,12:00:00,16,16.000000,0.000661,0.001659,0.002749,0.003143,0.002815,0.002430,0.002505,0.003487,0.006287,0.012332,0.023285,0.042348,0.065138,0.068030,0.055547,0.043041,0.032020,0.021155,0.011526,0.004971,0.001671,0.000437,0.439000,2,2,2,2,2,2,2,2,2,2,2,2,2,2,2,2,2,2,2,2,2,2,2,-16.108100,128.748500,150.000000,lev15,Almucantar
Lake_Argyle,29:01:2020,12:00:00,29,29.000000,0.000505,0.001099,0.001819,0.002372,0.002660,0.002896,0.003440,0.004777,0.007540,0.012083,0.018292,0.026518,0.036778,0.047761,0.058331,0.067395,0.070470,0.059175,0.034580,0.012737,0.002866,0.000419,0.439000,3,3,3,3,3,3,3,3,3,3,3,3,3,3,3,3,3,3,3,3,3,3,3,-16.108100,128.748500,150.000000,lev15,Almucantar
Lake_Argyle,07:02:2020,12:00:00,38,38.000000,0.000368,0.000773,0.001462,0.002484,0.003792,0.005200,0.006501,0.007749,0.009413,0.012144,0.016435,0.022486,0.029876,0.037143,0.041345,0.039192,0.030429,0.019035,0.009611,0.003946,0.001324,0.000364,0.439000,1,1,1,1,1,1,1,1,1,1,1,1,1,1,1,1,1,1,1,1,1,1,1,-16.108100,128.748500,150.000000,lev15,Almucantar
Lake_Argyle,08:02:2020,12:00:00,39,39.000000,0.000214,0.000657,0.001404,0.002137,0.002464,0.002401,0.002284,0.002420,0.003003,0.004118,0.005637,0.007290,0.008949,0.010737,0.012809,0.014804,0.015385,0.012998,0.008129,0.003524,0.001022,0.000196,0.439000,1,1,1,1,1,1,1,1,1,1,1,1,1,1,1,1,1,1,1,1,1,1,1,-16.108100,128.748500,150.000000,lev15,Almucantar
Lake_Argyle,28:03:2020,12:00:00,88,88.000000,0.000236,0.000921,0.002058,0.002796,0.002690,0.002233,0.001976,0.002194,0.002980,0.004053,0.004997,0.006266,0.008440,0.011595,0.015308,0.018432,0.018997,0.015492,0.009179,0.003703,0.000986,0.000173,0.439000,4,4,4,4,4,4,4,4,4,4,4,4,4,4,4,4,4,4,4,4,4,4,4,-16.108100,128.748500,150.000000,lev15,Almucantar
Lake_Argyle,30:03:2020,12:00:00,90,90.000000,0.000168,0.000976,0.002869,0.004432,0.004108,0.002942,0.002239,0.002233,0.002781,0.003489,0.003871,0.004105,0.004727,0.006250,0.009382,0.014141,0.017573,0.015273,0.008712,0.003250,0.000789,0.000124,0.439000,1,1,1,1,1,1,1,1,1,1,1,1,1,1,1,1,1,1,1,1,1,1,1,-16.108100,128.748500,150.000000,lev15,Almucantar
Lake_Argyle,31:03:2020,12:00:00,91,91.000000,0.000376,0.006144,0.027035,0.035718,0.019362,0.007191,0.003056,0.001961,0.001879,0.002321,0.003256,0.004837,0.006859,0.008516,0.009965,0.011587,0.012506,0.010889,0.006818,0.002885,0.000802,0.000145,0.439000,1,1,1,1,1,1,1,1,1,1,1,1,1,1,1,1,1,1,1,1,1,1,1,-16.108100,128.748500,150.000000,lev15,Almucantar
Lake_Argyle,02:04:2020,12:00:00,93,93.000000,0.000247,0.002210,0.008244,0.013440,0.011046,0.006041,0.003178,0.002204,0.002280,0.003271,0.005349,0.008166,0.010638,0.012299,0.013294,0.013359,0.011842,0.008682,0.004996,0.002182,0.000710,0.000171,0.439000,1,1,1,1,1,1,1,1,1,1,1,1,1,1,1,1,1,1,1,1,1,1,1,-16.108100,128.748500,150.000000,lev15,Almucantar
Lake_Argyle,04:04:2020,12:00:00,95,95.000000,0.000414,0.002884,0.007098,0.007367,0.005197,0.003568,0.002719,0.002544,0.003015,0.003945,0.004633,0.005123,0.006255,0.008437,0.011683,0.015421,0.018051,0.016884,0.011124,0.004653,0.001170,0.000176,0.439000,4,4,4,4,4,4,4,4,4,4,4,4,4,4,4,4,4,4,4,4,4,4,4,-16.108100,128.748500,150.000000,lev15,Almucantar
Lake_Argyle,05:04:2020,12:00:00,96,96.000000,0.000186,0.000949,0.002682,0.004348,0.004465,0.003494,0.002634,0.002320,0.002547,0.003293,0.004571,0.006363,0.008563,0.010924,0.012999,0.014038,0.013081,0.009855,0.005646,0.002356,0.000699,0.000146,0.439000,1,1,1,1,1,1,1,1,1,1,1,1,1,1,1,1,1,1,1,1,1,1,1,-16.108100,128.748500,150.000000,lev15,Almucantar
Lake_Argyle,13:09:2020,12:00:00,257,257.000000,0.000246,0.001325,0.003655,0.005378,0.004936,0.003599,0.002687,0.002458,0.002813,0.003596,0.004599,0.005739,0.007110,0.008937,0.011418,0.014240,0.015890,0.014169,0.009072,0.003864,0.001054,0.000183,0.439000,3,3,3,3,3,3,3,3,3,3,3,3,3,3,3,3,3,3,3,3,3,3,3,-16.108100,128.748500,150.000000,lev15,Almucantar
Lake_Argyle,14:09:2020,12:00:00,258,258.000000,0.000222,0.001105,0.003063,0.004825,0.004820,0.003737,0.002866,0.002610,0.002909,0.003604,0.004504,0.005563,0.006942,0.008929,0.011791,0.015251,0.017634,0.016208,0.010540,0.004441,0.001161,0.000188,0.439000,4,4,4,4,4,4,4,4,4,4,4,4,4,4,4,4,4,4,4,4,4,4,4,-16.108100,128.748500,150.000000,lev15,Almucantar
Lake_Argyle,16:09:2020,12:00:00,260,260.000000,0.000199,0.000812,0.002108,0.003546,0.004091,0.003620,0.002907,0.002494,0.002443,0.002653,0.003038,0.003607,0.004515,0.006066,0.008675,0.012462,0.016055,0.016078,0.011003,0.004725,0.001221,0.000188,0.439000,1,1,1,1,1,1,1,1,1,1,1,1,1,1,1,1,1,1,1,1,1,1,1,-16.108100,128.748500,150.000000,lev15,Almucantar
Lake_Argyle,17:09:2020,12:00:00,261,261.000000,0.000285,0.001933,0.006004,0.008796,0.007336,0.004719,0.003216,0.002894,0.003456,0.004558,0.005626,0.006443,0.007386,0.009028,0.011870,0.015853,0.019206,0.018416,0.012313,0.005230,0.001344,0.000207,0.439000,4,4,4,4,4,4,4,4,4,4,4,4,4,4,4,4,4,4,4,4,4,4,4,-16.108100,128.748500,150.000000,lev15,Almucantar
Lake_Argyle,19:09:2020,12:00:00,263,263.000000,0.000347,0.002628,0.008090,0.010524,0.007669,0.004608,0.003111,0.002808,0.003337,0.004365,0.005385,0.006388,0.007840,0.009802,0.011999,0.013885,0.014297,0.012006,0.007535,0.003310,0.000982,0.000195,0.439000,4,4,4,4,4,4,4,4,4,4,4,4,4,4,4,4,4,4,4,4,4,4,4,-16.108100,128.748500,150.000000,lev15,Almucantar
Lake_Argyle,20:09:2020,12:00:00,264,264.000000,0.000285,0.002057,0.006448,0.008667,0.006819,0.004588,0.003379,0.003114,0.003597,0.004588,0.005649,0.006605,0.007879,0.009574,0.011430,0.013047,0.013399,0.011262,0.007053,0.003080,0.000906,0.000179,0.439000,6,6,6,6,6,6,6,6,6,6,6,6,6,6,6,6,6,6,6,6,6,6,6,-16.108100,128.748500,150.000000,lev15,Almucantar
Lake_Argyle,21:09:2020,12:00:00,265,265.000000,0.000294,0.001268,0.003249,0.005090,0.005291,0.004292,0.003411,0.003224,0.003755,0.004810,0.006027,0.007221,0.008602,0.010518,0.013261,0.016861,0.020020,0.019481,0.013504,0.006016,0.001634,0.000266,0.439000,1,1,1,1,1,1,1,1,1,1,1,1,1,1,1,1,1,1,1,1,1,1,1,-16.108100,128.748500,150.000000,lev15,Almucantar
Lake_Argyle,22:09:2020,12:00:00,266,266.000000,0.000195,0.001097,0.003275,0.005360,0.005342,0.003938,0.002815,0.002515,0.002952,0.003823,0.004685,0.005428,0.006347,0.007846,0.010153,0.012952,0.014744,0.013345,0.008631,0.003690,0.001001,0.000170,0.439000,2,2,2,2,2,2,2,2,2,2,2,2,2,2,2,2,2,2,2,2,2,2,2,-16.108100,128.748500,150.000000,lev15,Almucantar
Lake_Argyle,23:09:2020,12:00:00,267,267.000000,0.000163,0.001116,0.003652,0.005938,0.005450,0.003608,0.002366,0.001952,0.002093,0.002554,0.003072,0.003472,0.003840,0.004442,0.005583,0.007395,0.009250,0.009371,0.006660,0.003001,0.000813,0.000130,0.439000,1,1,1,1,1,1,1,1,1,1,1,1,1,1,1,1,1,1,1,1,1,1,1,-16.108100,128.748500,150.000000,lev15,Almucantar
Lake_Argyle,29:09:2020,12:00:00,273,273.000000,0.000204,0.001234,0.004080,0.007531,0.008339,0.006408,0.004271,0.003117,0.002842,0.003202,0.004045,0.005240,0.006710,0.008409,0.010281,0.012001,0.012558,0.010733,0.006835,0.003033,0.000905,0.000179,0.439000,1,1,1,1,1,1,1,1,1,1,1,1,1,1,1,1,1,1,1,1,1,1,1,-16.108100,128.748500,150.000000,lev15,Almucantar
Lake_Argyle,30:09:2020,12:00:00,274,274.000000,0.000234,0.001711,0.006496,0.012917,0.014218,0.009901,0.005686,0.003728,0.003344,0.004032,0.005662,0.007875,0.010241,0.012837,0.015765,0.018282,0.018673,0.015540,0.009684,0.004192,0.001208,0.000230,0.439000,2,2,2,2,2,2,2,2,2,2,2,2,2,2,2,2,2,2,2,2,2,2,2,-16.108100,128.748500,150.000000,lev15,Almucantar
Lake_Argyle,01:10:2020,12:00:00,275,275.000000,0.000274,0.001891,0.006829,0.013148,0.014307,0.010062,0.005849,0.003888,0.003612,0.004421,0.005861,0.007463,0.009099,0.010652,0.012227,0.013790,0.014198,0.012017,0.007670,0.003495,0.001107,0.000241,0.439000,2,2,2,2,2,2,2,2,2,2,2,2,2,2,2,2,2,2,2,2,2,2,2,-16.108100,128.748500,150.000000,lev15,Almucantar
Lake_Argyle,10:10:2020,12:00:00,284,284.000000,0.000141,0.000814,0.002598,0.004695,0.005151,0.003982,0.002721,0.002084,0.002004,0.002298,0.002807,0.003442,0.004224,0.005274,0.006786,0.008715,0.010127,0.009395,0.006222,0.002711,0.000747,0.000130,0.439000,4,4,4,4,4,4,4,4,4,4,4,4,4,4,4,4,4,4,4,4,4,4,4,-16.108100,128.748500,150.000000,lev15,Almucantar
Lake_Argyle,16:10:2020,12:00:00,290,290.000000,0.000315,0.002822,0.009265,0.011791,0.008409,0.005001,0.003171,0.002514,0.002613,0.003184,0.003892,0.004678,0.005904,0.007858,0.010480,0.012960,0.013626,0.011269,0.006858,0.002912,0.000839,0.000165,0.439000,5,5,5,5,5,5,5,5,5,5,5,5,5,5,5,5,5,5,5,5,5,5,5,-16.108100,128.748500,150.000000,lev15,Almucantar
Lake_Argyle,17:10:2020,12:00:00,291,291.000000,0.000258,0.001625,0.005071,0.008181,0.007753,0.005383,0.003568,0.002781,0.002738,0.003229,0.004126,0.005364,0.007006,0.009193,0.011954,0.014755,0.015982,0.013785,0.008655,0.003713,0.001053,0.000195,0.439000,2,2,2,2,2,2,2,2,2,2,2,2,2,2,2,2,2,2,2,2,2,2,2,-16.108100,128.748500,150.000000,lev15,Almucantar
Lake_Argyle,20:10:2020,12:00:00,294,294.000000,0.000272,0.001655,0.005183,0.008653,0.008606,0.006289,0.004452,0.003833,0.004257,0.005495,0.007169,0.008827,0.010344,0.011886,0.013459,0.014523,0.013955,0.011025,0.006683,0.002963,0.000937,0.000209,0.439000,1,1,1,1,1,1,1,1,1,1,1,1,1,1,1,1,1,1,1,1,1,1,1,-16.108100,128.748500,150.000000,lev15,Almucantar
Lake_Argyle,27:10:2020,12:00:00,301,301.000000,0.000156,0.000780,0.002311,0.004116,0.004696,0.003933,0.003006,0.002618,0.002809,0.003387,0.004121,0.004992,0.006099,0.007339,0.008592,0.009616,0.009705,0.008078,0.005080,0.002264,0.000691,0.000143,0.439000,3,3,3,3,3,3,3,3,3,3,3,3,3,3,3,3,3,3,3,3,3,3,3,-16.108100,128.748500,150.000000,lev15,Almucantar
Lake_Argyle,29:10:2020,12:00:00,303,303.000000,0.000219,0.002333,0.009756,0.016195,0.012880,0.006817,0.003468,0.002248,0.002054,0.002389,0.002933,0.003420,0.003853,0.004414,0.005248,0.006234,0.006757,0.006039,0.004096,0.001986,0.000665,0.000153,0.439000,4,4,4,4,4,4,4,4,4,4,4,4,4,4,4,4,4,4,4,4,4,4,4,-16.108100,128.748500,150.000000,lev15,Almucantar
Lake_Argyle,30:10:2020,12:00:00,304,304.000000,0.000221,0.002445,0.010336,0.017123,0.013279,0.006781,0.003385,0.002228,0.002113,0.002545,0.003203,0.003818,0.004363,0.004985,0.005765,0.006514,0.006668,0.005677,0.003738,0.001805,0.000622,0.000152,0.439000,3,3,3,3,3,3,3,3,3,3,3,3,3,3,3,3,3,3,3,3,3,3,3,-16.108100,128.748500,150.000000,lev15,Almucantar
Lake_Argyle,01:11:2020,12:00:00,306,306.000000,0.000276,0.002239,0.008153,0.013893,0.012520,0.007504,0.004081,0.002707,0.002516,0.003117,0.004352,0.005898,0.007291,0.008353,0.009312,0.010251,0.010549,0.009183,0.006121,0.002911,0.000953,0.000212,0.439000,1,1,1,1,1,1,1,1,1,1,1,1,1,1,1,1,1,1,1,1,1,1,1,-16.108100,128.748500,150.000000,lev15,Almucantar
Lake_Argyle,02:11:2020,12:00:00,307,307.000000,0.000213,0.001573,0.005613,0.009975,0.009707,0.006285,0.003604,0.002401,0.002111,0.002385,0.003089,0.004128,0.005416,0.007016,0.009140,0.011730,0.013694,0.012919,0.008753,0.003899,0.001087,0.000187,0.439000,1,1,1,1,1,1,1,1,1,1,1,1,1,1,1,1,1,1,1,1,1,1,1,-16.108100,128.748500,150.000000,lev15,Almucantar
Lake_Argyle,03:11:2020,12:00:00,308,308.000000,0.000325,0.003012,0.011536,0.018998,0.015710,0.008704,0.004617,0.003105,0.002864,0.003280,0.004122,0.005347,0.007077,0.009564,0.012745,0.015409,0.015826,0.013486,0.008806,0.003965,0.001162,0.000226,0.439000,4,4,4,4,4,4,4,4,4,4,4,4,4,4,4,4,4,4,4,4,4,4,4,-16.108100,128.748500,150.000000,lev15,Almucantar
Lake_Argyle,05:11:2020,12:00:00,310,310.000000,0.000346,0.002257,0.007167,0.011545,0.010726,0.007329,0.005017,0.004305,0.004672,0.005540,0.006381,0.007064,0.007969,0.009693,0.012852,0.017783,0.023012,0.023814,0.016910,0.007391,0.001881,0.000273,0.439000,1,1,1,1,1,1,1,1,1,1,1,1,1,1,1,1,1,1,1,1,1,1,1,-16.108100,128.748500,150.000000,lev15,Almucantar
Lake_Argyle,06:11:2020,12:00:00,311,311.000000,0.000467,0.007581,0.037199,0.059906,0.041888,0.019312,0.008951,0.005790,0.005673,0.007153,0.008785,0.008621,0.009179,0.012952,0.020298,0.028234,0.031735,0.026924,0.016052,0.006370,0.001636,0.000275,0.439000,2,2,2,2,2,2,2,2,2,2,2,2,2,2,2,2,2,2,2,2,2,2,2,-16.108100,128.748500,150.000000,lev15,Almucantar
Lake_Argyle,08:11:2020,12:00:00,313,313.000000,0.000222,0.001795,0.006615,0.011519,0.010566,0.006450,0.003689,0.002691,0.002772,0.003578,0.004806,0.006141,0.007528,0.009132,0.011039,0.012779,0.012993,0.010568,0.006415,0.002781,0.000841,0.000176,0.439000,1,1,1,1,1,1,1,1,1,1,1,1,1,1,1,1,1,1,1,1,1,1,1,-16.108100,128.748500,150.000000,lev15,Almucantar
Lake_Argyle,09:11:2020,12:00:00,314,314.000000,0.000358,0.004025,0.017352,0.028039,0.020843,0.010375,0.005110,0.003284,0.003018,0.003613,0.004729,0.006067,0.007690,0.009814,0.012236,0.014275,0.014842,0.012876,0.008483,0.003893,0.001207,0.000268,0.439000,6,6,6,6,6,6,6,6,6,6,6,6,6,6,6,6,6,6,6,6,6,6,6,-16.108100,128.748500,150.000000,lev15,Almucantar
Lake_Argyle,10:11:2020,12:00:00,315,315.000000,0.000413,0.005021,0.022130,0.034882,0.024578,0.011602,0.005583,0.003637,0.003455,0.004254,0.005616,0.007137,0.008816,0.010852,0.013179,0.015054,0.015091,0.012438,0.007924,0.003695,0.001222,0.000286,0.439000,4,4,4,4,4,4,4,4,4,4,4,4,4,4,4,4,4,4,4,4,4,4,4,-16.108100,128.748500,150.000000,lev15,Almucantar
Lake_Argyle,11:11:2020,12:00:00,316,316.000000,0.000316,0.002793,0.012331,0.027089,0.028787,0.016299,0.007376,0.004302,0.004021,0.005388,0.007855,0.010790,0.013792,0.016065,0.017412,0.018116,0.017393,0.014102,0.008841,0.004043,0.001315,0.000303,0.439000,2,2,2,2,2,2,2,2,2,2,2,2,2,2,2,2,2,2,2,2,2,2,2,-16.108100,128.748500,150.000000,lev15,Almucantar
Lake_Argyle,12:11:2020,12:00:00,317,317.000000,0.000265,0.001664,0.005269,0.008701,0.008376,0.005819,0.003892,0.003221,0.003534,0.004598,0.006241,0.008371,0.010889,0.013757,0.016992,0.019756,0.019836,0.015781,0.009276,0.003818,0.001075,0.000209,0.439000,4,4,4,4,4,4,4,4,4,4,4,4,4,4,4,4,4,4,4,4,4,4,4,-16.108100,128.748500,150.000000,lev15,Almucantar
Lake_Argyle,14:11:2020,12:00:00,319,319.000000,0.000577,0.006738,0.026162,0.033886,0.020704,0.010069,0.005873,0.004891,0.005627,0.007514,0.009784,0.012524,0.018139,0.027579,0.035727,0.038718,0.033994,0.023567,0.012532,0.004986,0.001457,0.000312,0.439000,2,2,2,2,2,2,2,2,2,2,2,2,2,2,2,2,2,2,2,2,2,2,2,-16.108100,128.748500,150.000000,lev15,Almucantar
Lake_Argyle,02:12:2020,12:00:00,337,337.000000,0.000194,0.001663,0.007464,0.017327,0.020355,0.012913,0.005953,0.003059,0.002288,0.002423,0.002904,0.003209,0.003163,0.003080,0.003311,0.004065,0.005301,0.006292,0.005712,0.003461,0.001297,0.000293,0.439000,1,1,1,1,1,1,1,1,1,1,1,1,1,1,1,1,1,1,1,1,1,1,1,-16.108100,128.748500,150.000000,lev15,Almucantar
Lake_Argyle,04:12:2020,12:00:00,339,339.000000,0.000255,0.001921,0.006838,0.010586,0.008520,0.005137,0.003291,0.002747,0.003048,0.003960,0.005187,0.006408,0.007656,0.009217,0.011386,0.014067,0.015977,0.014738,0.009740,0.004211,0.001139,0.000191,0.439000,6,6,6,6,6,6,6,6,6,6,6,6,6,6,6,6,6,6,6,6,6,6,6,-16.108100,128.748500,150.000000,lev15,Almucantar
