AERONET Data Download (Version 3 Direct Sun and Inversion Algorithms)
AERONET Version 3
Lake_Lefroy
Version 3: Almucantar Level 1.5 Inversion
The following data are cloud cleared and quality controls have been applied but these data may not have final calibration applied.  These data may change.
Daily Averages,Contact: PI=Ian_Lau; PI Email=ian.lau@csiro.au 
AERONET_AERONET_Site,Date(dd:mm:yyyy),Time(hh:mm:ss),Day_of_Year,Day_of_Year(fraction),AOD_Extinction-Total[440nm],AOD_Extinction-Total[675nm],AOD_Extinction-Total[870nm],AOD_Extinction-Total[1020nm],AOD_Extinction-Fine[440nm],AOD_Extinction-Fine[675nm],AOD_Extinction-Fine[870nm],AOD_Extinction-Fine[1020nm],AOD_Extinction-Coarse[440nm],AOD_Extinction-Coarse[675nm],AOD_Extinction-Coarse[870nm],AOD_Extinction-Coarse[1020nm],Extinction_Angstrom_Exponent_440-870nm-Total,N[AOD_Extinction-Total[440nm]],N[AOD_Extinction-Total[675nm]],N[AOD_Extinction-Total[870nm]],N[AOD_Extinction-Total[1020nm]],N[AOD_Extinction-Fine[440nm]],N[AOD_Extinction-Fine[675nm]],N[AOD_Extinction-Fine[870nm]],N[AOD_Extinction-Fine[1020nm]],N[AOD_Extinction-Coarse[440nm]],N[AOD_Extinction-Coarse[675nm]],N[AOD_Extinction-Coarse[870nm]],N[AOD_Extinction-Coarse[1020nm]],N[Extinction_Angstrom_Exponent_440-870nm-Total],Latitude(Degrees),Longitude(Degrees),Elevation(m),Level,Retrieval_Measurement_Scan_Type
Lake_Lefroy,23:01:2019,12:00:00,23,23.000000,0.096400,0.068100,0.058800,0.055000,0.060300,0.029400,0.017800,0.012800,0.036100,0.038700,0.041000,0.042200,0.734252,1,1,1,1,1,1,1,1,1,1,1,1,1,-31.255000,121.705000,300.000000,lev15,Almucantar
Lake_Lefroy,20:02:2019,12:00:00,51,51.000000,0.160867,0.097367,0.074267,0.064500,0.127933,0.062000,0.036733,0.025967,0.032967,0.035433,0.037533,0.038500,1.098338,3,3,3,3,3,3,3,3,3,3,3,3,3,-31.255000,121.705000,300.000000,lev15,Almucantar
Lake_Lefroy,21:02:2019,12:00:00,52,52.000000,0.124850,0.073250,0.055775,0.048925,0.098100,0.044575,0.025550,0.017975,0.026775,0.028700,0.030225,0.030975,1.189869,4,4,4,4,4,4,4,4,4,4,4,4,4,-31.255000,121.705000,300.000000,lev15,Almucantar
Lake_Lefroy,22:02:2019,12:00:00,53,53.000000,0.210300,0.110200,0.073350,0.058217,0.193183,0.092000,0.054200,0.038583,0.017100,0.018217,0.019150,0.019633,1.478970,6,6,6,6,6,6,6,6,6,6,6,6,6,-31.255000,121.705000,300.000000,lev15,Almucantar
Lake_Lefroy,23:02:2019,12:00:00,54,54.000000,0.378300,0.201550,0.140450,0.117600,0.327800,0.146950,0.081750,0.056600,0.050500,0.054650,0.058700,0.061000,1.454964,2,2,2,2,2,2,2,2,2,2,2,2,2,-31.255000,121.705000,300.000000,lev15,Almucantar
Lake_Lefroy,24:02:2019,12:00:00,55,55.000000,0.283200,0.152580,0.107480,0.089180,0.247340,0.113720,0.065940,0.046320,0.035860,0.038880,0.041540,0.042860,1.387744,5,5,5,5,5,5,5,5,5,5,5,5,5,-31.255000,121.705000,300.000000,lev15,Almucantar
Lake_Lefroy,25:02:2019,12:00:00,56,56.000000,0.141033,0.089517,0.069983,0.061550,0.109450,0.055317,0.033483,0.023933,0.031567,0.034200,0.036483,0.037633,1.024841,6,6,6,6,6,6,6,6,6,6,6,6,6,-31.255000,121.705000,300.000000,lev15,Almucantar
Lake_Lefroy,27:02:2019,12:00:00,58,58.000000,0.212200,0.142400,0.115700,0.104200,0.150500,0.076500,0.046300,0.033000,0.061700,0.065900,0.069400,0.071200,0.893983,1,1,1,1,1,1,1,1,1,1,1,1,1,-31.255000,121.705000,300.000000,lev15,Almucantar
Lake_Lefroy,28:02:2019,12:00:00,59,59.000000,0.204333,0.145033,0.126400,0.119033,0.121567,0.055867,0.032533,0.022933,0.082767,0.089133,0.093867,0.096100,0.712311,3,3,3,3,3,3,3,3,3,3,3,3,3,-31.255000,121.705000,300.000000,lev15,Almucantar
Lake_Lefroy,01:03:2019,12:00:00,60,60.000000,0.212475,0.129775,0.102800,0.092025,0.158400,0.070775,0.040250,0.027925,0.054075,0.059000,0.062550,0.064125,1.073850,4,4,4,4,4,4,4,4,4,4,4,4,4,-31.255000,121.705000,300.000000,lev15,Almucantar
Lake_Lefroy,02:03:2019,12:00:00,61,61.000000,0.093850,0.057450,0.044400,0.038950,0.073250,0.035100,0.020550,0.014400,0.020650,0.022350,0.023750,0.024550,1.102265,2,2,2,2,2,2,2,2,2,2,2,2,2,-31.255000,121.705000,300.000000,lev15,Almucantar
Lake_Lefroy,03:03:2019,12:00:00,62,62.000000,0.103200,0.067450,0.053650,0.047933,0.076167,0.037967,0.022317,0.015750,0.027050,0.029483,0.031333,0.032167,0.988362,6,6,6,6,6,6,6,6,6,6,6,6,6,-31.255000,121.705000,300.000000,lev15,Almucantar
Lake_Lefroy,11:03:2019,12:00:00,70,70.000000,0.086000,0.051050,0.038800,0.033650,0.068450,0.031800,0.018400,0.012850,0.017600,0.019250,0.020350,0.020800,1.172655,2,2,2,2,2,2,2,2,2,2,2,2,2,-31.255000,121.705000,300.000000,lev15,Almucantar
Lake_Lefroy,12:03:2019,12:00:00,71,71.000000,0.069271,0.046071,0.037843,0.034500,0.048171,0.023114,0.013486,0.009486,0.021143,0.022957,0.024343,0.024986,0.905451,7,7,7,7,7,7,7,7,7,7,7,7,7,-31.255000,121.705000,300.000000,lev15,Almucantar
Lake_Lefroy,14:03:2019,12:00:00,73,73.000000,0.083540,0.052340,0.040600,0.035660,0.065180,0.032380,0.019300,0.013680,0.018380,0.019980,0.021340,0.022000,1.058533,5,5,5,5,5,5,5,5,5,5,5,5,5,-31.255000,121.705000,300.000000,lev15,Almucantar
Lake_Lefroy,16:03:2019,12:00:00,75,75.000000,0.091233,0.047800,0.033633,0.028100,0.078767,0.034167,0.019033,0.013000,0.012500,0.013633,0.014600,0.015100,1.468501,3,3,3,3,3,3,3,3,3,3,3,3,3,-31.255000,121.705000,300.000000,lev15,Almucantar
Lake_Lefroy,18:03:2019,12:00:00,77,77.000000,0.070487,0.049475,0.042087,0.038913,0.047375,0.024012,0.014812,0.010762,0.023125,0.025437,0.027262,0.028163,0.776675,8,8,8,8,8,8,8,8,8,8,8,8,8,-31.255000,121.705000,300.000000,lev15,Almucantar
Lake_Lefroy,19:03:2019,12:00:00,78,78.000000,0.083800,0.064320,0.057440,0.054560,0.046480,0.023360,0.013960,0.010040,0.037340,0.040960,0.043480,0.044540,0.563235,5,5,5,5,5,5,5,5,5,5,5,5,5,-31.255000,121.705000,300.000000,lev15,Almucantar
Lake_Lefroy,20:03:2019,12:00:00,79,79.000000,0.068300,0.048140,0.040640,0.037420,0.046400,0.024100,0.014840,0.010720,0.021880,0.024040,0.025820,0.026700,0.764541,5,5,5,5,5,5,5,5,5,5,5,5,5,-31.255000,121.705000,300.000000,lev15,Almucantar
Lake_Lefroy,22:03:2019,12:00:00,81,81.000000,0.066440,0.035320,0.024240,0.019860,0.058660,0.026780,0.015100,0.010460,0.007800,0.008540,0.009120,0.009400,1.463435,5,5,5,5,5,5,5,5,5,5,5,5,5,-31.255000,121.705000,300.000000,lev15,Almucantar
Lake_Lefroy,24:03:2019,12:00:00,83,83.000000,0.056550,0.039275,0.033363,0.030912,0.037500,0.018475,0.011188,0.008050,0.019100,0.020800,0.022200,0.022888,0.807508,8,8,8,8,8,8,8,8,8,8,8,8,8,-31.255000,121.705000,300.000000,lev15,Almucantar
Lake_Lefroy,10:06:2019,12:00:00,161,161.000000,0.055600,0.048400,0.046000,0.044800,0.022800,0.011600,0.006800,0.005000,0.032800,0.036800,0.039200,0.039800,0.282874,1,1,1,1,1,1,1,1,1,1,1,1,1,-31.255000,121.705000,300.000000,lev15,Almucantar
Lake_Lefroy,12:06:2019,12:00:00,163,163.000000,0.041350,0.028400,0.022600,0.020300,0.029900,0.015850,0.009250,0.006650,0.011425,0.012575,0.013325,0.013625,0.887249,4,4,4,4,4,4,4,4,4,4,4,4,4,-31.255000,121.705000,300.000000,lev15,Almucantar
Lake_Lefroy,13:06:2019,12:00:00,164,164.000000,0.056580,0.043880,0.039760,0.037960,0.030920,0.015580,0.009580,0.007020,0.025660,0.028320,0.030200,0.030940,0.531899,5,5,5,5,5,5,5,5,5,5,5,5,5,-31.255000,121.705000,300.000000,lev15,Almucantar
Lake_Lefroy,14:06:2019,12:00:00,165,165.000000,0.041300,0.027300,0.021140,0.018840,0.030900,0.015980,0.009080,0.006480,0.010420,0.011300,0.012040,0.012360,0.980888,5,5,5,5,5,5,5,5,5,5,5,5,5,-31.255000,121.705000,300.000000,lev15,Almucantar
Lake_Lefroy,15:06:2019,12:00:00,166,166.000000,0.045375,0.031050,0.025275,0.022775,0.032425,0.016900,0.010250,0.007400,0.012950,0.014150,0.015025,0.015375,0.856716,4,4,4,4,4,4,4,4,4,4,4,4,4,-31.255000,121.705000,300.000000,lev15,Almucantar
Lake_Lefroy,16:06:2019,12:00:00,167,167.000000,0.045675,0.034375,0.029925,0.027875,0.028975,0.015825,0.010025,0.007500,0.016650,0.018550,0.019900,0.020400,0.622791,4,4,4,4,4,4,4,4,4,4,4,4,4,-31.255000,121.705000,300.000000,lev15,Almucantar
Lake_Lefroy,18:06:2019,12:00:00,169,169.000000,0.066983,0.060300,0.057483,0.055883,0.027050,0.015983,0.010400,0.007833,0.039933,0.044283,0.047100,0.048067,0.232784,6,6,6,6,6,6,6,6,6,6,6,6,6,-31.255000,121.705000,300.000000,lev15,Almucantar
Lake_Lefroy,19:06:2019,12:00:00,170,170.000000,0.043682,0.031091,0.026009,0.023700,0.030218,0.016173,0.010018,0.007291,0.013464,0.014918,0.015982,0.016427,0.801079,11,11,11,11,11,11,11,11,11,11,11,11,11,-31.255000,121.705000,300.000000,lev15,Almucantar
Lake_Lefroy,20:06:2019,12:00:00,171,171.000000,0.045200,0.029111,0.023033,0.020411,0.034244,0.017167,0.010289,0.007311,0.010944,0.011956,0.012733,0.013089,0.993455,9,9,9,9,9,9,9,9,9,9,9,9,9,-31.255000,121.705000,300.000000,lev15,Almucantar
Lake_Lefroy,22:06:2019,12:00:00,173,173.000000,0.055786,0.031629,0.023386,0.020014,0.046086,0.021014,0.012071,0.008414,0.009700,0.010614,0.011286,0.011600,1.283133,7,7,7,7,7,7,7,7,7,7,7,7,7,-31.255000,121.705000,300.000000,lev15,Almucantar
Lake_Lefroy,25:06:2019,12:00:00,176,176.000000,0.057333,0.042117,0.037117,0.035017,0.035117,0.017550,0.010850,0.008050,0.022167,0.024567,0.026283,0.026950,0.650732,6,6,6,6,6,6,6,6,6,6,6,6,6,-31.255000,121.705000,300.000000,lev15,Almucantar
Lake_Lefroy,26:06:2019,12:00:00,177,177.000000,0.031775,0.018825,0.013175,0.010825,0.027975,0.014650,0.008700,0.006225,0.003825,0.004200,0.004475,0.004625,1.278563,4,4,4,4,4,4,4,4,4,4,4,4,4,-31.255000,121.705000,300.000000,lev15,Almucantar
Lake_Lefroy,27:06:2019,12:00:00,178,178.000000,0.057100,0.044700,0.040300,0.038200,0.032700,0.017700,0.011400,0.008700,0.024400,0.027100,0.028900,0.029500,0.517506,1,1,1,1,1,1,1,1,1,1,1,1,1,-31.255000,121.705000,300.000000,lev15,Almucantar
Lake_Lefroy,28:06:2019,12:00:00,179,179.000000,0.039467,0.026800,0.022033,0.019900,0.028133,0.014400,0.008833,0.006400,0.011300,0.012400,0.013200,0.013533,0.878704,3,3,3,3,3,3,3,3,3,3,3,3,3,-31.255000,121.705000,300.000000,lev15,Almucantar
Lake_Lefroy,29:06:2019,12:00:00,180,180.000000,0.036118,0.023391,0.018673,0.016655,0.027018,0.013445,0.008018,0.005727,0.009082,0.009973,0.010636,0.010936,0.998597,11,11,11,11,11,11,11,11,11,11,11,11,11,-31.255000,121.705000,300.000000,lev15,Almucantar
Lake_Lefroy,01:07:2019,12:00:00,182,182.000000,0.042550,0.020150,0.012700,0.009800,0.039800,0.017300,0.009700,0.006700,0.002700,0.002850,0.003000,0.003100,1.770179,2,2,2,2,2,2,2,2,2,2,2,2,2,-31.255000,121.705000,300.000000,lev15,Almucantar
Lake_Lefroy,03:07:2019,12:00:00,184,184.000000,0.032955,0.017873,0.012482,0.010355,0.028736,0.013291,0.007545,0.005273,0.004200,0.004600,0.004945,0.005091,1.425315,11,11,11,11,11,11,11,11,11,11,11,11,11,-31.255000,121.705000,300.000000,lev15,Almucantar
Lake_Lefroy,05:07:2019,12:00:00,186,186.000000,0.035450,0.022450,0.016350,0.013750,0.030350,0.016900,0.010450,0.007700,0.005050,0.005600,0.005900,0.006050,1.127835,2,2,2,2,2,2,2,2,2,2,2,2,2,-31.255000,121.705000,300.000000,lev15,Almucantar
Lake_Lefroy,06:07:2019,12:00:00,187,187.000000,0.031545,0.019045,0.013745,0.011600,0.026564,0.013655,0.008009,0.005682,0.004991,0.005391,0.005755,0.005918,1.220788,11,11,11,11,11,11,11,11,11,11,11,11,11,-31.255000,121.705000,300.000000,lev15,Almucantar
Lake_Lefroy,07:07:2019,12:00:00,188,188.000000,0.031373,0.017809,0.012655,0.010645,0.026773,0.012818,0.007355,0.005164,0.004609,0.004973,0.005336,0.005482,1.332065,11,11,11,11,11,11,11,11,11,11,11,11,11,-31.255000,121.705000,300.000000,lev15,Almucantar
Lake_Lefroy,08:07:2019,12:00:00,189,189.000000,0.034973,0.020000,0.014318,0.011991,0.029864,0.014482,0.008400,0.005918,0.005118,0.005536,0.005891,0.006073,1.300997,11,11,11,11,11,11,11,11,11,11,11,11,11,-31.255000,121.705000,300.000000,lev15,Almucantar
Lake_Lefroy,09:07:2019,12:00:00,190,190.000000,0.034909,0.017573,0.011400,0.009000,0.032055,0.014491,0.008091,0.005582,0.002855,0.003082,0.003300,0.003400,1.621785,11,11,11,11,11,11,11,11,11,11,11,11,11,-31.255000,121.705000,300.000000,lev15,Almucantar
Lake_Lefroy,10:07:2019,12:00:00,191,191.000000,0.051944,0.029444,0.018933,0.014622,0.048778,0.026067,0.015356,0.010956,0.003156,0.003378,0.003589,0.003689,1.462479,9,9,9,9,9,9,9,9,9,9,9,9,9,-31.255000,121.705000,300.000000,lev15,Almucantar
Lake_Lefroy,11:07:2019,12:00:00,192,192.000000,0.056745,0.036845,0.028082,0.024627,0.044191,0.022964,0.013236,0.009445,0.012536,0.013891,0.014827,0.015191,1.043229,11,11,11,11,11,11,11,11,11,11,11,11,11,-31.255000,121.705000,300.000000,lev15,Almucantar
Lake_Lefroy,12:07:2019,12:00:00,193,193.000000,0.048000,0.035800,0.031600,0.029740,0.029340,0.015200,0.009520,0.007020,0.018680,0.020620,0.022080,0.022680,0.621116,5,5,5,5,5,5,5,5,5,5,5,5,5,-31.255000,121.705000,300.000000,lev15,Almucantar
Lake_Lefroy,13:07:2019,12:00:00,194,194.000000,0.079933,0.070433,0.067533,0.065967,0.030633,0.016400,0.010300,0.007600,0.049300,0.054000,0.057200,0.058367,0.282502,3,3,3,3,3,3,3,3,3,3,3,3,3,-31.255000,121.705000,300.000000,lev15,Almucantar
Lake_Lefroy,14:07:2019,12:00:00,195,195.000000,0.064409,0.057945,0.055791,0.054455,0.024709,0.013773,0.008773,0.006582,0.039700,0.044164,0.047027,0.047900,0.236447,11,11,11,11,11,11,11,11,11,11,11,11,11,-31.255000,121.705000,300.000000,lev15,Almucantar
Lake_Lefroy,15:07:2019,12:00:00,196,196.000000,0.031363,0.017400,0.012512,0.010575,0.026637,0.012225,0.006963,0.004888,0.004725,0.005175,0.005537,0.005737,1.360853,8,8,8,8,8,8,8,8,8,8,8,8,8,-31.255000,121.705000,300.000000,lev15,Almucantar
Lake_Lefroy,16:07:2019,12:00:00,197,197.000000,0.030809,0.019464,0.014882,0.013000,0.024555,0.012609,0.007473,0.005355,0.006264,0.006873,0.007400,0.007645,1.081894,11,11,11,11,11,11,11,11,11,11,11,11,11,-31.255000,121.705000,300.000000,lev15,Almucantar
Lake_Lefroy,17:07:2019,12:00:00,198,198.000000,0.031150,0.016490,0.011120,0.008950,0.028190,0.013310,0.007740,0.005490,0.002980,0.003190,0.003390,0.003500,1.517636,10,10,10,10,10,10,10,10,10,10,10,10,10,-31.255000,121.705000,300.000000,lev15,Almucantar
Lake_Lefroy,18:07:2019,12:00:00,199,199.000000,0.036973,0.019518,0.013382,0.010927,0.032700,0.014891,0.008473,0.005882,0.004245,0.004627,0.004918,0.005045,1.487468,11,11,11,11,11,11,11,11,11,11,11,11,11,-31.255000,121.705000,300.000000,lev15,Almucantar
Lake_Lefroy,19:07:2019,12:00:00,200,200.000000,0.030467,0.016850,0.011967,0.009983,0.026150,0.012250,0.007167,0.005100,0.004350,0.004583,0.004783,0.004883,1.381558,6,6,6,6,6,6,6,6,6,6,6,6,6,-31.255000,121.705000,300.000000,lev15,Almucantar
Lake_Lefroy,20:07:2019,12:00:00,201,201.000000,0.036400,0.024000,0.019100,0.017000,0.027200,0.013900,0.008400,0.006100,0.009200,0.010000,0.010600,0.010900,0.948615,1,1,1,1,1,1,1,1,1,1,1,1,1,-31.255000,121.705000,300.000000,lev15,Almucantar
Lake_Lefroy,22:07:2019,12:00:00,203,203.000000,0.124367,0.102367,0.095533,0.092433,0.062267,0.032733,0.020533,0.015100,0.062100,0.069600,0.075000,0.077267,0.396685,3,3,3,3,3,3,3,3,3,3,3,3,3,-31.255000,121.705000,300.000000,lev15,Almucantar
Lake_Lefroy,23:07:2019,12:00:00,204,204.000000,0.115410,0.062720,0.040700,0.032050,0.105380,0.051560,0.028860,0.019890,0.010030,0.011140,0.011870,0.012150,1.503644,10,10,10,10,10,10,10,10,10,10,10,10,10,-31.255000,121.705000,300.000000,lev15,Almucantar
Lake_Lefroy,24:07:2019,12:00:00,205,205.000000,0.125922,0.067244,0.041100,0.030700,0.119678,0.060400,0.033789,0.023156,0.006244,0.006856,0.007311,0.007544,1.621905,9,9,9,9,9,9,9,9,9,9,9,9,9,-31.255000,121.705000,300.000000,lev15,Almucantar
Lake_Lefroy,25:07:2019,12:00:00,206,206.000000,0.065150,0.037600,0.027800,0.023700,0.053600,0.025100,0.014400,0.010000,0.011500,0.012550,0.013350,0.013750,1.255662,2,2,2,2,2,2,2,2,2,2,2,2,2,-31.255000,121.705000,300.000000,lev15,Almucantar
Lake_Lefroy,30:07:2019,12:00:00,211,211.000000,0.046545,0.026009,0.017927,0.014773,0.040709,0.019627,0.011136,0.007800,0.005845,0.006382,0.006791,0.006955,1.401606,11,11,11,11,11,11,11,11,11,11,11,11,11,-31.255000,121.705000,300.000000,lev15,Almucantar
Lake_Lefroy,31:07:2019,12:00:00,212,212.000000,0.047218,0.023700,0.015582,0.012391,0.042891,0.019000,0.010555,0.007218,0.004345,0.004709,0.005027,0.005182,1.621819,11,11,11,11,11,11,11,11,11,11,11,11,11,-31.255000,121.705000,300.000000,lev15,Almucantar
Lake_Lefroy,01:08:2019,12:00:00,213,213.000000,0.050318,0.027764,0.019782,0.016573,0.043045,0.019827,0.011336,0.007864,0.007264,0.007955,0.008455,0.008691,1.375053,11,11,11,11,11,11,11,11,11,11,11,11,11,-31.255000,121.705000,300.000000,lev15,Almucantar
Lake_Lefroy,02:08:2019,12:00:00,214,214.000000,0.045700,0.025517,0.018017,0.014983,0.039533,0.018767,0.010833,0.007600,0.006150,0.006750,0.007167,0.007367,1.360253,6,6,6,6,6,6,6,6,6,6,6,6,6,-31.255000,121.705000,300.000000,lev15,Almucantar
Lake_Lefroy,03:08:2019,12:00:00,215,215.000000,0.057800,0.036350,0.028950,0.025933,0.041933,0.019300,0.011083,0.007733,0.015850,0.017033,0.017850,0.018217,1.025389,6,6,6,6,6,6,6,6,6,6,6,6,6,-31.255000,121.705000,300.000000,lev15,Almucantar
Lake_Lefroy,04:08:2019,12:00:00,216,216.000000,0.111767,0.059667,0.041533,0.034200,0.097133,0.043533,0.024500,0.016767,0.014667,0.016100,0.017033,0.017433,1.453314,3,3,3,3,3,3,3,3,3,3,3,3,3,-31.255000,121.705000,300.000000,lev15,Almucantar
Lake_Lefroy,05:08:2019,12:00:00,217,217.000000,0.275000,0.147200,0.098600,0.079900,0.247200,0.115600,0.063600,0.043300,0.027800,0.031600,0.035000,0.036600,1.499438,1,1,1,1,1,1,1,1,1,1,1,1,1,-31.255000,121.705000,300.000000,lev15,Almucantar
Lake_Lefroy,06:08:2019,12:00:00,218,218.000000,0.066800,0.034933,0.023267,0.018533,0.060667,0.028200,0.016100,0.011133,0.006067,0.006700,0.007167,0.007400,1.563104,3,3,3,3,3,3,3,3,3,3,3,3,3,-31.255000,121.705000,300.000000,lev15,Almucantar
Lake_Lefroy,07:08:2019,12:00:00,219,219.000000,0.028900,0.019600,0.015300,0.013400,0.022500,0.012700,0.007800,0.005600,0.006400,0.007000,0.007500,0.007800,0.929929,1,1,1,1,1,1,1,1,1,1,1,1,1,-31.255000,121.705000,300.000000,lev15,Almucantar
Lake_Lefroy,08:08:2019,12:00:00,220,220.000000,0.110000,0.064345,0.044136,0.035582,0.098627,0.052036,0.031091,0.022200,0.011364,0.012318,0.013045,0.013382,1.269731,11,11,11,11,11,11,11,11,11,11,11,11,11,-31.255000,121.705000,300.000000,lev15,Almucantar
Lake_Lefroy,09:08:2019,12:00:00,221,221.000000,0.063900,0.048700,0.043500,0.041300,0.035100,0.017400,0.010600,0.007600,0.028800,0.031200,0.032900,0.033700,0.571489,1,1,1,1,1,1,1,1,1,1,1,1,1,-31.255000,121.705000,300.000000,lev15,Almucantar
Lake_Lefroy,10:08:2019,12:00:00,222,222.000000,0.070400,0.029533,0.016400,0.011467,0.069100,0.028233,0.015033,0.010000,0.001300,0.001300,0.001400,0.001433,2.124019,3,3,3,3,3,3,3,3,3,3,3,3,3,-31.255000,121.705000,300.000000,lev15,Almucantar
Lake_Lefroy,11:08:2019,12:00:00,223,223.000000,0.085017,0.038300,0.022833,0.016817,0.081967,0.035150,0.019467,0.013350,0.003033,0.003150,0.003333,0.003467,1.919709,6,6,6,6,6,6,6,6,6,6,6,6,6,-31.255000,121.705000,300.000000,lev15,Almucantar
Lake_Lefroy,12:08:2019,12:00:00,224,224.000000,0.066436,0.032227,0.019600,0.014736,0.063427,0.029027,0.016245,0.011245,0.003027,0.003191,0.003364,0.003464,1.765217,11,11,11,11,11,11,11,11,11,11,11,11,11,-31.255000,121.705000,300.000000,lev15,Almucantar
Lake_Lefroy,16:08:2019,12:00:00,228,228.000000,0.058555,0.034336,0.025545,0.022055,0.047400,0.022218,0.012682,0.008855,0.011155,0.012100,0.012873,0.013200,1.211971,11,11,11,11,11,11,11,11,11,11,11,11,11,-31.255000,121.705000,300.000000,lev15,Almucantar
Lake_Lefroy,18:08:2019,12:00:00,230,230.000000,0.098583,0.086917,0.082283,0.079567,0.043733,0.025850,0.017233,0.013167,0.054817,0.061067,0.065067,0.066400,0.279282,6,6,6,6,6,6,6,6,6,6,6,6,6,-31.255000,121.705000,300.000000,lev15,Almucantar
Lake_Lefroy,19:08:2019,12:00:00,231,231.000000,0.074922,0.058689,0.052444,0.049456,0.042911,0.023244,0.014689,0.010867,0.031989,0.035456,0.037756,0.038589,0.576664,9,9,9,9,9,9,9,9,9,9,9,9,9,-31.255000,121.705000,300.000000,lev15,Almucantar
Lake_Lefroy,20:08:2019,12:00:00,232,232.000000,0.053450,0.031930,0.023850,0.020410,0.044160,0.021690,0.012840,0.009040,0.009300,0.010240,0.011020,0.011370,1.210091,10,10,10,10,10,10,10,10,10,10,10,10,10,-31.255000,121.705000,300.000000,lev15,Almucantar
Lake_Lefroy,21:08:2019,12:00:00,233,233.000000,0.040545,0.020736,0.013900,0.011173,0.036736,0.016609,0.009473,0.006591,0.003800,0.004109,0.004427,0.004582,1.561264,11,11,11,11,11,11,11,11,11,11,11,11,11,-31.255000,121.705000,300.000000,lev15,Almucantar
Lake_Lefroy,24:08:2019,12:00:00,236,236.000000,0.090575,0.049900,0.035675,0.030075,0.076675,0.034725,0.019550,0.013450,0.013925,0.015175,0.016125,0.016625,1.370024,4,4,4,4,4,4,4,4,4,4,4,4,4,-31.255000,121.705000,300.000000,lev15,Almucantar
Lake_Lefroy,25:08:2019,12:00:00,237,237.000000,0.097600,0.057417,0.042850,0.036767,0.079750,0.037900,0.022067,0.015433,0.017867,0.019517,0.020750,0.021317,1.212689,6,6,6,6,6,6,6,6,6,6,6,6,6,-31.255000,121.705000,300.000000,lev15,Almucantar
Lake_Lefroy,26:08:2019,12:00:00,238,238.000000,0.073122,0.041644,0.029700,0.024744,0.063422,0.031156,0.018522,0.013178,0.009689,0.010489,0.011189,0.011544,1.323750,9,9,9,9,9,9,9,9,9,9,9,9,9,-31.255000,121.705000,300.000000,lev15,Almucantar
Lake_Lefroy,27:08:2019,12:00:00,239,239.000000,0.052400,0.028356,0.019122,0.015278,0.047656,0.023211,0.013611,0.009578,0.004767,0.005167,0.005511,0.005700,1.483966,9,9,9,9,9,9,9,9,9,9,9,9,9,-31.255000,121.705000,300.000000,lev15,Almucantar
Lake_Lefroy,28:08:2019,12:00:00,240,240.000000,0.064862,0.037463,0.027112,0.022737,0.054763,0.026513,0.015537,0.010887,0.010087,0.010963,0.011575,0.011850,1.283988,8,8,8,8,8,8,8,8,8,8,8,8,8,-31.255000,121.705000,300.000000,lev15,Almucantar
Lake_Lefroy,29:08:2019,12:00:00,241,241.000000,0.112750,0.069900,0.054100,0.047400,0.086550,0.041650,0.024350,0.017050,0.026250,0.028250,0.029750,0.030350,1.081167,2,2,2,2,2,2,2,2,2,2,2,2,2,-31.255000,121.705000,300.000000,lev15,Almucantar
Lake_Lefroy,31:08:2019,12:00:00,243,243.000000,0.089500,0.066750,0.055300,0.051350,0.058950,0.033350,0.020200,0.015700,0.030550,0.033300,0.035150,0.035650,0.707169,2,2,2,2,2,2,2,2,2,2,2,2,2,-31.255000,121.705000,300.000000,lev15,Almucantar
Lake_Lefroy,01:09:2019,12:00:00,244,244.000000,0.062650,0.043050,0.035100,0.031833,0.044800,0.023317,0.013983,0.010133,0.017850,0.019750,0.021133,0.021700,0.852434,6,6,6,6,6,6,6,6,6,6,6,6,6,-31.255000,121.705000,300.000000,lev15,Almucantar
Lake_Lefroy,02:09:2019,12:00:00,245,245.000000,0.068425,0.046750,0.037713,0.034175,0.048787,0.025263,0.014775,0.010613,0.019625,0.021513,0.022925,0.023575,0.890698,8,8,8,8,8,8,8,8,8,8,8,8,8,-31.255000,121.705000,300.000000,lev15,Almucantar
Lake_Lefroy,03:09:2019,12:00:00,246,246.000000,0.081640,0.059440,0.051320,0.047860,0.051740,0.026460,0.016100,0.011700,0.029920,0.032980,0.035240,0.036180,0.693431,5,5,5,5,5,5,5,5,5,5,5,5,5,-31.255000,121.705000,300.000000,lev15,Almucantar
Lake_Lefroy,04:09:2019,12:00:00,247,247.000000,0.078529,0.052057,0.040000,0.035271,0.059714,0.031429,0.018114,0.012914,0.018800,0.020614,0.021871,0.022371,0.984672,7,7,7,7,7,7,7,7,7,7,7,7,7,-31.255000,121.705000,300.000000,lev15,Almucantar
Lake_Lefroy,05:09:2019,12:00:00,248,248.000000,0.054056,0.034244,0.026356,0.023000,0.042411,0.021544,0.012811,0.009100,0.011656,0.012722,0.013544,0.013922,1.054990,9,9,9,9,9,9,9,9,9,9,9,9,9,-31.255000,121.705000,300.000000,lev15,Almucantar
Lake_Lefroy,07:09:2019,12:00:00,250,250.000000,0.067190,0.037590,0.026010,0.021230,0.059630,0.029420,0.017360,0.012310,0.007570,0.008180,0.008660,0.008910,1.389930,10,10,10,10,10,10,10,10,10,10,10,10,10,-31.255000,121.705000,300.000000,lev15,Almucantar
Lake_Lefroy,08:09:2019,12:00:00,251,251.000000,0.072890,0.039600,0.027060,0.021890,0.065330,0.031430,0.018370,0.012920,0.007540,0.008190,0.008690,0.008950,1.446480,10,10,10,10,10,10,10,10,10,10,10,10,10,-31.255000,121.705000,300.000000,lev15,Almucantar
Lake_Lefroy,09:09:2019,12:00:00,252,252.000000,0.098067,0.058978,0.044256,0.038056,0.078856,0.038189,0.022344,0.015644,0.019211,0.020789,0.021933,0.022400,1.170081,9,9,9,9,9,9,9,9,9,9,9,9,9,-31.255000,121.705000,300.000000,lev15,Almucantar
Lake_Lefroy,11:09:2019,12:00:00,254,254.000000,0.122225,0.070500,0.051550,0.043700,0.102450,0.049150,0.028900,0.020350,0.019800,0.021325,0.022650,0.023375,1.277733,4,4,4,4,4,4,4,4,4,4,4,4,4,-31.255000,121.705000,300.000000,lev15,Almucantar
Lake_Lefroy,12:09:2019,12:00:00,255,255.000000,0.104829,0.063329,0.048129,0.041786,0.083629,0.040200,0.023557,0.016529,0.021214,0.023143,0.024586,0.025257,1.149036,7,7,7,7,7,7,7,7,7,7,7,7,7,-31.255000,121.705000,300.000000,lev15,Almucantar
Lake_Lefroy,13:09:2019,12:00:00,256,256.000000,0.117200,0.071675,0.054775,0.048175,0.090650,0.042825,0.024325,0.017000,0.026525,0.028825,0.030475,0.031150,1.118534,4,4,4,4,4,4,4,4,4,4,4,4,4,-31.255000,121.705000,300.000000,lev15,Almucantar
Lake_Lefroy,14:09:2019,12:00:00,257,257.000000,0.118683,0.071117,0.054133,0.047200,0.093417,0.043683,0.025150,0.017500,0.025317,0.027433,0.028983,0.029700,1.154370,6,6,6,6,6,6,6,6,6,6,6,6,6,-31.255000,121.705000,300.000000,lev15,Almucantar
Lake_Lefroy,16:09:2019,12:00:00,259,259.000000,0.125750,0.084450,0.069200,0.062575,0.090300,0.045375,0.027475,0.019675,0.035425,0.039125,0.041700,0.042900,0.881472,4,4,4,4,4,4,4,4,4,4,4,4,4,-31.255000,121.705000,300.000000,lev15,Almucantar
Lake_Lefroy,17:09:2019,12:00:00,260,260.000000,0.111900,0.071433,0.056367,0.049900,0.084667,0.041600,0.024767,0.017500,0.027267,0.029833,0.031600,0.032367,1.006457,3,3,3,3,3,3,3,3,3,3,3,3,3,-31.255000,121.705000,300.000000,lev15,Almucantar
Lake_Lefroy,18:09:2019,12:00:00,261,261.000000,0.134180,0.071540,0.046880,0.036700,0.123900,0.060380,0.034990,0.024470,0.010270,0.011160,0.011860,0.012250,1.506552,10,10,10,10,10,10,10,10,10,10,10,10,10,-31.255000,121.705000,300.000000,lev15,Almucantar
Lake_Lefroy,20:09:2019,12:00:00,263,263.000000,0.063825,0.043650,0.036600,0.033625,0.043325,0.021150,0.012500,0.008925,0.020475,0.022550,0.024025,0.024700,0.832066,4,4,4,4,4,4,4,4,4,4,4,4,4,-31.255000,121.705000,300.000000,lev15,Almucantar
Lake_Lefroy,21:09:2019,12:00:00,264,264.000000,0.052700,0.033820,0.025940,0.022640,0.040860,0.020960,0.012300,0.008660,0.011820,0.012860,0.013660,0.013940,1.033694,5,5,5,5,5,5,5,5,5,5,5,5,5,-31.255000,121.705000,300.000000,lev15,Almucantar
Lake_Lefroy,22:09:2019,12:00:00,265,265.000000,0.064820,0.032040,0.020160,0.015440,0.061080,0.028100,0.016000,0.011140,0.003740,0.003940,0.004160,0.004300,1.705513,5,5,5,5,5,5,5,5,5,5,5,5,5,-31.255000,121.705000,300.000000,lev15,Almucantar
Lake_Lefroy,23:09:2019,12:00:00,266,266.000000,0.080143,0.042257,0.027314,0.021271,0.074857,0.036643,0.021343,0.015129,0.005314,0.005629,0.005957,0.006143,1.580007,7,7,7,7,7,7,7,7,7,7,7,7,7,-31.255000,121.705000,300.000000,lev15,Almucantar
Lake_Lefroy,24:09:2019,12:00:00,267,267.000000,0.091817,0.047550,0.030267,0.023250,0.086367,0.041883,0.024283,0.017100,0.005450,0.005683,0.006000,0.006200,1.615832,6,6,6,6,6,6,6,6,6,6,6,6,6,-31.255000,121.705000,300.000000,lev15,Almucantar
Lake_Lefroy,26:09:2019,12:00:00,269,269.000000,0.172300,0.096040,0.067220,0.055220,0.151640,0.074400,0.044520,0.031820,0.020660,0.021620,0.022700,0.023400,1.369687,5,5,5,5,5,5,5,5,5,5,5,5,5,-31.255000,121.705000,300.000000,lev15,Almucantar
Lake_Lefroy,27:09:2019,12:00:00,270,270.000000,0.115800,0.073100,0.057400,0.050700,0.088000,0.042600,0.025200,0.017800,0.027900,0.030500,0.032200,0.033000,1.034056,1,1,1,1,1,1,1,1,1,1,1,1,1,-31.255000,121.705000,300.000000,lev15,Almucantar
Lake_Lefroy,28:09:2019,12:00:00,271,271.000000,0.129250,0.081233,0.063083,0.055283,0.100500,0.049700,0.029667,0.021050,0.028733,0.031517,0.033400,0.034217,1.060717,6,6,6,6,6,6,6,6,6,6,6,6,6,-31.255000,121.705000,300.000000,lev15,Almucantar
Lake_Lefroy,29:09:2019,12:00:00,272,272.000000,0.114529,0.068914,0.051971,0.044814,0.092943,0.045300,0.026771,0.018843,0.021586,0.023614,0.025200,0.025971,1.161367,7,7,7,7,7,7,7,7,7,7,7,7,7,-31.255000,121.705000,300.000000,lev15,Almucantar
Lake_Lefroy,30:09:2019,12:00:00,273,273.000000,0.107000,0.068114,0.053343,0.046986,0.083386,0.042057,0.025386,0.018157,0.023643,0.026071,0.027943,0.028843,1.045970,7,7,7,7,7,7,7,7,7,7,7,7,7,-31.255000,121.705000,300.000000,lev15,Almucantar
Lake_Lefroy,01:10:2019,12:00:00,274,274.000000,0.202460,0.109020,0.069700,0.054420,0.185440,0.090460,0.050100,0.034300,0.017040,0.018560,0.019580,0.020080,1.552862,5,5,5,5,5,5,5,5,5,5,5,5,5,-31.255000,121.705000,300.000000,lev15,Almucantar
Lake_Lefroy,02:10:2019,12:00:00,275,275.000000,0.156700,0.094200,0.070100,0.059800,0.128900,0.063700,0.037600,0.026300,0.027900,0.030500,0.032500,0.033500,1.180627,1,1,1,1,1,1,1,1,1,1,1,1,1,-31.255000,121.705000,300.000000,lev15,Almucantar
Lake_Lefroy,03:10:2019,12:00:00,276,276.000000,0.098600,0.056500,0.041200,0.035100,0.082400,0.038900,0.022300,0.015400,0.016200,0.017600,0.019000,0.019800,1.281943,1,1,1,1,1,1,1,1,1,1,1,1,1,-31.255000,121.705000,300.000000,lev15,Almucantar
Lake_Lefroy,05:10:2019,12:00:00,278,278.000000,0.073200,0.045500,0.034800,0.030600,0.056600,0.027400,0.015700,0.011100,0.016600,0.018100,0.019100,0.019500,1.092605,1,1,1,1,1,1,1,1,1,1,1,1,1,-31.255000,121.705000,300.000000,lev15,Almucantar
Lake_Lefroy,06:10:2019,12:00:00,279,279.000000,0.069850,0.035100,0.023150,0.018350,0.063600,0.028150,0.015650,0.010650,0.006250,0.006950,0.007450,0.007750,1.617119,2,2,2,2,2,2,2,2,2,2,2,2,2,-31.255000,121.705000,300.000000,lev15,Almucantar
Lake_Lefroy,07:10:2019,12:00:00,280,280.000000,0.094125,0.050700,0.036150,0.030325,0.079975,0.035275,0.019800,0.013550,0.014075,0.015425,0.016350,0.016750,1.447408,4,4,4,4,4,4,4,4,4,4,4,4,4,-31.255000,121.705000,300.000000,lev15,Almucantar
Lake_Lefroy,09:10:2019,12:00:00,282,282.000000,0.098300,0.059600,0.045300,0.039200,0.077800,0.037400,0.021900,0.015400,0.020500,0.022200,0.023300,0.023800,1.139602,1,1,1,1,1,1,1,1,1,1,1,1,1,-31.255000,121.705000,300.000000,lev15,Almucantar
Lake_Lefroy,11:10:2019,12:00:00,284,284.000000,0.131100,0.078133,0.059400,0.051600,0.103433,0.047933,0.027633,0.019167,0.027733,0.030200,0.031767,0.032367,1.164958,3,3,3,3,3,3,3,3,3,3,3,3,3,-31.255000,121.705000,300.000000,lev15,Almucantar
Lake_Lefroy,13:10:2019,12:00:00,286,286.000000,0.070825,0.036650,0.024375,0.019475,0.064250,0.029350,0.016625,0.011475,0.006575,0.007250,0.007775,0.008025,1.564278,4,4,4,4,4,4,4,4,4,4,4,4,4,-31.255000,121.705000,300.000000,lev15,Almucantar
Lake_Lefroy,14:10:2019,12:00:00,287,287.000000,0.076200,0.042883,0.030350,0.025267,0.065583,0.031167,0.017850,0.012450,0.010633,0.011733,0.012517,0.012833,1.348187,6,6,6,6,6,6,6,6,6,6,6,6,6,-31.255000,121.705000,300.000000,lev15,Almucantar
Lake_Lefroy,15:10:2019,12:00:00,288,288.000000,0.055486,0.034400,0.025857,0.022414,0.044757,0.022571,0.013214,0.009429,0.010714,0.011800,0.012657,0.013000,1.157591,7,7,7,7,7,7,7,7,7,7,7,7,7,-31.255000,121.705000,300.000000,lev15,Almucantar
Lake_Lefroy,16:10:2019,12:00:00,289,289.000000,0.076867,0.057200,0.050233,0.047167,0.045567,0.023200,0.014233,0.010333,0.031333,0.034000,0.036000,0.036833,0.665570,3,3,3,3,3,3,3,3,3,3,3,3,3,-31.255000,121.705000,300.000000,lev15,Almucantar
Lake_Lefroy,17:10:2019,12:00:00,290,290.000000,0.065100,0.044325,0.035775,0.032050,0.047525,0.025050,0.015225,0.010925,0.017575,0.019250,0.020550,0.021150,0.877206,4,4,4,4,4,4,4,4,4,4,4,4,4,-31.255000,121.705000,300.000000,lev15,Almucantar
Lake_Lefroy,18:10:2019,12:00:00,291,291.000000,0.094200,0.073500,0.063300,0.059700,0.053000,0.028400,0.015500,0.010900,0.041200,0.045000,0.047800,0.048800,0.582618,1,1,1,1,1,1,1,1,1,1,1,1,1,-31.255000,121.705000,300.000000,lev15,Almucantar
Lake_Lefroy,19:10:2019,12:00:00,292,292.000000,0.106125,0.082650,0.073400,0.069450,0.059525,0.031325,0.018975,0.013850,0.046600,0.051350,0.054450,0.055600,0.545730,4,4,4,4,4,4,4,4,4,4,4,4,4,-31.255000,121.705000,300.000000,lev15,Almucantar
Lake_Lefroy,21:10:2019,12:00:00,294,294.000000,0.086740,0.049100,0.034960,0.029100,0.075240,0.036620,0.021680,0.015440,0.011540,0.012500,0.013280,0.013680,1.331259,5,5,5,5,5,5,5,5,5,5,5,5,5,-31.255000,121.705000,300.000000,lev15,Almucantar
Lake_Lefroy,22:10:2019,12:00:00,295,295.000000,0.102288,0.067100,0.053088,0.047587,0.076225,0.038425,0.022325,0.016025,0.026038,0.028700,0.030750,0.031575,0.993442,8,8,8,8,8,8,8,8,8,8,8,8,8,-31.255000,121.705000,300.000000,lev15,Almucantar
Lake_Lefroy,23:10:2019,12:00:00,296,296.000000,0.090900,0.059250,0.046400,0.040775,0.071050,0.037375,0.022850,0.016500,0.019850,0.021900,0.023525,0.024275,0.988690,4,4,4,4,4,4,4,4,4,4,4,4,4,-31.255000,121.705000,300.000000,lev15,Almucantar
Lake_Lefroy,24:10:2019,12:00:00,297,297.000000,0.066800,0.037150,0.025900,0.021200,0.059375,0.029150,0.017425,0.012425,0.007450,0.008000,0.008475,0.008750,1.386436,4,4,4,4,4,4,4,4,4,4,4,4,4,-31.255000,121.705000,300.000000,lev15,Almucantar
Lake_Lefroy,25:10:2019,12:00:00,298,298.000000,0.068200,0.049157,0.041686,0.038386,0.045071,0.023514,0.014314,0.010329,0.023114,0.025671,0.027386,0.028043,0.856447,7,7,7,7,7,7,7,7,7,7,7,7,7,-31.255000,121.705000,300.000000,lev15,Almucantar
Lake_Lefroy,26:10:2019,12:00:00,299,299.000000,0.066550,0.038912,0.028550,0.024287,0.055650,0.026963,0.015825,0.011200,0.010900,0.011938,0.012725,0.013088,1.238613,8,8,8,8,8,8,8,8,8,8,8,8,8,-31.255000,121.705000,300.000000,lev15,Almucantar
Lake_Lefroy,27:10:2019,12:00:00,300,300.000000,0.084400,0.050500,0.037950,0.032625,0.069225,0.033975,0.020200,0.014275,0.015150,0.016525,0.017750,0.018350,1.170111,4,4,4,4,4,4,4,4,4,4,4,4,4,-31.255000,121.705000,300.000000,lev15,Almucantar
Lake_Lefroy,30:10:2019,12:00:00,303,303.000000,0.113300,0.069900,0.053500,0.046600,0.089000,0.043600,0.025800,0.018100,0.024200,0.026200,0.027800,0.028500,1.103355,1,1,1,1,1,1,1,1,1,1,1,1,1,-31.255000,121.705000,300.000000,lev15,Almucantar
Lake_Lefroy,01:11:2019,12:00:00,305,305.000000,0.057300,0.046100,0.036100,0.032600,0.035800,0.022900,0.011600,0.007800,0.021500,0.023200,0.024500,0.024800,0.659415,1,1,1,1,1,1,1,1,1,1,1,1,1,-31.255000,121.705000,300.000000,lev15,Almucantar
Lake_Lefroy,02:11:2019,12:00:00,306,306.000000,0.046833,0.028700,0.021400,0.018333,0.038933,0.020033,0.012100,0.008700,0.007900,0.008667,0.009300,0.009600,1.148961,3,3,3,3,3,3,3,3,3,3,3,3,3,-31.255000,121.705000,300.000000,lev15,Almucantar
Lake_Lefroy,03:11:2019,12:00:00,307,307.000000,0.072950,0.050250,0.041350,0.037400,0.052200,0.027550,0.017050,0.012300,0.020700,0.022700,0.024350,0.025100,0.834270,2,2,2,2,2,2,2,2,2,2,2,2,2,-31.255000,121.705000,300.000000,lev15,Almucantar
Lake_Lefroy,18:12:2019,12:00:00,352,352.000000,0.312467,0.190800,0.142767,0.122133,0.266867,0.141667,0.090767,0.068967,0.045567,0.049133,0.052000,0.053200,1.151018,3,3,3,3,3,3,3,3,3,3,3,3,3,-31.255000,121.705000,300.000000,lev15,Almucantar
Lake_Lefroy,20:12:2019,12:00:00,354,354.000000,0.256562,0.137763,0.097712,0.081275,0.233762,0.113437,0.072188,0.055363,0.022800,0.024325,0.025562,0.025913,1.043716,8,8,8,8,8,8,8,8,8,8,8,8,8,-31.255000,121.705000,300.000000,lev15,Almucantar
Lake_Lefroy,21:12:2019,12:00:00,355,355.000000,0.218620,0.140680,0.110380,0.097040,0.174820,0.093200,0.059780,0.044960,0.043820,0.047500,0.050600,0.052080,0.996584,5,5,5,5,5,5,5,5,5,5,5,5,5,-31.255000,121.705000,300.000000,lev15,Almucantar
Lake_Lefroy,22:12:2019,12:00:00,356,356.000000,0.163300,0.113533,0.088933,0.078033,0.137200,0.085733,0.059733,0.048233,0.026100,0.027800,0.029200,0.029767,0.893855,3,3,3,3,3,3,3,3,3,3,3,3,3,-31.255000,121.705000,300.000000,lev15,Almucantar
Lake_Lefroy,30:01:2020,12:00:00,30,30.000000,0.055400,0.042967,0.038133,0.035967,0.030700,0.016300,0.010100,0.007400,0.024700,0.026667,0.028033,0.028633,0.553351,3,3,3,3,3,3,3,3,3,3,3,3,3,-31.255000,121.705000,300.000000,lev15,Almucantar
Lake_Lefroy,31:01:2020,12:00:00,31,31.000000,0.067300,0.047850,0.039725,0.036175,0.045550,0.024075,0.014600,0.010475,0.021750,0.023750,0.025125,0.025700,0.789819,4,4,4,4,4,4,4,4,4,4,4,4,4,-31.255000,121.705000,300.000000,lev15,Almucantar
Lake_Lefroy,01:02:2020,12:00:00,32,32.000000,0.053025,0.038187,0.032137,0.029475,0.035050,0.018650,0.011512,0.008362,0.017975,0.019525,0.020625,0.021100,0.819956,8,8,8,8,8,8,8,8,8,8,8,8,8,-31.255000,121.705000,300.000000,lev15,Almucantar
Lake_Lefroy,02:02:2020,12:00:00,33,33.000000,0.050675,0.033763,0.026300,0.022975,0.039550,0.021750,0.013688,0.010125,0.011137,0.012025,0.012587,0.012862,1.013400,8,8,8,8,8,8,8,8,8,8,8,8,8,-31.255000,121.705000,300.000000,lev15,Almucantar
Lake_Lefroy,03:02:2020,12:00:00,34,34.000000,0.050725,0.031850,0.023175,0.019275,0.045175,0.026050,0.017050,0.012900,0.005600,0.005800,0.006125,0.006350,1.142788,4,4,4,4,4,4,4,4,4,4,4,4,4,-31.255000,121.705000,300.000000,lev15,Almucantar
Lake_Lefroy,04:02:2020,12:00:00,35,35.000000,0.064075,0.047125,0.039300,0.035613,0.044737,0.025737,0.016350,0.012012,0.019325,0.021413,0.022950,0.023613,0.716268,8,8,8,8,8,8,8,8,8,8,8,8,8,-31.255000,121.705000,300.000000,lev15,Almucantar
Lake_Lefroy,05:02:2020,12:00:00,36,36.000000,0.070950,0.049650,0.040025,0.035650,0.052450,0.029425,0.018350,0.013300,0.018450,0.020225,0.021675,0.022375,0.835840,4,4,4,4,4,4,4,4,4,4,4,4,4,-31.255000,121.705000,300.000000,lev15,Almucantar
Lake_Lefroy,09:02:2020,12:00:00,40,40.000000,0.235300,0.141400,0.100500,0.082700,0.216050,0.121400,0.080150,0.061950,0.019300,0.019950,0.020350,0.020800,1.227704,2,2,2,2,2,2,2,2,2,2,2,2,2,-31.255000,121.705000,300.000000,lev15,Almucantar
Lake_Lefroy,13:02:2020,12:00:00,44,44.000000,0.084825,0.057000,0.044600,0.038975,0.067750,0.037900,0.023800,0.017525,0.017025,0.019100,0.020750,0.021475,0.944240,4,4,4,4,4,4,4,4,4,4,4,4,4,-31.255000,121.705000,300.000000,lev15,Almucantar
Lake_Lefroy,14:02:2020,12:00:00,45,45.000000,0.089250,0.061575,0.049150,0.043475,0.067175,0.036800,0.022775,0.016500,0.022075,0.024775,0.026375,0.027000,0.878062,4,4,4,4,4,4,4,4,4,4,4,4,4,-31.255000,121.705000,300.000000,lev15,Almucantar
Lake_Lefroy,15:02:2020,12:00:00,46,46.000000,0.073800,0.049850,0.039250,0.034400,0.057250,0.031250,0.019250,0.013900,0.016650,0.018600,0.019950,0.020500,0.927810,2,2,2,2,2,2,2,2,2,2,2,2,2,-31.255000,121.705000,300.000000,lev15,Almucantar
Lake_Lefroy,16:02:2020,12:00:00,47,47.000000,0.114571,0.072129,0.053543,0.045686,0.096257,0.051971,0.032043,0.023571,0.018314,0.020157,0.021514,0.022143,1.154595,7,7,7,7,7,7,7,7,7,7,7,7,7,-31.255000,121.705000,300.000000,lev15,Almucantar
Lake_Lefroy,17:02:2020,12:00:00,48,48.000000,0.098575,0.072750,0.059825,0.053500,0.070500,0.041275,0.026275,0.019225,0.028100,0.031500,0.033525,0.034300,0.734154,4,4,4,4,4,4,4,4,4,4,4,4,4,-31.255000,121.705000,300.000000,lev15,Almucantar
Lake_Lefroy,18:02:2020,12:00:00,49,49.000000,0.095933,0.075300,0.065433,0.060733,0.059433,0.035167,0.022800,0.017033,0.036500,0.040133,0.042633,0.043733,0.619056,3,3,3,3,3,3,3,3,3,3,3,3,3,-31.255000,121.705000,300.000000,lev15,Almucantar
Lake_Lefroy,21:02:2020,12:00:00,52,52.000000,0.051450,0.035100,0.026700,0.022900,0.043100,0.026150,0.016950,0.012650,0.008250,0.008950,0.009750,0.010300,0.957237,2,2,2,2,2,2,2,2,2,2,2,2,2,-31.255000,121.705000,300.000000,lev15,Almucantar
Lake_Lefroy,23:02:2020,12:00:00,54,54.000000,0.074050,0.052300,0.042650,0.038200,0.054350,0.030050,0.018750,0.013650,0.019700,0.022250,0.023950,0.024550,0.811890,2,2,2,2,2,2,2,2,2,2,2,2,2,-31.255000,121.705000,300.000000,lev15,Almucantar
Lake_Lefroy,24:02:2020,12:00:00,55,55.000000,0.063250,0.044000,0.036250,0.032650,0.046450,0.024950,0.015550,0.011500,0.016850,0.019100,0.020600,0.021250,0.822284,2,2,2,2,2,2,2,2,2,2,2,2,2,-31.255000,121.705000,300.000000,lev15,Almucantar
Lake_Lefroy,27:02:2020,12:00:00,58,58.000000,0.072187,0.060088,0.055837,0.053988,0.034638,0.019025,0.012113,0.008975,0.037575,0.041050,0.043750,0.044987,0.386084,8,8,8,8,8,8,8,8,8,8,8,8,8,-31.255000,121.705000,300.000000,lev15,Almucantar
Lake_Lefroy,02:03:2020,12:00:00,62,62.000000,0.055275,0.040750,0.033025,0.029450,0.041525,0.025425,0.016525,0.012525,0.013775,0.015350,0.016475,0.016900,0.756336,4,4,4,4,4,4,4,4,4,4,4,4,4,-31.255000,121.705000,300.000000,lev15,Almucantar
Lake_Lefroy,03:03:2020,12:00:00,63,63.000000,0.051967,0.035917,0.026533,0.022283,0.044583,0.028000,0.018267,0.013850,0.007400,0.007917,0.008267,0.008417,1.011479,6,6,6,6,6,6,6,6,6,6,6,6,6,-31.255000,121.705000,300.000000,lev15,Almucantar
Lake_Lefroy,04:03:2020,12:00:00,64,64.000000,0.047550,0.030500,0.021525,0.017400,0.044675,0.027525,0.018450,0.014225,0.002850,0.002975,0.003050,0.003125,1.154739,4,4,4,4,4,4,4,4,4,4,4,4,4,-31.255000,121.705000,300.000000,lev15,Almucantar
Lake_Lefroy,05:03:2020,12:00:00,65,65.000000,0.047900,0.032050,0.023700,0.019750,0.044650,0.028700,0.020250,0.016250,0.003250,0.003350,0.003450,0.003550,1.026279,2,2,2,2,2,2,2,2,2,2,2,2,2,-31.255000,121.705000,300.000000,lev15,Almucantar
Lake_Lefroy,07:03:2020,12:00:00,67,67.000000,0.059775,0.043250,0.035500,0.031875,0.042950,0.024725,0.015800,0.011700,0.016850,0.018525,0.019675,0.020150,0.773960,4,4,4,4,4,4,4,4,4,4,4,4,4,-31.255000,121.705000,300.000000,lev15,Almucantar
Lake_Lefroy,08:03:2020,12:00:00,68,68.000000,0.067840,0.057260,0.052000,0.049240,0.036820,0.022720,0.014880,0.011180,0.031000,0.034560,0.037100,0.038120,0.419531,5,5,5,5,5,5,5,5,5,5,5,5,5,-31.255000,121.705000,300.000000,lev15,Almucantar
Lake_Lefroy,09:03:2020,12:00:00,69,69.000000,0.075800,0.058800,0.052500,0.049800,0.045700,0.025500,0.016300,0.012100,0.030200,0.033400,0.036200,0.037600,0.545982,1,1,1,1,1,1,1,1,1,1,1,1,1,-31.255000,121.705000,300.000000,lev15,Almucantar
Lake_Lefroy,10:03:2020,12:00:00,70,70.000000,0.088633,0.077600,0.073133,0.070867,0.039183,0.022667,0.014550,0.010817,0.049467,0.054967,0.058617,0.060033,0.294888,6,6,6,6,6,6,6,6,6,6,6,6,6,-31.255000,121.705000,300.000000,lev15,Almucantar
Lake_Lefroy,11:03:2020,12:00:00,71,71.000000,0.073617,0.057533,0.050367,0.046983,0.045317,0.026050,0.016717,0.012367,0.028283,0.031483,0.033683,0.034583,0.561546,6,6,6,6,6,6,6,6,6,6,6,6,6,-31.255000,121.705000,300.000000,lev15,Almucantar
Lake_Lefroy,12:03:2020,12:00:00,72,72.000000,0.052367,0.037922,0.031356,0.028289,0.037578,0.021467,0.013644,0.010033,0.014778,0.016456,0.017711,0.018256,0.757796,9,9,9,9,9,9,9,9,9,9,9,9,9,-31.255000,121.705000,300.000000,lev15,Almucantar
Lake_Lefroy,15:03:2020,12:00:00,75,75.000000,0.069450,0.057000,0.051700,0.049100,0.039025,0.022650,0.014775,0.011125,0.030425,0.034350,0.036925,0.037950,0.443741,4,4,4,4,4,4,4,4,4,4,4,4,4,-31.255000,121.705000,300.000000,lev15,Almucantar
Lake_Lefroy,18:03:2020,12:00:00,78,78.000000,0.052117,0.036033,0.028717,0.025450,0.039783,0.022783,0.014650,0.010900,0.012350,0.013250,0.014083,0.014550,0.878143,6,6,6,6,6,6,6,6,6,6,6,6,6,-31.255000,121.705000,300.000000,lev15,Almucantar
Lake_Lefroy,22:03:2020,12:00:00,82,82.000000,0.076300,0.048600,0.036450,0.031050,0.062500,0.033200,0.020000,0.014250,0.013750,0.015400,0.016400,0.016850,1.084036,2,2,2,2,2,2,2,2,2,2,2,2,2,-31.255000,121.705000,300.000000,lev15,Almucantar
Lake_Lefroy,23:03:2020,12:00:00,83,83.000000,0.053400,0.034975,0.027275,0.023975,0.041450,0.021775,0.013125,0.009325,0.011975,0.013250,0.014175,0.014625,0.981601,4,4,4,4,4,4,4,4,4,4,4,4,4,-31.255000,121.705000,300.000000,lev15,Almucantar
Lake_Lefroy,24:03:2020,12:00:00,84,84.000000,0.038750,0.022000,0.014525,0.011350,0.036950,0.020087,0.012525,0.009275,0.001800,0.001900,0.002000,0.002063,1.431477,8,8,8,8,8,8,8,8,8,8,8,8,8,-31.255000,121.705000,300.000000,lev15,Almucantar
Lake_Lefroy,25:03:2020,12:00:00,85,85.000000,0.052367,0.036483,0.029083,0.025683,0.039617,0.022383,0.014050,0.010250,0.012767,0.014117,0.015017,0.015433,0.846779,6,6,6,6,6,6,6,6,6,6,6,6,6,-31.255000,121.705000,300.000000,lev15,Almucantar
Lake_Lefroy,07:04:2020,12:00:00,98,98.000000,0.064400,0.040800,0.030700,0.026300,0.052200,0.027200,0.016200,0.011500,0.012100,0.013600,0.014500,0.014800,1.087920,1,1,1,1,1,1,1,1,1,1,1,1,1,-31.255000,121.705000,300.000000,lev15,Almucantar
Lake_Lefroy,14:04:2020,12:00:00,105,105.000000,0.060200,0.045900,0.039100,0.035900,0.039900,0.023500,0.015000,0.011000,0.020300,0.022400,0.024100,0.024800,0.634998,1,1,1,1,1,1,1,1,1,1,1,1,1,-31.255000,121.705000,300.000000,lev15,Almucantar
Lake_Lefroy,16:04:2020,12:00:00,107,107.000000,0.082675,0.066350,0.058700,0.054950,0.048300,0.028450,0.018375,0.013625,0.034375,0.037900,0.040325,0.041300,0.506339,4,4,4,4,4,4,4,4,4,4,4,4,4,-31.255000,121.705000,300.000000,lev15,Almucantar
Lake_Lefroy,18:04:2020,12:00:00,109,109.000000,0.067100,0.040550,0.029600,0.025000,0.056550,0.028800,0.017000,0.012000,0.010500,0.011750,0.012600,0.013000,1.201593,2,2,2,2,2,2,2,2,2,2,2,2,2,-31.255000,121.705000,300.000000,lev15,Almucantar
Lake_Lefroy,20:04:2020,12:00:00,111,111.000000,0.057830,0.044950,0.038450,0.035260,0.038250,0.023130,0.015010,0.011130,0.019600,0.021850,0.023460,0.024130,0.595789,10,10,10,10,10,10,10,10,10,10,10,10,10,-31.255000,121.705000,300.000000,lev15,Almucantar
Lake_Lefroy,21:04:2020,12:00:00,112,112.000000,0.050645,0.037245,0.031300,0.028564,0.034455,0.019245,0.012064,0.008818,0.016191,0.017973,0.019227,0.019755,0.705279,11,11,11,11,11,11,11,11,11,11,11,11,11,-31.255000,121.705000,300.000000,lev15,Almucantar
Lake_Lefroy,23:04:2020,12:00:00,114,114.000000,0.043463,0.027562,0.020813,0.017862,0.035725,0.019000,0.011650,0.008437,0.007762,0.008563,0.009162,0.009425,1.071868,8,8,8,8,8,8,8,8,8,8,8,8,8,-31.255000,121.705000,300.000000,lev15,Almucantar
Lake_Lefroy,26:04:2020,12:00:00,117,117.000000,0.053800,0.043000,0.038000,0.035500,0.030900,0.018000,0.011500,0.008500,0.022900,0.025000,0.026500,0.027100,0.512934,1,1,1,1,1,1,1,1,1,1,1,1,1,-31.255000,121.705000,300.000000,lev15,Almucantar
Lake_Lefroy,28:04:2020,12:00:00,119,119.000000,0.068140,0.055160,0.048780,0.045660,0.040960,0.024920,0.016300,0.012180,0.027140,0.030220,0.032500,0.033480,0.531867,5,5,5,5,5,5,5,5,5,5,5,5,5,-31.255000,121.705000,300.000000,lev15,Almucantar
Lake_Lefroy,29:04:2020,12:00:00,120,120.000000,0.055680,0.050520,0.047620,0.045860,0.024200,0.015780,0.010700,0.008140,0.031480,0.034740,0.036920,0.037760,0.243417,5,5,5,5,5,5,5,5,5,5,5,5,5,-31.255000,121.705000,300.000000,lev15,Almucantar
Lake_Lefroy,30:04:2020,12:00:00,121,121.000000,0.054000,0.047133,0.043733,0.041900,0.025567,0.015867,0.010583,0.007950,0.028450,0.031267,0.033150,0.033917,0.314858,6,6,6,6,6,6,6,6,6,6,6,6,6,-31.255000,121.705000,300.000000,lev15,Almucantar
Lake_Lefroy,01:05:2020,12:00:00,122,122.000000,0.049290,0.040110,0.035690,0.033510,0.027900,0.016550,0.010710,0.007910,0.021390,0.023560,0.024990,0.025590,0.502707,10,10,10,10,10,10,10,10,10,10,10,10,10,-31.255000,121.705000,300.000000,lev15,Almucantar
Lake_Lefroy,02:05:2020,12:00:00,123,123.000000,0.041112,0.029663,0.024125,0.021550,0.030038,0.017438,0.011113,0.008175,0.011075,0.012238,0.013012,0.013387,0.766721,8,8,8,8,8,8,8,8,8,8,8,8,8,-31.255000,121.705000,300.000000,lev15,Almucantar
Lake_Lefroy,03:05:2020,12:00:00,124,124.000000,0.041188,0.025575,0.018838,0.015863,0.035150,0.018950,0.011675,0.008450,0.006025,0.006625,0.007125,0.007412,1.122358,8,8,8,8,8,8,8,8,8,8,8,8,8,-31.255000,121.705000,300.000000,lev15,Almucantar
Lake_Lefroy,04:05:2020,12:00:00,125,125.000000,0.035740,0.023020,0.017120,0.014460,0.030720,0.017700,0.011440,0.008560,0.005020,0.005300,0.005660,0.005900,1.064043,5,5,5,5,5,5,5,5,5,5,5,5,5,-31.255000,121.705000,300.000000,lev15,Almucantar
Lake_Lefroy,07:05:2020,12:00:00,128,128.000000,0.061622,0.051867,0.046833,0.044200,0.034044,0.021189,0.014078,0.010567,0.027567,0.030667,0.032756,0.033622,0.410384,9,9,9,9,9,9,9,9,9,9,9,9,9,-31.255000,121.705000,300.000000,lev15,Almucantar
Lake_Lefroy,09:05:2020,12:00:00,130,130.000000,0.043588,0.033212,0.028450,0.026175,0.028200,0.016175,0.010275,0.007513,0.015413,0.017025,0.018163,0.018662,0.633630,8,8,8,8,8,8,8,8,8,8,8,8,8,-31.255000,121.705000,300.000000,lev15,Almucantar
Lake_Lefroy,10:05:2020,12:00:00,131,131.000000,0.029450,0.022750,0.018450,0.016200,0.023700,0.016600,0.011850,0.009300,0.005800,0.006150,0.006550,0.006900,0.680859,2,2,2,2,2,2,2,2,2,2,2,2,2,-31.255000,121.705000,300.000000,lev15,Almucantar
Lake_Lefroy,11:05:2020,12:00:00,132,132.000000,0.045000,0.031080,0.024260,0.021020,0.036900,0.022280,0.014700,0.011100,0.008080,0.008780,0.009520,0.009960,0.925576,5,5,5,5,5,5,5,5,5,5,5,5,5,-31.255000,121.705000,300.000000,lev15,Almucantar
Lake_Lefroy,13:05:2020,12:00:00,134,134.000000,0.059200,0.042620,0.034900,0.031340,0.042340,0.023880,0.014920,0.010840,0.016820,0.018740,0.019960,0.020480,0.780999,5,5,5,5,5,5,5,5,5,5,5,5,5,-31.255000,121.705000,300.000000,lev15,Almucantar
Lake_Lefroy,14:05:2020,12:00:00,135,135.000000,0.063670,0.039040,0.028150,0.023350,0.056040,0.030880,0.019430,0.014320,0.007620,0.008150,0.008720,0.009030,1.178991,10,10,10,10,10,10,10,10,10,10,10,10,10,-31.255000,121.705000,300.000000,lev15,Almucantar
Lake_Lefroy,15:05:2020,12:00:00,136,136.000000,0.045309,0.027418,0.019782,0.016455,0.039882,0.021627,0.013600,0.010064,0.005418,0.005791,0.006182,0.006400,1.202748,11,11,11,11,11,11,11,11,11,11,11,11,11,-31.255000,121.705000,300.000000,lev15,Almucantar
Lake_Lefroy,16:05:2020,12:00:00,137,137.000000,0.078238,0.056875,0.048587,0.044987,0.050238,0.026112,0.015925,0.011450,0.028025,0.030763,0.032688,0.033500,0.692519,8,8,8,8,8,8,8,8,8,8,8,8,8,-31.255000,121.705000,300.000000,lev15,Almucantar
Lake_Lefroy,18:05:2020,12:00:00,139,139.000000,0.051900,0.035520,0.027720,0.024080,0.041820,0.024400,0.015860,0.011920,0.010060,0.011100,0.011820,0.012120,0.984127,5,5,5,5,5,5,5,5,5,5,5,5,5,-31.255000,121.705000,300.000000,lev15,Almucantar
Lake_Lefroy,19:05:2020,12:00:00,140,140.000000,0.048857,0.036886,0.031057,0.028257,0.032671,0.019086,0.012243,0.009014,0.016171,0.017814,0.018843,0.019243,0.688563,7,7,7,7,7,7,7,7,7,7,7,7,7,-31.255000,121.705000,300.000000,lev15,Almucantar
Lake_Lefroy,21:05:2020,12:00:00,142,142.000000,0.050800,0.038733,0.032833,0.030000,0.032900,0.019100,0.012067,0.008833,0.017867,0.019633,0.020700,0.021133,0.638604,3,3,3,3,3,3,3,3,3,3,3,3,3,-31.255000,121.705000,300.000000,lev15,Almucantar
Lake_Lefroy,22:05:2020,12:00:00,143,143.000000,0.038338,0.023350,0.016812,0.013962,0.033900,0.018650,0.011788,0.008725,0.004438,0.004700,0.005050,0.005225,1.203544,8,8,8,8,8,8,8,8,8,8,8,8,8,-31.255000,121.705000,300.000000,lev15,Almucantar
Lake_Lefroy,23:05:2020,12:00:00,144,144.000000,0.034464,0.021891,0.016255,0.013709,0.029300,0.016264,0.010218,0.007473,0.005155,0.005627,0.006027,0.006236,1.084517,11,11,11,11,11,11,11,11,11,11,11,11,11,-31.255000,121.705000,300.000000,lev15,Almucantar
Lake_Lefroy,25:05:2020,12:00:00,146,146.000000,0.061325,0.054050,0.050500,0.048600,0.028325,0.017475,0.011600,0.008725,0.033000,0.036575,0.038900,0.039900,0.333926,4,4,4,4,4,4,4,4,4,4,4,4,4,-31.255000,121.705000,300.000000,lev15,Almucantar
Lake_Lefroy,26:05:2020,12:00:00,147,147.000000,0.053533,0.047367,0.043633,0.041450,0.026433,0.016883,0.011217,0.008400,0.027067,0.030517,0.032417,0.033033,0.302118,6,6,6,6,6,6,6,6,6,6,6,6,6,-31.255000,121.705000,300.000000,lev15,Almucantar
Lake_Lefroy,28:05:2020,12:00:00,149,149.000000,0.032313,0.021475,0.016350,0.014025,0.026613,0.015312,0.009800,0.007300,0.005687,0.006175,0.006550,0.006725,0.993293,8,8,8,8,8,8,8,8,8,8,8,8,8,-31.255000,121.705000,300.000000,lev15,Almucantar
Lake_Lefroy,29:05:2020,12:00:00,150,150.000000,0.032927,0.021755,0.016645,0.014327,0.026709,0.014945,0.009418,0.006882,0.006227,0.006809,0.007245,0.007427,0.992578,11,11,11,11,11,11,11,11,11,11,11,11,11,-31.255000,121.705000,300.000000,lev15,Almucantar
Lake_Lefroy,30:05:2020,12:00:00,151,151.000000,0.058320,0.048980,0.043160,0.040120,0.033320,0.021180,0.013700,0.010100,0.025000,0.027840,0.029500,0.030020,0.439023,5,5,5,5,5,5,5,5,5,5,5,5,5,-31.255000,121.705000,300.000000,lev15,Almucantar
Lake_Lefroy,01:06:2020,12:00:00,153,153.000000,0.051340,0.040480,0.035460,0.033040,0.031060,0.018060,0.011700,0.008720,0.020300,0.022420,0.023760,0.024300,0.568410,5,5,5,5,5,5,5,5,5,5,5,5,5,-31.255000,121.705000,300.000000,lev15,Almucantar
Lake_Lefroy,02:06:2020,12:00:00,154,154.000000,0.036900,0.026700,0.021300,0.018667,0.028667,0.017767,0.011800,0.008900,0.008200,0.008900,0.009467,0.009767,0.796989,3,3,3,3,3,3,3,3,3,3,3,3,3,-31.255000,121.705000,300.000000,lev15,Almucantar
Lake_Lefroy,03:06:2020,12:00:00,155,155.000000,0.027400,0.020300,0.016200,0.014100,0.023600,0.016400,0.012100,0.009900,0.003800,0.004000,0.004100,0.004200,0.766012,1,1,1,1,1,1,1,1,1,1,1,1,1,-31.255000,121.705000,300.000000,lev15,Almucantar
Lake_Lefroy,05:06:2020,12:00:00,157,157.000000,0.032783,0.020583,0.015150,0.012700,0.029100,0.016617,0.010867,0.008217,0.003717,0.003950,0.004283,0.004467,1.115890,6,6,6,6,6,6,6,6,6,6,6,6,6,-31.255000,121.705000,300.000000,lev15,Almucantar
Lake_Lefroy,08:06:2020,12:00:00,160,160.000000,0.036960,0.023760,0.017130,0.014070,0.033370,0.019890,0.013000,0.009770,0.003610,0.003870,0.004130,0.004310,1.112966,10,10,10,10,10,10,10,10,10,10,10,10,10,-31.255000,121.705000,300.000000,lev15,Almucantar
Lake_Lefroy,09:06:2020,12:00:00,161,161.000000,0.029800,0.019300,0.013650,0.011050,0.027750,0.017150,0.011400,0.008700,0.002050,0.002200,0.002300,0.002350,1.135188,2,2,2,2,2,2,2,2,2,2,2,2,2,-31.255000,121.705000,300.000000,lev15,Almucantar
Lake_Lefroy,10:06:2020,12:00:00,162,162.000000,0.035600,0.022700,0.017400,0.015200,0.028100,0.014600,0.008700,0.006100,0.007500,0.008100,0.008800,0.009100,1.053386,1,1,1,1,1,1,1,1,1,1,1,1,1,-31.255000,121.705000,300.000000,lev15,Almucantar
Lake_Lefroy,13:06:2020,12:00:00,165,165.000000,0.058900,0.047540,0.040540,0.037020,0.036180,0.022420,0.014140,0.010240,0.022740,0.025120,0.026380,0.026780,0.545507,5,5,5,5,5,5,5,5,5,5,5,5,5,-31.255000,121.705000,300.000000,lev15,Almucantar
Lake_Lefroy,14:06:2020,12:00:00,166,166.000000,0.060500,0.043260,0.033920,0.029520,0.045160,0.026460,0.016280,0.011680,0.015340,0.016760,0.017620,0.017860,0.845429,5,5,5,5,5,5,5,5,5,5,5,5,5,-31.255000,121.705000,300.000000,lev15,Almucantar
Lake_Lefroy,15:06:2020,12:00:00,167,167.000000,0.059833,0.044500,0.037067,0.033567,0.038900,0.021300,0.012900,0.009167,0.020933,0.023167,0.024167,0.024400,0.702988,3,3,3,3,3,3,3,3,3,3,3,3,3,-31.255000,121.705000,300.000000,lev15,Almucantar
Lake_Lefroy,16:06:2020,12:00:00,168,168.000000,0.041600,0.025700,0.019250,0.016433,0.034083,0.017283,0.010250,0.007283,0.007517,0.008433,0.009000,0.009167,1.137502,6,6,6,6,6,6,6,6,6,6,6,6,6,-31.255000,121.705000,300.000000,lev15,Almucantar
Lake_Lefroy,17:06:2020,12:00:00,169,169.000000,0.050600,0.037867,0.032567,0.030167,0.031133,0.016833,0.010433,0.007567,0.019467,0.021033,0.022133,0.022567,0.651477,3,3,3,3,3,3,3,3,3,3,3,3,3,-31.255000,121.705000,300.000000,lev15,Almucantar
Lake_Lefroy,18:06:2020,12:00:00,170,170.000000,0.046200,0.037900,0.034700,0.033100,0.024900,0.014100,0.009200,0.006800,0.021300,0.023800,0.025500,0.026200,0.425532,1,1,1,1,1,1,1,1,1,1,1,1,1,-31.255000,121.705000,300.000000,lev15,Almucantar
Lake_Lefroy,19:06:2020,12:00:00,171,171.000000,0.030556,0.023844,0.020667,0.019156,0.018933,0.010944,0.006989,0.005144,0.011622,0.012889,0.013689,0.014011,0.596928,9,9,9,9,9,9,9,9,9,9,9,9,9,-31.255000,121.705000,300.000000,lev15,Almucantar
Lake_Lefroy,20:06:2020,12:00:00,172,172.000000,0.026873,0.017564,0.013400,0.011555,0.021673,0.011945,0.007482,0.005436,0.005200,0.005609,0.005927,0.006082,1.022025,11,11,11,11,11,11,11,11,11,11,11,11,11,-31.255000,121.705000,300.000000,lev15,Almucantar
Lake_Lefroy,21:06:2020,12:00:00,173,173.000000,0.025691,0.015682,0.011091,0.009027,0.023336,0.013173,0.008427,0.006245,0.002355,0.002491,0.002664,0.002764,1.215122,11,11,11,11,11,11,11,11,11,11,11,11,11,-31.255000,121.705000,300.000000,lev15,Almucantar
Lake_Lefroy,22:06:2020,12:00:00,174,174.000000,0.025864,0.016355,0.011891,0.009873,0.022936,0.013264,0.008609,0.006436,0.002918,0.003091,0.003300,0.003455,1.119018,11,11,11,11,11,11,11,11,11,11,11,11,11,-31.255000,121.705000,300.000000,lev15,Almucantar
Lake_Lefroy,23:06:2020,12:00:00,175,175.000000,0.053525,0.047600,0.044125,0.042125,0.025100,0.015925,0.010500,0.007775,0.028450,0.031700,0.033650,0.034350,0.287808,4,4,4,4,4,4,4,4,4,4,4,4,4,-31.255000,121.705000,300.000000,lev15,Almucantar
Lake_Lefroy,24:06:2020,12:00:00,176,176.000000,0.056373,0.045445,0.040082,0.037391,0.033309,0.019582,0.012482,0.009173,0.023073,0.025882,0.027600,0.028218,0.535442,11,11,11,11,11,11,11,11,11,11,11,11,11,-31.255000,121.705000,300.000000,lev15,Almucantar
Lake_Lefroy,28:08:2020,12:00:00,241,241.000000,0.053529,0.031057,0.022386,0.018814,0.044971,0.021786,0.012671,0.008900,0.008571,0.009243,0.009729,0.009929,1.278598,7,7,7,7,7,7,7,7,7,7,7,7,7,-31.255000,121.705000,300.000000,lev15,Almucantar
Lake_Lefroy,29:08:2020,12:00:00,242,242.000000,0.085250,0.052025,0.038617,0.032958,0.070108,0.035158,0.020642,0.014558,0.015158,0.016867,0.017975,0.018425,1.162575,12,12,12,12,12,12,12,12,12,12,12,12,12,-31.255000,121.705000,300.000000,lev15,Almucantar
Lake_Lefroy,30:08:2020,12:00:00,243,243.000000,0.060440,0.042000,0.034060,0.030510,0.044060,0.023770,0.014560,0.010470,0.016400,0.018190,0.019500,0.020040,0.896684,10,10,10,10,10,10,10,10,10,10,10,10,10,-31.255000,121.705000,300.000000,lev15,Almucantar
Lake_Lefroy,31:08:2020,12:00:00,244,244.000000,0.070225,0.043708,0.033025,0.028450,0.057142,0.029092,0.017267,0.012208,0.013125,0.014642,0.015758,0.016250,1.106447,12,12,12,12,12,12,12,12,12,12,12,12,12,-31.255000,121.705000,300.000000,lev15,Almucantar
Lake_Lefroy,01:09:2020,12:00:00,245,245.000000,0.037050,0.024400,0.019350,0.017250,0.027400,0.013800,0.008150,0.005700,0.009650,0.010600,0.011200,0.011500,0.958074,2,2,2,2,2,2,2,2,2,2,2,2,2,-31.255000,121.705000,300.000000,lev15,Almucantar
Lake_Lefroy,03:09:2020,12:00:00,247,247.000000,0.142900,0.091083,0.070467,0.061700,0.111917,0.057017,0.034050,0.024233,0.031000,0.034083,0.036400,0.037500,1.066739,6,6,6,6,6,6,6,6,6,6,6,6,6,-31.255000,121.705000,300.000000,lev15,Almucantar
Lake_Lefroy,04:09:2020,12:00:00,248,248.000000,0.130325,0.076725,0.056250,0.047875,0.108025,0.052100,0.029975,0.020900,0.022275,0.024625,0.026250,0.027000,1.235872,4,4,4,4,4,4,4,4,4,4,4,4,4,-31.255000,121.705000,300.000000,lev15,Almucantar
Lake_Lefroy,05:09:2020,12:00:00,249,249.000000,0.082950,0.045450,0.030425,0.024238,0.076012,0.038012,0.022475,0.015963,0.006937,0.007425,0.007975,0.008275,1.441025,8,8,8,8,8,8,8,8,8,8,8,8,8,-31.255000,121.705000,300.000000,lev15,Almucantar
Lake_Lefroy,06:09:2020,12:00:00,250,250.000000,0.068200,0.036200,0.023500,0.018400,0.063900,0.031800,0.018800,0.013400,0.004300,0.004400,0.004700,0.004900,1.559057,1,1,1,1,1,1,1,1,1,1,1,1,1,-31.255000,121.705000,300.000000,lev15,Almucantar
Lake_Lefroy,08:09:2020,12:00:00,252,252.000000,0.069690,0.052760,0.045000,0.041270,0.046220,0.026350,0.016750,0.012290,0.023490,0.026420,0.028270,0.028970,0.657205,10,10,10,10,10,10,10,10,10,10,10,10,10,-31.255000,121.705000,300.000000,lev15,Almucantar
Lake_Lefroy,09:09:2020,12:00:00,253,253.000000,0.066760,0.037540,0.025820,0.020920,0.060280,0.030580,0.018360,0.013160,0.006460,0.006960,0.007480,0.007780,1.397703,5,5,5,5,5,5,5,5,5,5,5,5,5,-31.255000,121.705000,300.000000,lev15,Almucantar
Lake_Lefroy,13:09:2020,12:00:00,257,257.000000,0.055600,0.033333,0.024067,0.020100,0.048333,0.025433,0.015600,0.011300,0.007267,0.007867,0.008467,0.008800,1.249234,3,3,3,3,3,3,3,3,3,3,3,3,3,-31.255000,121.705000,300.000000,lev15,Almucantar
Lake_Lefroy,07:11:2020,12:00:00,312,312.000000,0.076300,0.059775,0.053900,0.051225,0.043100,0.023175,0.014825,0.010950,0.033250,0.036600,0.039100,0.040300,0.516932,4,4,4,4,4,4,4,4,4,4,4,4,4,-31.255000,121.705000,300.000000,lev15,Almucantar
Lake_Lefroy,08:11:2020,12:00:00,313,313.000000,0.084400,0.054157,0.041429,0.035700,0.068086,0.036100,0.022014,0.015671,0.016314,0.018100,0.019429,0.020029,1.047159,7,7,7,7,7,7,7,7,7,7,7,7,7,-31.255000,121.705000,300.000000,lev15,Almucantar
Lake_Lefroy,09:11:2020,12:00:00,314,314.000000,0.068111,0.049167,0.041344,0.037811,0.046167,0.025178,0.015744,0.011400,0.021944,0.023967,0.025600,0.026433,0.738246,9,9,9,9,9,9,9,9,9,9,9,9,9,-31.255000,121.705000,300.000000,lev15,Almucantar
Lake_Lefroy,12:11:2020,12:00:00,317,317.000000,0.054488,0.036375,0.028975,0.025662,0.041100,0.021800,0.013462,0.009700,0.013400,0.014562,0.015500,0.015963,0.933880,8,8,8,8,8,8,8,8,8,8,8,8,8,-31.255000,121.705000,300.000000,lev15,Almucantar
Lake_Lefroy,13:11:2020,12:00:00,318,318.000000,0.057287,0.032325,0.022925,0.018863,0.050200,0.024762,0.014975,0.010688,0.007075,0.007562,0.007963,0.008175,1.352086,8,8,8,8,8,8,8,8,8,8,8,8,8,-31.255000,121.705000,300.000000,lev15,Almucantar
Lake_Lefroy,14:11:2020,12:00:00,319,319.000000,0.054100,0.029850,0.020700,0.016900,0.047450,0.022550,0.012950,0.009000,0.006700,0.007250,0.007700,0.007900,1.473313,2,2,2,2,2,2,2,2,2,2,2,2,2,-31.255000,121.705000,300.000000,lev15,Almucantar
Lake_Lefroy,15:11:2020,12:00:00,320,320.000000,0.054650,0.040300,0.034100,0.031250,0.036900,0.020600,0.013050,0.009600,0.017700,0.019700,0.021050,0.021650,0.698473,2,2,2,2,2,2,2,2,2,2,2,2,2,-31.255000,121.705000,300.000000,lev15,Almucantar
Lake_Lefroy,16:11:2020,12:00:00,321,321.000000,0.052840,0.034270,0.026510,0.023050,0.041640,0.022170,0.013640,0.009810,0.011170,0.012120,0.012860,0.013220,1.014274,10,10,10,10,10,10,10,10,10,10,10,10,10,-31.255000,121.705000,300.000000,lev15,Almucantar
Lake_Lefroy,18:11:2020,12:00:00,323,323.000000,0.055300,0.035913,0.027838,0.024275,0.043788,0.023263,0.014188,0.010125,0.011500,0.012663,0.013650,0.014138,1.011329,8,8,8,8,8,8,8,8,8,8,8,8,8,-31.255000,121.705000,300.000000,lev15,Almucantar
Lake_Lefroy,19:11:2020,12:00:00,324,324.000000,0.058940,0.037120,0.028360,0.024540,0.047300,0.024280,0.014540,0.010280,0.011660,0.012860,0.013820,0.014220,1.067992,5,5,5,5,5,5,5,5,5,5,5,5,5,-31.255000,121.705000,300.000000,lev15,Almucantar
Lake_Lefroy,20:11:2020,12:00:00,325,325.000000,0.067150,0.046300,0.037867,0.034133,0.048000,0.025450,0.015617,0.011167,0.019133,0.020850,0.022233,0.022917,0.845047,6,6,6,6,6,6,6,6,6,6,6,6,6,-31.255000,121.705000,300.000000,lev15,Almucantar
Lake_Lefroy,21:11:2020,12:00:00,326,326.000000,0.069633,0.048967,0.041233,0.037900,0.046517,0.023817,0.014400,0.010267,0.023133,0.025200,0.026833,0.027617,0.795249,6,6,6,6,6,6,6,6,6,6,6,6,6,-31.255000,121.705000,300.000000,lev15,Almucantar
Lake_Lefroy,22:11:2020,12:00:00,327,327.000000,0.047683,0.030300,0.022667,0.019233,0.040050,0.022167,0.013983,0.010233,0.007633,0.008133,0.008683,0.009000,1.180751,6,6,6,6,6,6,6,6,6,6,6,6,6,-31.255000,121.705000,300.000000,lev15,Almucantar
Lake_Lefroy,23:11:2020,12:00:00,328,328.000000,0.043570,0.025720,0.018570,0.015480,0.037680,0.019320,0.011730,0.008430,0.005890,0.006390,0.006830,0.007040,1.304220,10,10,10,10,10,10,10,10,10,10,10,10,10,-31.255000,121.705000,300.000000,lev15,Almucantar
Lake_Lefroy,24:11:2020,12:00:00,329,329.000000,0.047820,0.029450,0.021880,0.018570,0.040150,0.021230,0.013200,0.009600,0.007670,0.008190,0.008690,0.008960,1.156225,10,10,10,10,10,10,10,10,10,10,10,10,10,-31.255000,121.705000,300.000000,lev15,Almucantar
Lake_Lefroy,25:11:2020,12:00:00,330,330.000000,0.095500,0.066400,0.055250,0.050500,0.065700,0.034200,0.020800,0.014850,0.029850,0.032200,0.034450,0.035650,0.813344,2,2,2,2,2,2,2,2,2,2,2,2,2,-31.255000,121.705000,300.000000,lev15,Almucantar
Lake_Lefroy,26:11:2020,12:00:00,331,331.000000,0.097700,0.080050,0.073680,0.070660,0.050420,0.028090,0.018120,0.013410,0.047280,0.051980,0.055550,0.057260,0.435815,10,10,10,10,10,10,10,10,10,10,10,10,10,-31.255000,121.705000,300.000000,lev15,Almucantar
Lake_Lefroy,27:11:2020,12:00:00,332,332.000000,0.089980,0.062760,0.053300,0.048960,0.061360,0.031280,0.019700,0.014260,0.028620,0.031480,0.033580,0.034700,0.780990,5,5,5,5,5,5,5,5,5,5,5,5,5,-31.255000,121.705000,300.000000,lev15,Almucantar
Lake_Lefroy,28:11:2020,12:00:00,333,333.000000,0.047133,0.033078,0.027900,0.025644,0.031711,0.016378,0.010167,0.007467,0.015422,0.016711,0.017722,0.018200,0.990293,9,9,9,9,9,9,9,9,9,9,9,9,9,-31.255000,121.705000,300.000000,lev15,Almucantar
Lake_Lefroy,29:11:2020,12:00:00,334,334.000000,0.052350,0.043100,0.040150,0.038850,0.025450,0.013700,0.008800,0.006550,0.026900,0.029400,0.031400,0.032350,0.397698,2,2,2,2,2,2,2,2,2,2,2,2,2,-31.255000,121.705000,300.000000,lev15,Almucantar
Lake_Lefroy,30:11:2020,12:00:00,335,335.000000,0.044817,0.031183,0.025617,0.023117,0.031550,0.016850,0.010400,0.007500,0.013283,0.014333,0.015200,0.015600,0.928928,6,6,6,6,6,6,6,6,6,6,6,6,6,-31.255000,121.705000,300.000000,lev15,Almucantar
Lake_Lefroy,01:12:2020,12:00:00,336,336.000000,0.043863,0.032500,0.027650,0.025388,0.029275,0.016550,0.010600,0.007813,0.014587,0.015963,0.017075,0.017563,0.714798,8,8,8,8,8,8,8,8,8,8,8,8,8,-31.255000,121.705000,300.000000,lev15,Almucantar
Lake_Lefroy,02:12:2020,12:00:00,337,337.000000,0.047375,0.034938,0.029400,0.026838,0.032175,0.018312,0.011637,0.008475,0.015188,0.016637,0.017800,0.018363,0.710787,8,8,8,8,8,8,8,8,8,8,8,8,8,-31.255000,121.705000,300.000000,lev15,Almucantar
Lake_Lefroy,03:12:2020,12:00:00,338,338.000000,0.062325,0.046925,0.039900,0.036625,0.040725,0.023425,0.014900,0.010850,0.021625,0.023450,0.025000,0.025775,0.679317,4,4,4,4,4,4,4,4,4,4,4,4,4,-31.255000,121.705000,300.000000,lev15,Almucantar
Lake_Lefroy,04:12:2020,12:00:00,339,339.000000,0.057000,0.042129,0.036400,0.033814,0.035114,0.018600,0.011586,0.008414,0.021900,0.023543,0.024800,0.025443,0.802620,7,7,7,7,7,7,7,7,7,7,7,7,7,-31.255000,121.705000,300.000000,lev15,Almucantar
Lake_Lefroy,05:12:2020,12:00:00,340,340.000000,0.048288,0.035650,0.030113,0.027550,0.032725,0.018575,0.011775,0.008587,0.015550,0.017075,0.018337,0.018963,0.696326,8,8,8,8,8,8,8,8,8,8,8,8,8,-31.255000,121.705000,300.000000,lev15,Almucantar
