AERONET Data Download (Version 3 Direct Sun and Inversion Algorithms)
AERONET Version 3
Lake_Lefroy
Version 3: Almucantar Level 1.5 Inversion
The following data are cloud cleared and quality controls have been applied but these data may not have final calibration applied.  These data may change.
Daily Averages,Contact: PI=Ian_Lau; PI Email=ian.lau@csiro.au 
AERONET_AERONET_Site,Date(dd:mm:yyyy),Time(hh:mm:ss),Day_of_Year,Day_of_Year(fraction),AOD_Extinction-Total[440nm],AOD_Extinction-Total[675nm],AOD_Extinction-Total[870nm],AOD_Extinction-Total[1020nm],AOD_Extinction-Fine[440nm],AOD_Extinction-Fine[675nm],AOD_Extinction-Fine[870nm],AOD_Extinction-Fine[1020nm],AOD_Extinction-Coarse[440nm],AOD_Extinction-Coarse[675nm],AOD_Extinction-Coarse[870nm],AOD_Extinction-Coarse[1020nm],Extinction_Angstrom_Exponent_440-870nm-Total,N[AOD_Extinction-Total[440nm]],N[AOD_Extinction-Total[675nm]],N[AOD_Extinction-Total[870nm]],N[AOD_Extinction-Total[1020nm]],N[AOD_Extinction-Fine[440nm]],N[AOD_Extinction-Fine[675nm]],N[AOD_Extinction-Fine[870nm]],N[AOD_Extinction-Fine[1020nm]],N[AOD_Extinction-Coarse[440nm]],N[AOD_Extinction-Coarse[675nm]],N[AOD_Extinction-Coarse[870nm]],N[AOD_Extinction-Coarse[1020nm]],N[Extinction_Angstrom_Exponent_440-870nm-Total],Latitude(Degrees),Longitude(Degrees),Elevation(m),Level,Retrieval_Measurement_Scan_Type
Lake_Lefroy,30:01:2020,12:00:00,30,30.000000,0.055400,0.042967,0.038133,0.035967,0.030700,0.016300,0.010100,0.007400,0.024700,0.026667,0.028033,0.028633,0.553351,3,3,3,3,3,3,3,3,3,3,3,3,3,-31.255000,121.705000,300.000000,lev15,Almucantar
Lake_Lefroy,31:01:2020,12:00:00,31,31.000000,0.067300,0.047850,0.039725,0.036175,0.045550,0.024075,0.014600,0.010475,0.021750,0.023750,0.025125,0.025700,0.789819,4,4,4,4,4,4,4,4,4,4,4,4,4,-31.255000,121.705000,300.000000,lev15,Almucantar
Lake_Lefroy,01:02:2020,12:00:00,32,32.000000,0.053025,0.038187,0.032137,0.029475,0.035050,0.018650,0.011512,0.008362,0.017975,0.019525,0.020625,0.021100,0.819956,8,8,8,8,8,8,8,8,8,8,8,8,8,-31.255000,121.705000,300.000000,lev15,Almucantar
Lake_Lefroy,02:02:2020,12:00:00,33,33.000000,0.050675,0.033763,0.026300,0.022975,0.039550,0.021750,0.013688,0.010125,0.011137,0.012025,0.012587,0.012862,1.013400,8,8,8,8,8,8,8,8,8,8,8,8,8,-31.255000,121.705000,300.000000,lev15,Almucantar
Lake_Lefroy,03:02:2020,12:00:00,34,34.000000,0.050725,0.031850,0.023175,0.019275,0.045175,0.026050,0.017050,0.012900,0.005600,0.005800,0.006125,0.006350,1.142788,4,4,4,4,4,4,4,4,4,4,4,4,4,-31.255000,121.705000,300.000000,lev15,Almucantar
Lake_Lefroy,04:02:2020,12:00:00,35,35.000000,0.064075,0.047125,0.039300,0.035613,0.044737,0.025737,0.016350,0.012012,0.019325,0.021413,0.022950,0.023613,0.716268,8,8,8,8,8,8,8,8,8,8,8,8,8,-31.255000,121.705000,300.000000,lev15,Almucantar
Lake_Lefroy,05:02:2020,12:00:00,36,36.000000,0.070950,0.049650,0.040025,0.035650,0.052450,0.029425,0.018350,0.013300,0.018450,0.020225,0.021675,0.022375,0.835840,4,4,4,4,4,4,4,4,4,4,4,4,4,-31.255000,121.705000,300.000000,lev15,Almucantar
Lake_Lefroy,09:02:2020,12:00:00,40,40.000000,0.235300,0.141400,0.100500,0.082700,0.216050,0.121400,0.080150,0.061950,0.019300,0.019950,0.020350,0.020800,1.227704,2,2,2,2,2,2,2,2,2,2,2,2,2,-31.255000,121.705000,300.000000,lev15,Almucantar
Lake_Lefroy,13:02:2020,12:00:00,44,44.000000,0.084825,0.057000,0.044600,0.038975,0.067750,0.037900,0.023800,0.017525,0.017025,0.019100,0.020750,0.021475,0.944240,4,4,4,4,4,4,4,4,4,4,4,4,4,-31.255000,121.705000,300.000000,lev15,Almucantar
Lake_Lefroy,14:02:2020,12:00:00,45,45.000000,0.089250,0.061575,0.049150,0.043475,0.067175,0.036800,0.022775,0.016500,0.022075,0.024775,0.026375,0.027000,0.878062,4,4,4,4,4,4,4,4,4,4,4,4,4,-31.255000,121.705000,300.000000,lev15,Almucantar
Lake_Lefroy,15:02:2020,12:00:00,46,46.000000,0.073800,0.049850,0.039250,0.034400,0.057250,0.031250,0.019250,0.013900,0.016650,0.018600,0.019950,0.020500,0.927810,2,2,2,2,2,2,2,2,2,2,2,2,2,-31.255000,121.705000,300.000000,lev15,Almucantar
Lake_Lefroy,16:02:2020,12:00:00,47,47.000000,0.114571,0.072129,0.053543,0.045686,0.096257,0.051971,0.032043,0.023571,0.018314,0.020157,0.021514,0.022143,1.154595,7,7,7,7,7,7,7,7,7,7,7,7,7,-31.255000,121.705000,300.000000,lev15,Almucantar
Lake_Lefroy,17:02:2020,12:00:00,48,48.000000,0.098575,0.072750,0.059825,0.053500,0.070500,0.041275,0.026275,0.019225,0.028100,0.031500,0.033525,0.034300,0.734154,4,4,4,4,4,4,4,4,4,4,4,4,4,-31.255000,121.705000,300.000000,lev15,Almucantar
Lake_Lefroy,18:02:2020,12:00:00,49,49.000000,0.095933,0.075300,0.065433,0.060733,0.059433,0.035167,0.022800,0.017033,0.036500,0.040133,0.042633,0.043733,0.619056,3,3,3,3,3,3,3,3,3,3,3,3,3,-31.255000,121.705000,300.000000,lev15,Almucantar
Lake_Lefroy,21:02:2020,12:00:00,52,52.000000,0.051450,0.035100,0.026700,0.022900,0.043100,0.026150,0.016950,0.012650,0.008250,0.008950,0.009750,0.010300,0.957237,2,2,2,2,2,2,2,2,2,2,2,2,2,-31.255000,121.705000,300.000000,lev15,Almucantar
Lake_Lefroy,23:02:2020,12:00:00,54,54.000000,0.074050,0.052300,0.042650,0.038200,0.054350,0.030050,0.018750,0.013650,0.019700,0.022250,0.023950,0.024550,0.811890,2,2,2,2,2,2,2,2,2,2,2,2,2,-31.255000,121.705000,300.000000,lev15,Almucantar
Lake_Lefroy,24:02:2020,12:00:00,55,55.000000,0.063250,0.044000,0.036250,0.032650,0.046450,0.024950,0.015550,0.011500,0.016850,0.019100,0.020600,0.021250,0.822284,2,2,2,2,2,2,2,2,2,2,2,2,2,-31.255000,121.705000,300.000000,lev15,Almucantar
Lake_Lefroy,27:02:2020,12:00:00,58,58.000000,0.072187,0.060088,0.055837,0.053988,0.034638,0.019025,0.012113,0.008975,0.037575,0.041050,0.043750,0.044987,0.386084,8,8,8,8,8,8,8,8,8,8,8,8,8,-31.255000,121.705000,300.000000,lev15,Almucantar
Lake_Lefroy,02:03:2020,12:00:00,62,62.000000,0.055275,0.040750,0.033025,0.029450,0.041525,0.025425,0.016525,0.012525,0.013775,0.015350,0.016475,0.016900,0.756336,4,4,4,4,4,4,4,4,4,4,4,4,4,-31.255000,121.705000,300.000000,lev15,Almucantar
Lake_Lefroy,03:03:2020,12:00:00,63,63.000000,0.051967,0.035917,0.026533,0.022283,0.044583,0.028000,0.018267,0.013850,0.007400,0.007917,0.008267,0.008417,1.011479,6,6,6,6,6,6,6,6,6,6,6,6,6,-31.255000,121.705000,300.000000,lev15,Almucantar
Lake_Lefroy,04:03:2020,12:00:00,64,64.000000,0.047550,0.030500,0.021525,0.017400,0.044675,0.027525,0.018450,0.014225,0.002850,0.002975,0.003050,0.003125,1.154739,4,4,4,4,4,4,4,4,4,4,4,4,4,-31.255000,121.705000,300.000000,lev15,Almucantar
Lake_Lefroy,05:03:2020,12:00:00,65,65.000000,0.047900,0.032050,0.023700,0.019750,0.044650,0.028700,0.020250,0.016250,0.003250,0.003350,0.003450,0.003550,1.026279,2,2,2,2,2,2,2,2,2,2,2,2,2,-31.255000,121.705000,300.000000,lev15,Almucantar
Lake_Lefroy,07:03:2020,12:00:00,67,67.000000,0.059775,0.043250,0.035500,0.031875,0.042950,0.024725,0.015800,0.011700,0.016850,0.018525,0.019675,0.020150,0.773960,4,4,4,4,4,4,4,4,4,4,4,4,4,-31.255000,121.705000,300.000000,lev15,Almucantar
Lake_Lefroy,08:03:2020,12:00:00,68,68.000000,0.067840,0.057260,0.052000,0.049240,0.036820,0.022720,0.014880,0.011180,0.031000,0.034560,0.037100,0.038120,0.419531,5,5,5,5,5,5,5,5,5,5,5,5,5,-31.255000,121.705000,300.000000,lev15,Almucantar
Lake_Lefroy,09:03:2020,12:00:00,69,69.000000,0.075800,0.058800,0.052500,0.049800,0.045700,0.025500,0.016300,0.012100,0.030200,0.033400,0.036200,0.037600,0.545982,1,1,1,1,1,1,1,1,1,1,1,1,1,-31.255000,121.705000,300.000000,lev15,Almucantar
Lake_Lefroy,10:03:2020,12:00:00,70,70.000000,0.088633,0.077600,0.073133,0.070867,0.039183,0.022667,0.014550,0.010817,0.049467,0.054967,0.058617,0.060033,0.294888,6,6,6,6,6,6,6,6,6,6,6,6,6,-31.255000,121.705000,300.000000,lev15,Almucantar
Lake_Lefroy,11:03:2020,12:00:00,71,71.000000,0.073617,0.057533,0.050367,0.046983,0.045317,0.026050,0.016717,0.012367,0.028283,0.031483,0.033683,0.034583,0.561546,6,6,6,6,6,6,6,6,6,6,6,6,6,-31.255000,121.705000,300.000000,lev15,Almucantar
Lake_Lefroy,12:03:2020,12:00:00,72,72.000000,0.052367,0.037922,0.031356,0.028289,0.037578,0.021467,0.013644,0.010033,0.014778,0.016456,0.017711,0.018256,0.757796,9,9,9,9,9,9,9,9,9,9,9,9,9,-31.255000,121.705000,300.000000,lev15,Almucantar
Lake_Lefroy,15:03:2020,12:00:00,75,75.000000,0.069450,0.057000,0.051700,0.049100,0.039025,0.022650,0.014775,0.011125,0.030425,0.034350,0.036925,0.037950,0.443741,4,4,4,4,4,4,4,4,4,4,4,4,4,-31.255000,121.705000,300.000000,lev15,Almucantar
Lake_Lefroy,18:03:2020,12:00:00,78,78.000000,0.052117,0.036033,0.028717,0.025450,0.039783,0.022783,0.014650,0.010900,0.012350,0.013250,0.014083,0.014550,0.878143,6,6,6,6,6,6,6,6,6,6,6,6,6,-31.255000,121.705000,300.000000,lev15,Almucantar
Lake_Lefroy,22:03:2020,12:00:00,82,82.000000,0.076300,0.048600,0.036450,0.031050,0.062500,0.033200,0.020000,0.014250,0.013750,0.015400,0.016400,0.016850,1.084036,2,2,2,2,2,2,2,2,2,2,2,2,2,-31.255000,121.705000,300.000000,lev15,Almucantar
Lake_Lefroy,23:03:2020,12:00:00,83,83.000000,0.053400,0.034975,0.027275,0.023975,0.041450,0.021775,0.013125,0.009325,0.011975,0.013250,0.014175,0.014625,0.981601,4,4,4,4,4,4,4,4,4,4,4,4,4,-31.255000,121.705000,300.000000,lev15,Almucantar
Lake_Lefroy,24:03:2020,12:00:00,84,84.000000,0.038750,0.022000,0.014525,0.011350,0.036950,0.020087,0.012525,0.009275,0.001800,0.001900,0.002000,0.002063,1.431477,8,8,8,8,8,8,8,8,8,8,8,8,8,-31.255000,121.705000,300.000000,lev15,Almucantar
Lake_Lefroy,25:03:2020,12:00:00,85,85.000000,0.052367,0.036483,0.029083,0.025683,0.039617,0.022383,0.014050,0.010250,0.012767,0.014117,0.015017,0.015433,0.846779,6,6,6,6,6,6,6,6,6,6,6,6,6,-31.255000,121.705000,300.000000,lev15,Almucantar
Lake_Lefroy,07:04:2020,12:00:00,98,98.000000,0.064400,0.040800,0.030700,0.026300,0.052200,0.027200,0.016200,0.011500,0.012100,0.013600,0.014500,0.014800,1.087920,1,1,1,1,1,1,1,1,1,1,1,1,1,-31.255000,121.705000,300.000000,lev15,Almucantar
Lake_Lefroy,14:04:2020,12:00:00,105,105.000000,0.060200,0.045900,0.039100,0.035900,0.039900,0.023500,0.015000,0.011000,0.020300,0.022400,0.024100,0.024800,0.634998,1,1,1,1,1,1,1,1,1,1,1,1,1,-31.255000,121.705000,300.000000,lev15,Almucantar
Lake_Lefroy,16:04:2020,12:00:00,107,107.000000,0.082675,0.066350,0.058700,0.054950,0.048300,0.028450,0.018375,0.013625,0.034375,0.037900,0.040325,0.041300,0.506339,4,4,4,4,4,4,4,4,4,4,4,4,4,-31.255000,121.705000,300.000000,lev15,Almucantar
Lake_Lefroy,18:04:2020,12:00:00,109,109.000000,0.067100,0.040550,0.029600,0.025000,0.056550,0.028800,0.017000,0.012000,0.010500,0.011750,0.012600,0.013000,1.201593,2,2,2,2,2,2,2,2,2,2,2,2,2,-31.255000,121.705000,300.000000,lev15,Almucantar
Lake_Lefroy,20:04:2020,12:00:00,111,111.000000,0.057830,0.044950,0.038450,0.035260,0.038250,0.023130,0.015010,0.011130,0.019600,0.021850,0.023460,0.024130,0.595789,10,10,10,10,10,10,10,10,10,10,10,10,10,-31.255000,121.705000,300.000000,lev15,Almucantar
Lake_Lefroy,21:04:2020,12:00:00,112,112.000000,0.050645,0.037245,0.031300,0.028564,0.034455,0.019245,0.012064,0.008818,0.016191,0.017973,0.019227,0.019755,0.705279,11,11,11,11,11,11,11,11,11,11,11,11,11,-31.255000,121.705000,300.000000,lev15,Almucantar
Lake_Lefroy,23:04:2020,12:00:00,114,114.000000,0.043463,0.027562,0.020813,0.017862,0.035725,0.019000,0.011650,0.008437,0.007762,0.008563,0.009162,0.009425,1.071868,8,8,8,8,8,8,8,8,8,8,8,8,8,-31.255000,121.705000,300.000000,lev15,Almucantar
Lake_Lefroy,26:04:2020,12:00:00,117,117.000000,0.053800,0.043000,0.038000,0.035500,0.030900,0.018000,0.011500,0.008500,0.022900,0.025000,0.026500,0.027100,0.512934,1,1,1,1,1,1,1,1,1,1,1,1,1,-31.255000,121.705000,300.000000,lev15,Almucantar
Lake_Lefroy,28:04:2020,12:00:00,119,119.000000,0.068140,0.055160,0.048780,0.045660,0.040960,0.024920,0.016300,0.012180,0.027140,0.030220,0.032500,0.033480,0.531867,5,5,5,5,5,5,5,5,5,5,5,5,5,-31.255000,121.705000,300.000000,lev15,Almucantar
Lake_Lefroy,29:04:2020,12:00:00,120,120.000000,0.055680,0.050520,0.047620,0.045860,0.024200,0.015780,0.010700,0.008140,0.031480,0.034740,0.036920,0.037760,0.243417,5,5,5,5,5,5,5,5,5,5,5,5,5,-31.255000,121.705000,300.000000,lev15,Almucantar
Lake_Lefroy,30:04:2020,12:00:00,121,121.000000,0.054000,0.047133,0.043733,0.041900,0.025567,0.015867,0.010583,0.007950,0.028450,0.031267,0.033150,0.033917,0.314858,6,6,6,6,6,6,6,6,6,6,6,6,6,-31.255000,121.705000,300.000000,lev15,Almucantar
Lake_Lefroy,01:05:2020,12:00:00,122,122.000000,0.049290,0.040110,0.035690,0.033510,0.027900,0.016550,0.010710,0.007910,0.021390,0.023560,0.024990,0.025590,0.502707,10,10,10,10,10,10,10,10,10,10,10,10,10,-31.255000,121.705000,300.000000,lev15,Almucantar
Lake_Lefroy,02:05:2020,12:00:00,123,123.000000,0.041112,0.029663,0.024125,0.021550,0.030038,0.017438,0.011113,0.008175,0.011075,0.012238,0.013012,0.013387,0.766721,8,8,8,8,8,8,8,8,8,8,8,8,8,-31.255000,121.705000,300.000000,lev15,Almucantar
Lake_Lefroy,03:05:2020,12:00:00,124,124.000000,0.041188,0.025575,0.018838,0.015863,0.035150,0.018950,0.011675,0.008450,0.006025,0.006625,0.007125,0.007412,1.122358,8,8,8,8,8,8,8,8,8,8,8,8,8,-31.255000,121.705000,300.000000,lev15,Almucantar
Lake_Lefroy,04:05:2020,12:00:00,125,125.000000,0.035740,0.023020,0.017120,0.014460,0.030720,0.017700,0.011440,0.008560,0.005020,0.005300,0.005660,0.005900,1.064043,5,5,5,5,5,5,5,5,5,5,5,5,5,-31.255000,121.705000,300.000000,lev15,Almucantar
Lake_Lefroy,07:05:2020,12:00:00,128,128.000000,0.061622,0.051867,0.046833,0.044200,0.034044,0.021189,0.014078,0.010567,0.027567,0.030667,0.032756,0.033622,0.410384,9,9,9,9,9,9,9,9,9,9,9,9,9,-31.255000,121.705000,300.000000,lev15,Almucantar
Lake_Lefroy,09:05:2020,12:00:00,130,130.000000,0.043588,0.033212,0.028450,0.026175,0.028200,0.016175,0.010275,0.007513,0.015413,0.017025,0.018163,0.018662,0.633630,8,8,8,8,8,8,8,8,8,8,8,8,8,-31.255000,121.705000,300.000000,lev15,Almucantar
Lake_Lefroy,10:05:2020,12:00:00,131,131.000000,0.029450,0.022750,0.018450,0.016200,0.023700,0.016600,0.011850,0.009300,0.005800,0.006150,0.006550,0.006900,0.680859,2,2,2,2,2,2,2,2,2,2,2,2,2,-31.255000,121.705000,300.000000,lev15,Almucantar
Lake_Lefroy,11:05:2020,12:00:00,132,132.000000,0.045000,0.031080,0.024260,0.021020,0.036900,0.022280,0.014700,0.011100,0.008080,0.008780,0.009520,0.009960,0.925576,5,5,5,5,5,5,5,5,5,5,5,5,5,-31.255000,121.705000,300.000000,lev15,Almucantar
Lake_Lefroy,13:05:2020,12:00:00,134,134.000000,0.059200,0.042620,0.034900,0.031340,0.042340,0.023880,0.014920,0.010840,0.016820,0.018740,0.019960,0.020480,0.780999,5,5,5,5,5,5,5,5,5,5,5,5,5,-31.255000,121.705000,300.000000,lev15,Almucantar
Lake_Lefroy,14:05:2020,12:00:00,135,135.000000,0.063670,0.039040,0.028150,0.023350,0.056040,0.030880,0.019430,0.014320,0.007620,0.008150,0.008720,0.009030,1.178991,10,10,10,10,10,10,10,10,10,10,10,10,10,-31.255000,121.705000,300.000000,lev15,Almucantar
Lake_Lefroy,15:05:2020,12:00:00,136,136.000000,0.045309,0.027418,0.019782,0.016455,0.039882,0.021627,0.013600,0.010064,0.005418,0.005791,0.006182,0.006400,1.202748,11,11,11,11,11,11,11,11,11,11,11,11,11,-31.255000,121.705000,300.000000,lev15,Almucantar
Lake_Lefroy,16:05:2020,12:00:00,137,137.000000,0.078238,0.056875,0.048587,0.044987,0.050238,0.026112,0.015925,0.011450,0.028025,0.030763,0.032688,0.033500,0.692519,8,8,8,8,8,8,8,8,8,8,8,8,8,-31.255000,121.705000,300.000000,lev15,Almucantar
Lake_Lefroy,18:05:2020,12:00:00,139,139.000000,0.051900,0.035520,0.027720,0.024080,0.041820,0.024400,0.015860,0.011920,0.010060,0.011100,0.011820,0.012120,0.984127,5,5,5,5,5,5,5,5,5,5,5,5,5,-31.255000,121.705000,300.000000,lev15,Almucantar
Lake_Lefroy,19:05:2020,12:00:00,140,140.000000,0.048857,0.036886,0.031057,0.028257,0.032671,0.019086,0.012243,0.009014,0.016171,0.017814,0.018843,0.019243,0.688563,7,7,7,7,7,7,7,7,7,7,7,7,7,-31.255000,121.705000,300.000000,lev15,Almucantar
Lake_Lefroy,21:05:2020,12:00:00,142,142.000000,0.050800,0.038733,0.032833,0.030000,0.032900,0.019100,0.012067,0.008833,0.017867,0.019633,0.020700,0.021133,0.638604,3,3,3,3,3,3,3,3,3,3,3,3,3,-31.255000,121.705000,300.000000,lev15,Almucantar
Lake_Lefroy,22:05:2020,12:00:00,143,143.000000,0.038338,0.023350,0.016812,0.013962,0.033900,0.018650,0.011788,0.008725,0.004438,0.004700,0.005050,0.005225,1.203544,8,8,8,8,8,8,8,8,8,8,8,8,8,-31.255000,121.705000,300.000000,lev15,Almucantar
Lake_Lefroy,23:05:2020,12:00:00,144,144.000000,0.034464,0.021891,0.016255,0.013709,0.029300,0.016264,0.010218,0.007473,0.005155,0.005627,0.006027,0.006236,1.084517,11,11,11,11,11,11,11,11,11,11,11,11,11,-31.255000,121.705000,300.000000,lev15,Almucantar
Lake_Lefroy,25:05:2020,12:00:00,146,146.000000,0.061325,0.054050,0.050500,0.048600,0.028325,0.017475,0.011600,0.008725,0.033000,0.036575,0.038900,0.039900,0.333926,4,4,4,4,4,4,4,4,4,4,4,4,4,-31.255000,121.705000,300.000000,lev15,Almucantar
Lake_Lefroy,26:05:2020,12:00:00,147,147.000000,0.053533,0.047367,0.043633,0.041450,0.026433,0.016883,0.011217,0.008400,0.027067,0.030517,0.032417,0.033033,0.302118,6,6,6,6,6,6,6,6,6,6,6,6,6,-31.255000,121.705000,300.000000,lev15,Almucantar
Lake_Lefroy,28:05:2020,12:00:00,149,149.000000,0.032313,0.021475,0.016350,0.014025,0.026613,0.015312,0.009800,0.007300,0.005687,0.006175,0.006550,0.006725,0.993293,8,8,8,8,8,8,8,8,8,8,8,8,8,-31.255000,121.705000,300.000000,lev15,Almucantar
Lake_Lefroy,29:05:2020,12:00:00,150,150.000000,0.032927,0.021755,0.016645,0.014327,0.026709,0.014945,0.009418,0.006882,0.006227,0.006809,0.007245,0.007427,0.992578,11,11,11,11,11,11,11,11,11,11,11,11,11,-31.255000,121.705000,300.000000,lev15,Almucantar
Lake_Lefroy,30:05:2020,12:00:00,151,151.000000,0.058320,0.048980,0.043160,0.040120,0.033320,0.021180,0.013700,0.010100,0.025000,0.027840,0.029500,0.030020,0.439023,5,5,5,5,5,5,5,5,5,5,5,5,5,-31.255000,121.705000,300.000000,lev15,Almucantar
Lake_Lefroy,01:06:2020,12:00:00,153,153.000000,0.051340,0.040480,0.035460,0.033040,0.031060,0.018060,0.011700,0.008720,0.020300,0.022420,0.023760,0.024300,0.568410,5,5,5,5,5,5,5,5,5,5,5,5,5,-31.255000,121.705000,300.000000,lev15,Almucantar
Lake_Lefroy,02:06:2020,12:00:00,154,154.000000,0.036900,0.026700,0.021300,0.018667,0.028667,0.017767,0.011800,0.008900,0.008200,0.008900,0.009467,0.009767,0.796989,3,3,3,3,3,3,3,3,3,3,3,3,3,-31.255000,121.705000,300.000000,lev15,Almucantar
Lake_Lefroy,03:06:2020,12:00:00,155,155.000000,0.027400,0.020300,0.016200,0.014100,0.023600,0.016400,0.012100,0.009900,0.003800,0.004000,0.004100,0.004200,0.766012,1,1,1,1,1,1,1,1,1,1,1,1,1,-31.255000,121.705000,300.000000,lev15,Almucantar
Lake_Lefroy,05:06:2020,12:00:00,157,157.000000,0.032783,0.020583,0.015150,0.012700,0.029100,0.016617,0.010867,0.008217,0.003717,0.003950,0.004283,0.004467,1.115890,6,6,6,6,6,6,6,6,6,6,6,6,6,-31.255000,121.705000,300.000000,lev15,Almucantar
Lake_Lefroy,08:06:2020,12:00:00,160,160.000000,0.036960,0.023760,0.017130,0.014070,0.033370,0.019890,0.013000,0.009770,0.003610,0.003870,0.004130,0.004310,1.112966,10,10,10,10,10,10,10,10,10,10,10,10,10,-31.255000,121.705000,300.000000,lev15,Almucantar
Lake_Lefroy,09:06:2020,12:00:00,161,161.000000,0.029800,0.019300,0.013650,0.011050,0.027750,0.017150,0.011400,0.008700,0.002050,0.002200,0.002300,0.002350,1.135188,2,2,2,2,2,2,2,2,2,2,2,2,2,-31.255000,121.705000,300.000000,lev15,Almucantar
Lake_Lefroy,10:06:2020,12:00:00,162,162.000000,0.035600,0.022700,0.017400,0.015200,0.028100,0.014600,0.008700,0.006100,0.007500,0.008100,0.008800,0.009100,1.053386,1,1,1,1,1,1,1,1,1,1,1,1,1,-31.255000,121.705000,300.000000,lev15,Almucantar
Lake_Lefroy,13:06:2020,12:00:00,165,165.000000,0.058900,0.047540,0.040540,0.037020,0.036180,0.022420,0.014140,0.010240,0.022740,0.025120,0.026380,0.026780,0.545507,5,5,5,5,5,5,5,5,5,5,5,5,5,-31.255000,121.705000,300.000000,lev15,Almucantar
Lake_Lefroy,14:06:2020,12:00:00,166,166.000000,0.060500,0.043260,0.033920,0.029520,0.045160,0.026460,0.016280,0.011680,0.015340,0.016760,0.017620,0.017860,0.845429,5,5,5,5,5,5,5,5,5,5,5,5,5,-31.255000,121.705000,300.000000,lev15,Almucantar
Lake_Lefroy,15:06:2020,12:00:00,167,167.000000,0.059833,0.044500,0.037067,0.033567,0.038900,0.021300,0.012900,0.009167,0.020933,0.023167,0.024167,0.024400,0.702988,3,3,3,3,3,3,3,3,3,3,3,3,3,-31.255000,121.705000,300.000000,lev15,Almucantar
Lake_Lefroy,16:06:2020,12:00:00,168,168.000000,0.041600,0.025700,0.019250,0.016433,0.034083,0.017283,0.010250,0.007283,0.007517,0.008433,0.009000,0.009167,1.137502,6,6,6,6,6,6,6,6,6,6,6,6,6,-31.255000,121.705000,300.000000,lev15,Almucantar
Lake_Lefroy,17:06:2020,12:00:00,169,169.000000,0.050600,0.037867,0.032567,0.030167,0.031133,0.016833,0.010433,0.007567,0.019467,0.021033,0.022133,0.022567,0.651477,3,3,3,3,3,3,3,3,3,3,3,3,3,-31.255000,121.705000,300.000000,lev15,Almucantar
Lake_Lefroy,18:06:2020,12:00:00,170,170.000000,0.046200,0.037900,0.034700,0.033100,0.024900,0.014100,0.009200,0.006800,0.021300,0.023800,0.025500,0.026200,0.425532,1,1,1,1,1,1,1,1,1,1,1,1,1,-31.255000,121.705000,300.000000,lev15,Almucantar
Lake_Lefroy,19:06:2020,12:00:00,171,171.000000,0.030556,0.023844,0.020667,0.019156,0.018933,0.010944,0.006989,0.005144,0.011622,0.012889,0.013689,0.014011,0.596928,9,9,9,9,9,9,9,9,9,9,9,9,9,-31.255000,121.705000,300.000000,lev15,Almucantar
Lake_Lefroy,20:06:2020,12:00:00,172,172.000000,0.026873,0.017564,0.013400,0.011555,0.021673,0.011945,0.007482,0.005436,0.005200,0.005609,0.005927,0.006082,1.022025,11,11,11,11,11,11,11,11,11,11,11,11,11,-31.255000,121.705000,300.000000,lev15,Almucantar
Lake_Lefroy,21:06:2020,12:00:00,173,173.000000,0.025691,0.015682,0.011091,0.009027,0.023336,0.013173,0.008427,0.006245,0.002355,0.002491,0.002664,0.002764,1.215122,11,11,11,11,11,11,11,11,11,11,11,11,11,-31.255000,121.705000,300.000000,lev15,Almucantar
Lake_Lefroy,22:06:2020,12:00:00,174,174.000000,0.025864,0.016355,0.011891,0.009873,0.022936,0.013264,0.008609,0.006436,0.002918,0.003091,0.003300,0.003455,1.119018,11,11,11,11,11,11,11,11,11,11,11,11,11,-31.255000,121.705000,300.000000,lev15,Almucantar
Lake_Lefroy,23:06:2020,12:00:00,175,175.000000,0.053525,0.047600,0.044125,0.042125,0.025100,0.015925,0.010500,0.007775,0.028450,0.031700,0.033650,0.034350,0.287808,4,4,4,4,4,4,4,4,4,4,4,4,4,-31.255000,121.705000,300.000000,lev15,Almucantar
Lake_Lefroy,24:06:2020,12:00:00,176,176.000000,0.056373,0.045445,0.040082,0.037391,0.033309,0.019582,0.012482,0.009173,0.023073,0.025882,0.027600,0.028218,0.535442,11,11,11,11,11,11,11,11,11,11,11,11,11,-31.255000,121.705000,300.000000,lev15,Almucantar
Lake_Lefroy,28:08:2020,12:00:00,241,241.000000,0.053529,0.031057,0.022386,0.018814,0.044971,0.021786,0.012671,0.008900,0.008571,0.009243,0.009729,0.009929,1.278598,7,7,7,7,7,7,7,7,7,7,7,7,7,-31.255000,121.705000,300.000000,lev15,Almucantar
Lake_Lefroy,29:08:2020,12:00:00,242,242.000000,0.085250,0.052025,0.038617,0.032958,0.070108,0.035158,0.020642,0.014558,0.015158,0.016867,0.017975,0.018425,1.162575,12,12,12,12,12,12,12,12,12,12,12,12,12,-31.255000,121.705000,300.000000,lev15,Almucantar
Lake_Lefroy,30:08:2020,12:00:00,243,243.000000,0.060440,0.042000,0.034060,0.030510,0.044060,0.023770,0.014560,0.010470,0.016400,0.018190,0.019500,0.020040,0.896684,10,10,10,10,10,10,10,10,10,10,10,10,10,-31.255000,121.705000,300.000000,lev15,Almucantar
Lake_Lefroy,31:08:2020,12:00:00,244,244.000000,0.070225,0.043708,0.033025,0.028450,0.057142,0.029092,0.017267,0.012208,0.013125,0.014642,0.015758,0.016250,1.106447,12,12,12,12,12,12,12,12,12,12,12,12,12,-31.255000,121.705000,300.000000,lev15,Almucantar
Lake_Lefroy,01:09:2020,12:00:00,245,245.000000,0.037050,0.024400,0.019350,0.017250,0.027400,0.013800,0.008150,0.005700,0.009650,0.010600,0.011200,0.011500,0.958074,2,2,2,2,2,2,2,2,2,2,2,2,2,-31.255000,121.705000,300.000000,lev15,Almucantar
Lake_Lefroy,03:09:2020,12:00:00,247,247.000000,0.142900,0.091083,0.070467,0.061700,0.111917,0.057017,0.034050,0.024233,0.031000,0.034083,0.036400,0.037500,1.066739,6,6,6,6,6,6,6,6,6,6,6,6,6,-31.255000,121.705000,300.000000,lev15,Almucantar
Lake_Lefroy,04:09:2020,12:00:00,248,248.000000,0.130325,0.076725,0.056250,0.047875,0.108025,0.052100,0.029975,0.020900,0.022275,0.024625,0.026250,0.027000,1.235872,4,4,4,4,4,4,4,4,4,4,4,4,4,-31.255000,121.705000,300.000000,lev15,Almucantar
Lake_Lefroy,05:09:2020,12:00:00,249,249.000000,0.082950,0.045450,0.030425,0.024238,0.076012,0.038012,0.022475,0.015963,0.006937,0.007425,0.007975,0.008275,1.441025,8,8,8,8,8,8,8,8,8,8,8,8,8,-31.255000,121.705000,300.000000,lev15,Almucantar
Lake_Lefroy,06:09:2020,12:00:00,250,250.000000,0.068200,0.036200,0.023500,0.018400,0.063900,0.031800,0.018800,0.013400,0.004300,0.004400,0.004700,0.004900,1.559057,1,1,1,1,1,1,1,1,1,1,1,1,1,-31.255000,121.705000,300.000000,lev15,Almucantar
Lake_Lefroy,08:09:2020,12:00:00,252,252.000000,0.069690,0.052760,0.045000,0.041270,0.046220,0.026350,0.016750,0.012290,0.023490,0.026420,0.028270,0.028970,0.657205,10,10,10,10,10,10,10,10,10,10,10,10,10,-31.255000,121.705000,300.000000,lev15,Almucantar
Lake_Lefroy,09:09:2020,12:00:00,253,253.000000,0.066760,0.037540,0.025820,0.020920,0.060280,0.030580,0.018360,0.013160,0.006460,0.006960,0.007480,0.007780,1.397703,5,5,5,5,5,5,5,5,5,5,5,5,5,-31.255000,121.705000,300.000000,lev15,Almucantar
Lake_Lefroy,13:09:2020,12:00:00,257,257.000000,0.055600,0.033333,0.024067,0.020100,0.048333,0.025433,0.015600,0.011300,0.007267,0.007867,0.008467,0.008800,1.249234,3,3,3,3,3,3,3,3,3,3,3,3,3,-31.255000,121.705000,300.000000,lev15,Almucantar
Lake_Lefroy,07:11:2020,12:00:00,312,312.000000,0.076300,0.059775,0.053900,0.051225,0.043100,0.023175,0.014825,0.010950,0.033250,0.036600,0.039100,0.040300,0.516932,4,4,4,4,4,4,4,4,4,4,4,4,4,-31.255000,121.705000,300.000000,lev15,Almucantar
Lake_Lefroy,08:11:2020,12:00:00,313,313.000000,0.084400,0.054157,0.041429,0.035700,0.068086,0.036100,0.022014,0.015671,0.016314,0.018100,0.019429,0.020029,1.047159,7,7,7,7,7,7,7,7,7,7,7,7,7,-31.255000,121.705000,300.000000,lev15,Almucantar
Lake_Lefroy,09:11:2020,12:00:00,314,314.000000,0.068111,0.049167,0.041344,0.037811,0.046167,0.025178,0.015744,0.011400,0.021944,0.023967,0.025600,0.026433,0.738246,9,9,9,9,9,9,9,9,9,9,9,9,9,-31.255000,121.705000,300.000000,lev15,Almucantar
Lake_Lefroy,12:11:2020,12:00:00,317,317.000000,0.054488,0.036375,0.028975,0.025662,0.041100,0.021800,0.013462,0.009700,0.013400,0.014562,0.015500,0.015963,0.933880,8,8,8,8,8,8,8,8,8,8,8,8,8,-31.255000,121.705000,300.000000,lev15,Almucantar
Lake_Lefroy,13:11:2020,12:00:00,318,318.000000,0.057287,0.032325,0.022925,0.018863,0.050200,0.024762,0.014975,0.010688,0.007075,0.007562,0.007963,0.008175,1.352086,8,8,8,8,8,8,8,8,8,8,8,8,8,-31.255000,121.705000,300.000000,lev15,Almucantar
Lake_Lefroy,14:11:2020,12:00:00,319,319.000000,0.054100,0.029850,0.020700,0.016900,0.047450,0.022550,0.012950,0.009000,0.006700,0.007250,0.007700,0.007900,1.473313,2,2,2,2,2,2,2,2,2,2,2,2,2,-31.255000,121.705000,300.000000,lev15,Almucantar
Lake_Lefroy,15:11:2020,12:00:00,320,320.000000,0.054650,0.040300,0.034100,0.031250,0.036900,0.020600,0.013050,0.009600,0.017700,0.019700,0.021050,0.021650,0.698473,2,2,2,2,2,2,2,2,2,2,2,2,2,-31.255000,121.705000,300.000000,lev15,Almucantar
Lake_Lefroy,16:11:2020,12:00:00,321,321.000000,0.052840,0.034270,0.026510,0.023050,0.041640,0.022170,0.013640,0.009810,0.011170,0.012120,0.012860,0.013220,1.014274,10,10,10,10,10,10,10,10,10,10,10,10,10,-31.255000,121.705000,300.000000,lev15,Almucantar
Lake_Lefroy,18:11:2020,12:00:00,323,323.000000,0.055300,0.035913,0.027838,0.024275,0.043788,0.023263,0.014188,0.010125,0.011500,0.012663,0.013650,0.014138,1.011329,8,8,8,8,8,8,8,8,8,8,8,8,8,-31.255000,121.705000,300.000000,lev15,Almucantar
Lake_Lefroy,19:11:2020,12:00:00,324,324.000000,0.058940,0.037120,0.028360,0.024540,0.047300,0.024280,0.014540,0.010280,0.011660,0.012860,0.013820,0.014220,1.067992,5,5,5,5,5,5,5,5,5,5,5,5,5,-31.255000,121.705000,300.000000,lev15,Almucantar
Lake_Lefroy,20:11:2020,12:00:00,325,325.000000,0.067150,0.046300,0.037867,0.034133,0.048000,0.025450,0.015617,0.011167,0.019133,0.020850,0.022233,0.022917,0.845047,6,6,6,6,6,6,6,6,6,6,6,6,6,-31.255000,121.705000,300.000000,lev15,Almucantar
Lake_Lefroy,21:11:2020,12:00:00,326,326.000000,0.069633,0.048967,0.041233,0.037900,0.046517,0.023817,0.014400,0.010267,0.023133,0.025200,0.026833,0.027617,0.795249,6,6,6,6,6,6,6,6,6,6,6,6,6,-31.255000,121.705000,300.000000,lev15,Almucantar
Lake_Lefroy,22:11:2020,12:00:00,327,327.000000,0.047683,0.030300,0.022667,0.019233,0.040050,0.022167,0.013983,0.010233,0.007633,0.008133,0.008683,0.009000,1.180751,6,6,6,6,6,6,6,6,6,6,6,6,6,-31.255000,121.705000,300.000000,lev15,Almucantar
Lake_Lefroy,23:11:2020,12:00:00,328,328.000000,0.043570,0.025720,0.018570,0.015480,0.037680,0.019320,0.011730,0.008430,0.005890,0.006390,0.006830,0.007040,1.304220,10,10,10,10,10,10,10,10,10,10,10,10,10,-31.255000,121.705000,300.000000,lev15,Almucantar
Lake_Lefroy,24:11:2020,12:00:00,329,329.000000,0.047820,0.029450,0.021880,0.018570,0.040150,0.021230,0.013200,0.009600,0.007670,0.008190,0.008690,0.008960,1.156225,10,10,10,10,10,10,10,10,10,10,10,10,10,-31.255000,121.705000,300.000000,lev15,Almucantar
Lake_Lefroy,25:11:2020,12:00:00,330,330.000000,0.095500,0.066400,0.055250,0.050500,0.065700,0.034200,0.020800,0.014850,0.029850,0.032200,0.034450,0.035650,0.813344,2,2,2,2,2,2,2,2,2,2,2,2,2,-31.255000,121.705000,300.000000,lev15,Almucantar
Lake_Lefroy,26:11:2020,12:00:00,331,331.000000,0.097700,0.080050,0.073680,0.070660,0.050420,0.028090,0.018120,0.013410,0.047280,0.051980,0.055550,0.057260,0.435815,10,10,10,10,10,10,10,10,10,10,10,10,10,-31.255000,121.705000,300.000000,lev15,Almucantar
Lake_Lefroy,27:11:2020,12:00:00,332,332.000000,0.089980,0.062760,0.053300,0.048960,0.061360,0.031280,0.019700,0.014260,0.028620,0.031480,0.033580,0.034700,0.780990,5,5,5,5,5,5,5,5,5,5,5,5,5,-31.255000,121.705000,300.000000,lev15,Almucantar
Lake_Lefroy,28:11:2020,12:00:00,333,333.000000,0.047133,0.033078,0.027900,0.025644,0.031711,0.016378,0.010167,0.007467,0.015422,0.016711,0.017722,0.018200,0.990293,9,9,9,9,9,9,9,9,9,9,9,9,9,-31.255000,121.705000,300.000000,lev15,Almucantar
Lake_Lefroy,29:11:2020,12:00:00,334,334.000000,0.052350,0.043100,0.040150,0.038850,0.025450,0.013700,0.008800,0.006550,0.026900,0.029400,0.031400,0.032350,0.397698,2,2,2,2,2,2,2,2,2,2,2,2,2,-31.255000,121.705000,300.000000,lev15,Almucantar
Lake_Lefroy,30:11:2020,12:00:00,335,335.000000,0.044817,0.031183,0.025617,0.023117,0.031550,0.016850,0.010400,0.007500,0.013283,0.014333,0.015200,0.015600,0.928928,6,6,6,6,6,6,6,6,6,6,6,6,6,-31.255000,121.705000,300.000000,lev15,Almucantar
Lake_Lefroy,01:12:2020,12:00:00,336,336.000000,0.043863,0.032500,0.027650,0.025388,0.029275,0.016550,0.010600,0.007813,0.014587,0.015963,0.017075,0.017563,0.714798,8,8,8,8,8,8,8,8,8,8,8,8,8,-31.255000,121.705000,300.000000,lev15,Almucantar
Lake_Lefroy,02:12:2020,12:00:00,337,337.000000,0.047375,0.034938,0.029400,0.026838,0.032175,0.018312,0.011637,0.008475,0.015188,0.016637,0.017800,0.018363,0.710787,8,8,8,8,8,8,8,8,8,8,8,8,8,-31.255000,121.705000,300.000000,lev15,Almucantar
Lake_Lefroy,03:12:2020,12:00:00,338,338.000000,0.062325,0.046925,0.039900,0.036625,0.040725,0.023425,0.014900,0.010850,0.021625,0.023450,0.025000,0.025775,0.679317,4,4,4,4,4,4,4,4,4,4,4,4,4,-31.255000,121.705000,300.000000,lev15,Almucantar
Lake_Lefroy,04:12:2020,12:00:00,339,339.000000,0.057000,0.042129,0.036400,0.033814,0.035114,0.018600,0.011586,0.008414,0.021900,0.023543,0.024800,0.025443,0.802620,7,7,7,7,7,7,7,7,7,7,7,7,7,-31.255000,121.705000,300.000000,lev15,Almucantar
Lake_Lefroy,05:12:2020,12:00:00,340,340.000000,0.048288,0.035650,0.030113,0.027550,0.032725,0.018575,0.011775,0.008587,0.015550,0.017075,0.018337,0.018963,0.696326,8,8,8,8,8,8,8,8,8,8,8,8,8,-31.255000,121.705000,300.000000,lev15,Almucantar
Lake_Lefroy,11:01:2021,12:00:00,11,11.000000,0.050640,0.033680,0.026660,0.023540,0.039300,0.021180,0.013100,0.009440,0.011360,0.012500,0.013560,0.014100,0.946726,5,5,5,5,5,5,5,5,5,5,5,5,5,-31.255000,121.705000,300.000000,lev15,Almucantar
Lake_Lefroy,12:01:2021,12:00:00,12,12.000000,0.078650,0.068700,0.065300,0.063550,0.037450,0.023250,0.015850,0.012100,0.041250,0.045500,0.049450,0.051500,0.277502,2,2,2,2,2,2,2,2,2,2,2,2,2,-31.255000,121.705000,300.000000,lev15,Almucantar
Lake_Lefroy,13:01:2021,12:00:00,13,13.000000,0.118533,0.101633,0.097000,0.094667,0.053967,0.029633,0.019467,0.014667,0.064633,0.071967,0.077567,0.080067,0.303372,3,3,3,3,3,3,3,3,3,3,3,3,3,-31.255000,121.705000,300.000000,lev15,Almucantar
Lake_Lefroy,15:01:2021,12:00:00,15,15.000000,0.071350,0.054100,0.048400,0.046000,0.044100,0.024200,0.015750,0.011900,0.027300,0.029900,0.032600,0.034100,0.581205,2,2,2,2,2,2,2,2,2,2,2,2,2,-31.255000,121.705000,300.000000,lev15,Almucantar
Lake_Lefroy,16:01:2021,12:00:00,16,16.000000,0.053950,0.038250,0.031200,0.027900,0.039800,0.022700,0.014350,0.010450,0.014150,0.015550,0.016850,0.017500,0.810716,2,2,2,2,2,2,2,2,2,2,2,2,2,-31.255000,121.705000,300.000000,lev15,Almucantar
Lake_Lefroy,17:01:2021,12:00:00,17,17.000000,0.044550,0.028150,0.021150,0.018000,0.037700,0.020800,0.013200,0.009650,0.006850,0.007350,0.008000,0.008350,1.094284,2,2,2,2,2,2,2,2,2,2,2,2,2,-31.255000,121.705000,300.000000,lev15,Almucantar
Lake_Lefroy,21:01:2021,12:00:00,21,21.000000,0.071500,0.048857,0.039714,0.035714,0.052257,0.027929,0.017257,0.012400,0.019243,0.020957,0.022500,0.023300,0.869382,7,7,7,7,7,7,7,7,7,7,7,7,7,-31.255000,121.705000,300.000000,lev15,Almucantar
Lake_Lefroy,22:01:2021,12:00:00,22,22.000000,0.081140,0.056920,0.047120,0.042780,0.058120,0.031800,0.019960,0.014500,0.022980,0.025100,0.027180,0.028320,0.801514,5,5,5,5,5,5,5,5,5,5,5,5,5,-31.255000,121.705000,300.000000,lev15,Almucantar
Lake_Lefroy,23:01:2021,12:00:00,23,23.000000,0.420700,0.222900,0.148200,0.114900,0.408900,0.210500,0.135600,0.102100,0.011900,0.012300,0.012600,0.012800,1.533337,1,1,1,1,1,1,1,1,1,1,1,1,1,-31.255000,121.705000,300.000000,lev15,Almucantar
Lake_Lefroy,24:01:2021,12:00:00,24,24.000000,0.077040,0.051700,0.042320,0.038380,0.055540,0.028400,0.017280,0.012420,0.021500,0.023320,0.025020,0.025980,0.888160,5,5,5,5,5,5,5,5,5,5,5,5,5,-31.255000,121.705000,300.000000,lev15,Almucantar
Lake_Lefroy,27:01:2021,12:00:00,27,27.000000,0.097133,0.060067,0.047500,0.042033,0.074750,0.035517,0.021217,0.014817,0.022367,0.024517,0.026267,0.027233,1.037696,6,6,6,6,6,6,6,6,6,6,6,6,6,-31.255000,121.705000,300.000000,lev15,Almucantar
Lake_Lefroy,28:01:2021,12:00:00,28,28.000000,0.069500,0.045567,0.037433,0.033967,0.050633,0.024833,0.015167,0.010867,0.018900,0.020700,0.022267,0.023133,0.920685,3,3,3,3,3,3,3,3,3,3,3,3,3,-31.255000,121.705000,300.000000,lev15,Almucantar
Lake_Lefroy,31:01:2021,12:00:00,31,31.000000,0.063300,0.042300,0.034300,0.030900,0.046800,0.023900,0.014500,0.010400,0.016500,0.018400,0.019800,0.020500,0.907786,1,1,1,1,1,1,1,1,1,1,1,1,1,-31.255000,121.705000,300.000000,lev15,Almucantar
Lake_Lefroy,04:02:2021,12:00:00,35,35.000000,0.057033,0.047333,0.043967,0.042333,0.028567,0.016200,0.010733,0.008067,0.028467,0.031167,0.033267,0.034267,0.390102,3,3,3,3,3,3,3,3,3,3,3,3,3,-31.255000,121.705000,300.000000,lev15,Almucantar
Lake_Lefroy,05:02:2021,12:00:00,36,36.000000,0.039950,0.032475,0.029600,0.028200,0.021300,0.011925,0.007725,0.005800,0.018650,0.020550,0.021875,0.022425,0.438496,4,4,4,4,4,4,4,4,4,4,4,4,4,-31.255000,121.705000,300.000000,lev15,Almucantar
Lake_Lefroy,07:02:2021,12:00:00,38,38.000000,0.051800,0.039700,0.036200,0.034300,0.030200,0.015600,0.010300,0.007600,0.021500,0.024100,0.025900,0.026700,0.538227,1,1,1,1,1,1,1,1,1,1,1,1,1,-31.255000,121.705000,300.000000,lev15,Almucantar
Lake_Lefroy,26:02:2021,12:00:00,57,57.000000,0.061200,0.046150,0.040200,0.037500,0.037900,0.020750,0.013100,0.009550,0.023300,0.025400,0.027050,0.027950,0.630589,2,2,2,2,2,2,2,2,2,2,2,2,2,-31.255000,121.705000,300.000000,lev15,Almucantar
Lake_Lefroy,27:02:2021,12:00:00,58,58.000000,0.061850,0.044525,0.037950,0.034975,0.040975,0.021525,0.013325,0.009675,0.020900,0.022975,0.024550,0.025325,0.723385,4,4,4,4,4,4,4,4,4,4,4,4,4,-31.255000,121.705000,300.000000,lev15,Almucantar
Lake_Lefroy,02:03:2021,12:00:00,61,61.000000,0.086300,0.072700,0.067400,0.064800,0.044500,0.026100,0.017400,0.013200,0.041900,0.046500,0.050000,0.051600,0.368362,1,1,1,1,1,1,1,1,1,1,1,1,1,-31.255000,121.705000,300.000000,lev15,Almucantar
Lake_Lefroy,06:03:2021,12:00:00,65,65.000000,0.059720,0.038760,0.031360,0.028240,0.046200,0.024020,0.015360,0.011620,0.013540,0.014760,0.015980,0.016660,0.943222,5,5,5,5,5,5,5,5,5,5,5,5,5,-31.255000,121.705000,300.000000,lev15,Almucantar
Lake_Lefroy,07:03:2021,12:00:00,66,66.000000,0.032900,0.016150,0.010375,0.008000,0.031025,0.014175,0.008225,0.005750,0.001850,0.002000,0.002175,0.002225,1.692015,4,4,4,4,4,4,4,4,4,4,4,4,4,-31.255000,121.705000,300.000000,lev15,Almucantar
Lake_Lefroy,09:03:2021,12:00:00,68,68.000000,0.037440,0.027180,0.022980,0.021040,0.025920,0.014540,0.009320,0.006940,0.011520,0.012640,0.013660,0.014140,0.718606,5,5,5,5,5,5,5,5,5,5,5,5,5,-31.255000,121.705000,300.000000,lev15,Almucantar
Lake_Lefroy,11:03:2021,12:00:00,70,70.000000,0.044500,0.028200,0.021600,0.018800,0.035500,0.018200,0.010900,0.007700,0.009100,0.010000,0.010700,0.011000,1.066147,1,1,1,1,1,1,1,1,1,1,1,1,1,-31.255000,121.705000,300.000000,lev15,Almucantar
Lake_Lefroy,13:03:2021,12:00:00,72,72.000000,0.063833,0.053467,0.049517,0.047533,0.032633,0.019267,0.012917,0.009883,0.031200,0.034217,0.036617,0.037683,0.371200,6,6,6,6,6,6,6,6,6,6,6,6,6,-31.255000,121.705000,300.000000,lev15,Almucantar
Lake_Lefroy,14:03:2021,12:00:00,73,73.000000,0.043827,0.033955,0.030382,0.028736,0.024891,0.013273,0.008364,0.006136,0.018927,0.020673,0.022000,0.022609,0.600355,11,11,11,11,11,11,11,11,11,11,11,11,11,-31.255000,121.705000,300.000000,lev15,Almucantar
Lake_Lefroy,15:03:2021,12:00:00,74,74.000000,0.038920,0.027890,0.023450,0.021490,0.026160,0.014020,0.008680,0.006280,0.012760,0.013870,0.014770,0.015210,0.760043,10,10,10,10,10,10,10,10,10,10,10,10,10,-31.255000,121.705000,300.000000,lev15,Almucantar
Lake_Lefroy,16:03:2021,12:00:00,75,75.000000,0.038467,0.025983,0.020600,0.018183,0.029333,0.015950,0.009850,0.007067,0.009133,0.010017,0.010767,0.011133,0.913497,6,6,6,6,6,6,6,6,6,6,6,6,6,-31.255000,121.705000,300.000000,lev15,Almucantar
Lake_Lefroy,17:03:2021,12:00:00,76,76.000000,0.030800,0.019075,0.014225,0.012100,0.025775,0.013675,0.008475,0.006125,0.005050,0.005400,0.005750,0.006000,1.122053,4,4,4,4,4,4,4,4,4,4,4,4,4,-31.255000,121.705000,300.000000,lev15,Almucantar
Lake_Lefroy,18:03:2021,12:00:00,77,77.000000,0.034033,0.020617,0.015200,0.012867,0.028692,0.014883,0.009092,0.006558,0.005325,0.005717,0.006092,0.006300,1.165631,12,12,12,12,12,12,12,12,12,12,12,12,12,-31.255000,121.705000,300.000000,lev15,Almucantar
Lake_Lefroy,19:03:2021,12:00:00,78,78.000000,0.039167,0.025667,0.020242,0.017875,0.030142,0.015750,0.009608,0.006883,0.009017,0.009900,0.010642,0.010983,0.966281,12,12,12,12,12,12,12,12,12,12,12,12,12,-31.255000,121.705000,300.000000,lev15,Almucantar
Lake_Lefroy,20:03:2021,12:00:00,79,79.000000,0.060945,0.042527,0.035364,0.032218,0.043218,0.022982,0.014273,0.010364,0.017736,0.019555,0.021091,0.021845,0.817760,11,11,11,11,11,11,11,11,11,11,11,11,11,-31.255000,121.705000,300.000000,lev15,Almucantar
Lake_Lefroy,21:03:2021,12:00:00,80,80.000000,0.054418,0.035636,0.028845,0.025982,0.040191,0.019945,0.011991,0.008582,0.014227,0.015691,0.016827,0.017391,0.946869,11,11,11,11,11,11,11,11,11,11,11,11,11,-31.255000,121.705000,300.000000,lev15,Almucantar
Lake_Lefroy,22:03:2021,12:00:00,81,81.000000,0.059900,0.040858,0.033667,0.030592,0.043200,0.022400,0.013775,0.009942,0.016700,0.018458,0.019908,0.020617,0.855233,12,12,12,12,12,12,12,12,12,12,12,12,12,-31.255000,121.705000,300.000000,lev15,Almucantar
Lake_Lefroy,24:03:2021,12:00:00,83,83.000000,0.060400,0.041800,0.035150,0.032300,0.040950,0.020700,0.012500,0.008950,0.019450,0.021100,0.022600,0.023350,0.799602,2,2,2,2,2,2,2,2,2,2,2,2,2,-31.255000,121.705000,300.000000,lev15,Almucantar
Lake_Lefroy,25:03:2021,12:00:00,84,84.000000,0.059300,0.041100,0.034600,0.031900,0.039200,0.019100,0.011200,0.007900,0.020100,0.022000,0.023300,0.024000,0.801131,1,1,1,1,1,1,1,1,1,1,1,1,1,-31.255000,121.705000,300.000000,lev15,Almucantar
Lake_Lefroy,26:03:2021,12:00:00,85,85.000000,0.041040,0.026190,0.020390,0.017920,0.031610,0.015910,0.009480,0.006670,0.009440,0.010270,0.010960,0.011260,1.041567,10,10,10,10,10,10,10,10,10,10,10,10,10,-31.255000,121.705000,300.000000,lev15,Almucantar
Lake_Lefroy,27:03:2021,12:00:00,86,86.000000,0.049300,0.032512,0.026137,0.023425,0.036288,0.018337,0.011012,0.007787,0.013012,0.014188,0.015150,0.015625,0.945898,8,8,8,8,8,8,8,8,8,8,8,8,8,-31.255000,121.705000,300.000000,lev15,Almucantar
Lake_Lefroy,28:03:2021,12:00:00,87,87.000000,0.042033,0.026000,0.019756,0.017067,0.033500,0.016733,0.009878,0.006956,0.008533,0.009278,0.009844,0.010122,1.108253,9,9,9,9,9,9,9,9,9,9,9,9,9,-31.255000,121.705000,300.000000,lev15,Almucantar
Lake_Lefroy,01:04:2021,12:00:00,91,91.000000,0.034678,0.021111,0.015889,0.013678,0.027911,0.013878,0.008222,0.005833,0.006756,0.007244,0.007656,0.007844,1.125725,9,9,9,9,9,9,9,9,9,9,9,9,9,-31.255000,121.705000,300.000000,lev15,Almucantar
Lake_Lefroy,02:04:2021,12:00:00,92,92.000000,0.035200,0.022550,0.017837,0.015887,0.025600,0.012300,0.007138,0.004975,0.009612,0.010250,0.010712,0.010900,1.011557,8,8,8,8,8,8,8,8,8,8,8,8,8,-31.255000,121.705000,300.000000,lev15,Almucantar
Lake_Lefroy,03:04:2021,12:00:00,93,93.000000,0.047971,0.033014,0.027243,0.024714,0.033814,0.017529,0.010729,0.007657,0.014143,0.015500,0.016571,0.017043,0.847204,7,7,7,7,7,7,7,7,7,7,7,7,7,-31.255000,121.705000,300.000000,lev15,Almucantar
Lake_Lefroy,04:04:2021,12:00:00,94,94.000000,0.051514,0.034371,0.027971,0.025214,0.037386,0.018900,0.011386,0.008114,0.014129,0.015471,0.016557,0.017100,0.927280,7,7,7,7,7,7,7,7,7,7,7,7,7,-31.255000,121.705000,300.000000,lev15,Almucantar
Lake_Lefroy,05:04:2021,12:00:00,95,95.000000,0.055200,0.034875,0.027100,0.023800,0.042900,0.021450,0.012750,0.008950,0.012300,0.013450,0.014400,0.014850,1.061681,4,4,4,4,4,4,4,4,4,4,4,4,4,-31.255000,121.705000,300.000000,lev15,Almucantar
Lake_Lefroy,06:04:2021,12:00:00,96,96.000000,0.046225,0.027625,0.020925,0.018100,0.036275,0.016900,0.009650,0.006625,0.009925,0.010725,0.011275,0.011500,1.168040,4,4,4,4,4,4,4,4,4,4,4,4,4,-31.255000,121.705000,300.000000,lev15,Almucantar
Lake_Lefroy,10:04:2021,12:00:00,100,100.000000,0.033900,0.020017,0.015067,0.013050,0.027000,0.012583,0.007183,0.004950,0.006883,0.007450,0.007900,0.008133,1.136934,6,6,6,6,6,6,6,6,6,6,6,6,6,-31.255000,121.705000,300.000000,lev15,Almucantar
Lake_Lefroy,13:04:2021,12:00:00,103,103.000000,0.042717,0.030600,0.025833,0.023700,0.028950,0.015500,0.009617,0.006958,0.013767,0.015083,0.016208,0.016775,0.758834,12,12,12,12,12,12,12,12,12,12,12,12,12,-31.255000,121.705000,300.000000,lev15,Almucantar
Lake_Lefroy,14:04:2021,12:00:00,104,104.000000,0.039542,0.029183,0.025433,0.023808,0.024242,0.012483,0.007692,0.005567,0.015283,0.016683,0.017750,0.018258,0.689594,12,12,12,12,12,12,12,12,12,12,12,12,12,-31.255000,121.705000,300.000000,lev15,Almucantar
Lake_Lefroy,16:04:2021,12:00:00,106,106.000000,0.042344,0.029733,0.025156,0.023200,0.028044,0.014211,0.008578,0.006122,0.014289,0.015522,0.016556,0.017067,0.798511,9,9,9,9,9,9,9,9,9,9,9,9,9,-31.255000,121.705000,300.000000,lev15,Almucantar
Lake_Lefroy,18:04:2021,12:00:00,108,108.000000,0.044233,0.026233,0.019200,0.016267,0.036867,0.018167,0.010600,0.007367,0.007400,0.008067,0.008633,0.008933,1.228982,3,3,3,3,3,3,3,3,3,3,3,3,3,-31.255000,121.705000,300.000000,lev15,Almucantar
Lake_Lefroy,19:04:2021,12:00:00,109,109.000000,0.051422,0.027578,0.018356,0.014500,0.047433,0.023422,0.013989,0.009989,0.004000,0.004178,0.004367,0.004500,1.451143,9,9,9,9,9,9,9,9,9,9,9,9,9,-31.255000,121.705000,300.000000,lev15,Almucantar
Lake_Lefroy,20:04:2021,12:00:00,110,110.000000,0.093973,0.052645,0.035464,0.028000,0.086045,0.044327,0.026655,0.018873,0.007927,0.008318,0.008791,0.009127,1.421900,11,11,11,11,11,11,11,11,11,11,11,11,11,-31.255000,121.705000,300.000000,lev15,Almucantar
Lake_Lefroy,21:04:2021,12:00:00,111,111.000000,0.050200,0.030750,0.023500,0.020450,0.039300,0.019000,0.011050,0.007650,0.010850,0.011750,0.012450,0.012850,1.124786,2,2,2,2,2,2,2,2,2,2,2,2,2,-31.255000,121.705000,300.000000,lev15,Almucantar
Lake_Lefroy,04:06:2021,12:00:00,155,155.000000,0.047150,0.026275,0.019013,0.015675,0.040938,0.019512,0.011850,0.008325,0.006188,0.006775,0.007175,0.007362,1.346657,8,8,8,8,8,8,8,8,8,8,8,8,8,-31.255000,121.705000,300.000000,lev15,Almucantar
Lake_Lefroy,05:06:2021,12:00:00,156,156.000000,0.035736,0.019564,0.013473,0.010809,0.032464,0.016109,0.009836,0.007091,0.003264,0.003436,0.003618,0.003736,1.435545,11,11,11,11,11,11,11,11,11,11,11,11,11,-31.255000,121.705000,300.000000,lev15,Almucantar
Lake_Lefroy,06:06:2021,12:00:00,157,157.000000,0.028445,0.015645,0.010618,0.008373,0.026682,0.013773,0.008645,0.006336,0.001773,0.001845,0.001964,0.002055,1.437060,11,11,11,11,11,11,11,11,11,11,11,11,11,-31.255000,121.705000,300.000000,lev15,Almucantar
Lake_Lefroy,07:06:2021,12:00:00,158,158.000000,0.070529,0.064357,0.061886,0.060229,0.027186,0.016243,0.010857,0.008057,0.043329,0.048129,0.051029,0.052186,0.207174,7,7,7,7,7,7,7,7,7,7,7,7,7,-31.255000,121.705000,300.000000,lev15,Almucantar
Lake_Lefroy,08:06:2021,12:00:00,159,159.000000,0.037500,0.027175,0.023350,0.021675,0.024025,0.012500,0.007700,0.005600,0.013475,0.014675,0.015625,0.016100,0.713558,4,4,4,4,4,4,4,4,4,4,4,4,4,-31.255000,121.705000,300.000000,lev15,Almucantar
Lake_Lefroy,12:06:2021,12:00:00,163,163.000000,0.043100,0.029533,0.024267,0.020200,0.040833,0.027100,0.021767,0.017667,0.002300,0.002367,0.002500,0.002567,0.856591,3,3,3,3,3,3,3,3,3,3,3,3,3,-31.255000,121.705000,300.000000,lev15,Almucantar
Lake_Lefroy,14:06:2021,12:00:00,165,165.000000,0.067125,0.052800,0.044775,0.039800,0.055350,0.040125,0.031475,0.026150,0.011750,0.012675,0.013375,0.013650,0.604807,4,4,4,4,4,4,4,4,4,4,4,4,4,-31.255000,121.705000,300.000000,lev15,Almucantar
Lake_Lefroy,15:06:2021,12:00:00,166,166.000000,0.093900,0.081120,0.077180,0.074820,0.044440,0.026020,0.017880,0.013860,0.049460,0.055100,0.059300,0.060980,0.294839,5,5,5,5,5,5,5,5,5,5,5,5,5,-31.255000,121.705000,300.000000,lev15,Almucantar
Lake_Lefroy,16:06:2021,12:00:00,167,167.000000,0.047517,0.031767,0.025717,0.023100,0.034350,0.017467,0.010483,0.007467,0.013167,0.014317,0.015217,0.015650,0.913870,6,6,6,6,6,6,6,6,6,6,6,6,6,-31.255000,121.705000,300.000000,lev15,Almucantar
Lake_Lefroy,17:06:2021,12:00:00,168,168.000000,0.058860,0.049540,0.045760,0.043800,0.029480,0.017340,0.011500,0.008680,0.029380,0.032200,0.034280,0.035120,0.373572,5,5,5,5,5,5,5,5,5,5,5,5,5,-31.255000,121.705000,300.000000,lev15,Almucantar
Lake_Lefroy,18:06:2021,12:00:00,169,169.000000,0.049645,0.038155,0.033927,0.031991,0.029118,0.015664,0.009936,0.007318,0.020527,0.022509,0.024000,0.024655,0.568415,11,11,11,11,11,11,11,11,11,11,11,11,11,-31.255000,121.705000,300.000000,lev15,Almucantar
Lake_Lefroy,19:06:2021,12:00:00,170,170.000000,0.042673,0.028500,0.022845,0.020355,0.031791,0.016609,0.010209,0.007391,0.010855,0.011873,0.012636,0.012973,0.922212,11,11,11,11,11,11,11,11,11,11,11,11,11,-31.255000,121.705000,300.000000,lev15,Almucantar
