AERONET Data Download (Version 3 Direct Sun and Inversion Algorithms)
AERONET Version 3
Lake_Argyle
Version 3: Almucantar Level 1.5 Inversion
The following data are cloud cleared and quality controls have been applied but these data may not have final calibration applied.  These data may change.
Daily Averages,Contact: PI=Ian_Lau; PI Email=ian.lau@csiro.au 
AERONET_AERONET_Site,Date(dd:mm:yyyy),Time(hh:mm:ss),Day_of_Year,Day_of_Year(fraction),AOD_Extinction-Total[440nm],AOD_Extinction-Total[675nm],AOD_Extinction-Total[870nm],AOD_Extinction-Total[1020nm],AOD_Extinction-Fine[440nm],AOD_Extinction-Fine[675nm],AOD_Extinction-Fine[870nm],AOD_Extinction-Fine[1020nm],AOD_Extinction-Coarse[440nm],AOD_Extinction-Coarse[675nm],AOD_Extinction-Coarse[870nm],AOD_Extinction-Coarse[1020nm],Extinction_Angstrom_Exponent_440-870nm-Total,N[AOD_Extinction-Total[440nm]],N[AOD_Extinction-Total[675nm]],N[AOD_Extinction-Total[870nm]],N[AOD_Extinction-Total[1020nm]],N[AOD_Extinction-Fine[440nm]],N[AOD_Extinction-Fine[675nm]],N[AOD_Extinction-Fine[870nm]],N[AOD_Extinction-Fine[1020nm]],N[AOD_Extinction-Coarse[440nm]],N[AOD_Extinction-Coarse[675nm]],N[AOD_Extinction-Coarse[870nm]],N[AOD_Extinction-Coarse[1020nm]],N[Extinction_Angstrom_Exponent_440-870nm-Total],Latitude(Degrees),Longitude(Degrees),Elevation(m),Level,Retrieval_Measurement_Scan_Type
Lake_Argyle,01:01:2019,12:00:00,1,1.000000,0.083475,0.049375,0.039825,0.036150,0.061750,0.025600,0.014500,0.010200,0.021725,0.023800,0.025300,0.025900,1.102894,4,4,4,4,4,4,4,4,4,4,4,4,4,-16.108100,128.748500,150.000000,lev15,Almucantar
Lake_Argyle,02:01:2019,12:00:00,2,2.000000,0.116400,0.069333,0.056133,0.051167,0.085000,0.035100,0.019833,0.013967,0.031400,0.034200,0.036267,0.037233,1.086924,3,3,3,3,3,3,3,3,3,3,3,3,3,-16.108100,128.748500,150.000000,lev15,Almucantar
Lake_Argyle,07:01:2019,12:00:00,7,7.000000,0.132700,0.095867,0.093433,0.089233,0.073533,0.032633,0.027400,0.021800,0.059167,0.063267,0.066033,0.067433,0.543018,3,3,3,3,3,3,3,3,3,3,3,3,3,-16.108100,128.748500,150.000000,lev15,Almucantar
Lake_Argyle,08:01:2019,12:00:00,8,8.000000,0.139000,0.110900,0.100300,0.095900,0.072800,0.039500,0.024500,0.017800,0.066200,0.071400,0.075700,0.078100,0.485122,1,1,1,1,1,1,1,1,1,1,1,1,1,-16.108100,128.748500,150.000000,lev15,Almucantar
Lake_Argyle,10:01:2019,12:00:00,10,10.000000,0.137400,0.107600,0.116033,0.114100,0.068833,0.033700,0.047367,0.045867,0.068567,0.073867,0.068700,0.068233,0.281821,3,3,3,3,3,3,3,3,3,3,3,3,3,-16.108100,128.748500,150.000000,lev15,Almucantar
Lake_Argyle,11:01:2019,12:00:00,11,11.000000,0.112100,0.090100,0.098400,0.097000,0.046500,0.020800,0.033900,0.033000,0.065600,0.069300,0.064500,0.064000,0.224535,1,1,1,1,1,1,1,1,1,1,1,1,1,-16.108100,128.748500,150.000000,lev15,Almucantar
Lake_Argyle,07:02:2019,12:00:00,38,38.000000,0.089900,0.070200,0.065900,0.064200,0.043100,0.018700,0.011300,0.008200,0.046900,0.051500,0.054600,0.056000,0.469476,1,1,1,1,1,1,1,1,1,1,1,1,1,-16.108100,128.748500,150.000000,lev15,Almucantar
Lake_Argyle,09:02:2019,12:00:00,40,40.000000,0.095800,0.073600,0.063300,0.058450,0.060600,0.035150,0.022350,0.016300,0.035150,0.038450,0.040950,0.042150,0.575120,2,2,2,2,2,2,2,2,2,2,2,2,2,-16.108100,128.748500,150.000000,lev15,Almucantar
Lake_Argyle,12:02:2019,12:00:00,43,43.000000,0.077350,0.066217,0.062800,0.061000,0.036233,0.020233,0.013317,0.010033,0.041067,0.045983,0.049483,0.050950,0.313784,6,6,6,6,6,6,6,6,6,6,6,6,6,-16.108100,128.748500,150.000000,lev15,Almucantar
Lake_Argyle,13:02:2019,12:00:00,44,44.000000,0.112100,0.095600,0.091000,0.088650,0.048200,0.025100,0.016050,0.012050,0.063850,0.070500,0.074950,0.076700,0.314253,2,2,2,2,2,2,2,2,2,2,2,2,2,-16.108100,128.748500,150.000000,lev15,Almucantar
Lake_Argyle,14:02:2019,12:00:00,45,45.000000,0.073000,0.060450,0.057700,0.056550,0.033050,0.016650,0.010750,0.008150,0.039950,0.043800,0.046950,0.048450,0.359853,2,2,2,2,2,2,2,2,2,2,2,2,2,-16.108100,128.748500,150.000000,lev15,Almucantar
Lake_Argyle,15:02:2019,12:00:00,46,46.000000,0.109275,0.090775,0.090875,0.088775,0.051125,0.028450,0.026450,0.023700,0.058125,0.062325,0.064450,0.065125,0.287603,4,4,4,4,4,4,4,4,4,4,4,4,4,-16.108100,128.748500,150.000000,lev15,Almucantar
Lake_Argyle,16:02:2019,12:00:00,47,47.000000,0.099420,0.080460,0.077240,0.075540,0.048880,0.025520,0.019300,0.016260,0.050540,0.054940,0.058000,0.059280,0.384433,5,5,5,5,5,5,5,5,5,5,5,5,5,-16.108100,128.748500,150.000000,lev15,Almucantar
Lake_Argyle,17:02:2019,12:00:00,48,48.000000,0.093433,0.080233,0.079900,0.078667,0.040700,0.022900,0.020833,0.018467,0.052700,0.057333,0.059100,0.060200,0.241193,3,3,3,3,3,3,3,3,3,3,3,3,3,-16.108100,128.748500,150.000000,lev15,Almucantar
Lake_Argyle,18:02:2019,12:00:00,49,49.000000,0.080450,0.065600,0.062600,0.061300,0.038400,0.019000,0.012450,0.009600,0.042050,0.046600,0.050150,0.051750,0.380355,2,2,2,2,2,2,2,2,2,2,2,2,2,-16.108100,128.748500,150.000000,lev15,Almucantar
Lake_Argyle,19:02:2019,12:00:00,50,50.000000,0.075425,0.057300,0.052400,0.050400,0.041550,0.019975,0.012400,0.009225,0.033875,0.037325,0.040000,0.041150,0.546624,4,4,4,4,4,4,4,4,4,4,4,4,4,-16.108100,128.748500,150.000000,lev15,Almucantar
Lake_Argyle,21:02:2019,12:00:00,52,52.000000,0.112167,0.075200,0.062367,0.057300,0.078533,0.038333,0.022833,0.016533,0.033667,0.036833,0.039533,0.040767,0.871962,3,3,3,3,3,3,3,3,3,3,3,3,3,-16.108100,128.748500,150.000000,lev15,Almucantar
Lake_Argyle,24:02:2019,12:00:00,55,55.000000,0.127786,0.094586,0.089900,0.085529,0.070871,0.033700,0.026386,0.020771,0.056914,0.060886,0.063529,0.064771,0.540689,7,7,7,7,7,7,7,7,7,7,7,7,7,-16.108100,128.748500,150.000000,lev15,Almucantar
Lake_Argyle,25:02:2019,12:00:00,56,56.000000,0.134017,0.094683,0.089733,0.085167,0.080683,0.037650,0.030400,0.024783,0.053333,0.057033,0.059317,0.060383,0.647132,6,6,6,6,6,6,6,6,6,6,6,6,6,-16.108100,128.748500,150.000000,lev15,Almucantar
Lake_Argyle,27:02:2019,12:00:00,58,58.000000,0.097900,0.062150,0.050500,0.046075,0.070100,0.031725,0.018100,0.012750,0.027825,0.030425,0.032400,0.033300,0.983181,4,4,4,4,4,4,4,4,4,4,4,4,4,-16.108100,128.748500,150.000000,lev15,Almucantar
Lake_Argyle,28:02:2019,12:00:00,59,59.000000,0.108900,0.067375,0.054200,0.049000,0.081250,0.037000,0.021575,0.015400,0.027650,0.030375,0.032600,0.033625,1.043210,4,4,4,4,4,4,4,4,4,4,4,4,4,-16.108100,128.748500,150.000000,lev15,Almucantar
Lake_Argyle,01:03:2019,12:00:00,60,60.000000,0.096500,0.062925,0.053125,0.049275,0.066775,0.029575,0.017225,0.012325,0.029750,0.033375,0.035850,0.036925,0.893865,4,4,4,4,4,4,4,4,4,4,4,4,4,-16.108100,128.748500,150.000000,lev15,Almucantar
Lake_Argyle,03:03:2019,12:00:00,62,62.000000,0.079075,0.048850,0.039500,0.035900,0.058275,0.025700,0.014700,0.010350,0.020850,0.023150,0.024825,0.025525,1.007127,4,4,4,4,4,4,4,4,4,4,4,4,4,-16.108100,128.748500,150.000000,lev15,Almucantar
Lake_Argyle,04:03:2019,12:00:00,63,63.000000,0.090600,0.065225,0.057850,0.054825,0.054650,0.025675,0.015525,0.011325,0.035975,0.039575,0.042325,0.043525,0.674531,4,4,4,4,4,4,4,4,4,4,4,4,4,-16.108100,128.748500,150.000000,lev15,Almucantar
Lake_Argyle,06:03:2019,12:00:00,65,65.000000,0.112100,0.070200,0.055000,0.048700,0.085600,0.041300,0.024200,0.017100,0.026500,0.029000,0.030700,0.031500,1.052674,1,1,1,1,1,1,1,1,1,1,1,1,1,-16.108100,128.748500,150.000000,lev15,Almucantar
Lake_Argyle,07:03:2019,12:00:00,66,66.000000,0.096800,0.054700,0.044000,0.039900,0.075600,0.031100,0.018400,0.013400,0.021200,0.023600,0.025600,0.026500,1.178208,1,1,1,1,1,1,1,1,1,1,1,1,1,-16.108100,128.748500,150.000000,lev15,Almucantar
Lake_Argyle,09:03:2019,12:00:00,68,68.000000,0.140740,0.108460,0.113560,0.111760,0.071000,0.034980,0.040640,0.038700,0.069740,0.073480,0.072920,0.073040,0.374475,5,5,5,5,5,5,5,5,5,5,5,5,5,-16.108100,128.748500,150.000000,lev15,Almucantar
Lake_Argyle,02:04:2019,12:00:00,92,92.000000,0.085967,0.076600,0.074633,0.073867,0.030433,0.016300,0.010600,0.007933,0.055500,0.060300,0.064033,0.065900,0.223004,3,3,3,3,3,3,3,3,3,3,3,3,3,-16.108100,128.748500,150.000000,lev15,Almucantar
Lake_Argyle,11:04:2019,12:00:00,101,101.000000,0.063933,0.051067,0.047233,0.045033,0.041000,0.026167,0.020967,0.018267,0.022933,0.024867,0.026267,0.026800,0.458278,3,3,3,3,3,3,3,3,3,3,3,3,3,-16.108100,128.748500,150.000000,lev15,Almucantar
Lake_Argyle,13:04:2019,12:00:00,103,103.000000,0.069267,0.041733,0.034567,0.031767,0.050500,0.021333,0.012767,0.009333,0.018733,0.020400,0.021733,0.022400,1.039817,3,3,3,3,3,3,3,3,3,3,3,3,3,-16.108100,128.748500,150.000000,lev15,Almucantar
Lake_Argyle,15:04:2019,12:00:00,105,105.000000,0.095533,0.051300,0.040500,0.036333,0.074467,0.028100,0.015833,0.011000,0.021067,0.023233,0.024667,0.025333,1.283095,3,3,3,3,3,3,3,3,3,3,3,3,3,-16.108100,128.748500,150.000000,lev15,Almucantar
Lake_Argyle,17:04:2019,12:00:00,107,107.000000,0.116900,0.062800,0.047450,0.041550,0.095300,0.039000,0.022000,0.015400,0.021600,0.023800,0.025450,0.026250,1.339239,2,2,2,2,2,2,2,2,2,2,2,2,2,-16.108100,128.748500,150.000000,lev15,Almucantar
Lake_Argyle,18:04:2019,12:00:00,108,108.000000,0.144350,0.077200,0.057400,0.050100,0.118600,0.049300,0.027200,0.018550,0.025750,0.027950,0.030200,0.031500,1.368128,2,2,2,2,2,2,2,2,2,2,2,2,2,-16.108100,128.748500,150.000000,lev15,Almucantar
Lake_Argyle,20:04:2019,12:00:00,110,110.000000,0.134950,0.069550,0.050200,0.043075,0.112125,0.044650,0.023825,0.016075,0.022800,0.024925,0.026400,0.027025,1.457596,4,4,4,4,4,4,4,4,4,4,4,4,4,-16.108100,128.748500,150.000000,lev15,Almucantar
Lake_Argyle,24:04:2019,12:00:00,114,114.000000,0.133500,0.069800,0.049300,0.041600,0.112200,0.046700,0.024900,0.016600,0.021300,0.023100,0.024400,0.025000,1.471185,1,1,1,1,1,1,1,1,1,1,1,1,1,-16.108100,128.748500,150.000000,lev15,Almucantar
Lake_Argyle,25:04:2019,12:00:00,115,115.000000,0.070967,0.040100,0.029900,0.025933,0.056400,0.024200,0.013133,0.008900,0.014567,0.015933,0.016767,0.017033,1.278988,3,3,3,3,3,3,3,3,3,3,3,3,3,-16.108100,128.748500,150.000000,lev15,Almucantar
Lake_Argyle,26:04:2019,12:00:00,116,116.000000,0.035100,0.023300,0.018500,0.016400,0.026100,0.013500,0.008100,0.005800,0.009000,0.009700,0.010300,0.010600,0.944095,1,1,1,1,1,1,1,1,1,1,1,1,1,-16.108100,128.748500,150.000000,lev15,Almucantar
Lake_Argyle,03:05:2019,12:00:00,123,123.000000,0.093840,0.048900,0.035360,0.030080,0.080980,0.034680,0.019820,0.013920,0.012880,0.014260,0.015520,0.016160,1.443380,5,5,5,5,5,5,5,5,5,5,5,5,5,-16.108100,128.748500,150.000000,lev15,Almucantar
Lake_Argyle,04:05:2019,12:00:00,124,124.000000,0.080100,0.049250,0.038700,0.033600,0.063700,0.032100,0.020900,0.015550,0.016350,0.017250,0.017800,0.018100,1.072371,2,2,2,2,2,2,2,2,2,2,2,2,2,-16.108100,128.748500,150.000000,lev15,Almucantar
Lake_Argyle,05:05:2019,12:00:00,125,125.000000,0.029550,0.019875,0.016300,0.014775,0.021875,0.011475,0.007325,0.005500,0.007675,0.008400,0.009000,0.009275,0.881829,4,4,4,4,4,4,4,4,4,4,4,4,4,-16.108100,128.748500,150.000000,lev15,Almucantar
Lake_Argyle,04:08:2019,12:00:00,216,216.000000,0.059786,0.044000,0.038186,0.035571,0.037586,0.019814,0.012414,0.009100,0.022186,0.024171,0.025771,0.026486,0.669029,7,7,7,7,7,7,7,7,7,7,7,7,7,-16.108100,128.748500,150.000000,lev15,Almucantar
Lake_Argyle,05:08:2019,12:00:00,217,217.000000,0.071700,0.056300,0.050300,0.047500,0.040067,0.021767,0.013733,0.010100,0.031633,0.034533,0.036567,0.037433,0.533487,3,3,3,3,3,3,3,3,3,3,3,3,3,-16.108100,128.748500,150.000000,lev15,Almucantar
Lake_Argyle,06:08:2019,12:00:00,218,218.000000,0.069038,0.041875,0.032388,0.028488,0.054250,0.025813,0.015238,0.010837,0.014737,0.016037,0.017163,0.017687,1.124060,8,8,8,8,8,8,8,8,8,8,8,8,8,-16.108100,128.748500,150.000000,lev15,Almucantar
Lake_Argyle,07:08:2019,12:00:00,219,219.000000,0.099244,0.053522,0.038922,0.033267,0.083300,0.036044,0.020322,0.014122,0.015956,0.017478,0.018611,0.019133,1.360605,9,9,9,9,9,9,9,9,9,9,9,9,9,-16.108100,128.748500,150.000000,lev15,Almucantar
Lake_Argyle,08:08:2019,12:00:00,220,220.000000,0.083850,0.051750,0.040383,0.035383,0.064733,0.031100,0.018650,0.013200,0.019150,0.020650,0.021750,0.022217,1.029808,6,6,6,6,6,6,6,6,6,6,6,6,6,-16.108100,128.748500,150.000000,lev15,Almucantar
Lake_Argyle,09:08:2019,12:00:00,221,221.000000,0.310875,0.165025,0.114175,0.094325,0.268450,0.119300,0.065750,0.044775,0.042425,0.045750,0.048400,0.049550,1.460298,4,4,4,4,4,4,4,4,4,4,4,4,4,-16.108100,128.748500,150.000000,lev15,Almucantar
Lake_Argyle,11:08:2019,12:00:00,223,223.000000,0.083900,0.048725,0.036487,0.031587,0.067413,0.030825,0.017625,0.012313,0.016500,0.017900,0.018875,0.019262,1.229122,8,8,8,8,8,8,8,8,8,8,8,8,8,-16.108100,128.748500,150.000000,lev15,Almucantar
Lake_Argyle,12:08:2019,12:00:00,224,224.000000,0.068450,0.041590,0.031770,0.027770,0.053920,0.025900,0.015220,0.010910,0.014530,0.015690,0.016510,0.016850,1.134299,10,10,10,10,10,10,10,10,10,10,10,10,10,-16.108100,128.748500,150.000000,lev15,Almucantar
Lake_Argyle,13:08:2019,12:00:00,225,225.000000,0.044375,0.026575,0.019500,0.016538,0.037288,0.018988,0.011513,0.008300,0.007075,0.007562,0.008013,0.008250,1.219880,8,8,8,8,8,8,8,8,8,8,8,8,8,-16.108100,128.748500,150.000000,lev15,Almucantar
Lake_Argyle,14:08:2019,12:00:00,226,226.000000,0.041513,0.026600,0.020325,0.017588,0.033650,0.018212,0.011512,0.008600,0.007862,0.008363,0.008800,0.008987,1.059077,8,8,8,8,8,8,8,8,8,8,8,8,8,-16.108100,128.748500,150.000000,lev15,Almucantar
Lake_Argyle,15:08:2019,12:00:00,227,227.000000,0.117500,0.061800,0.040800,0.031800,0.110200,0.053900,0.032600,0.023500,0.007300,0.007800,0.008200,0.008300,1.551096,1,1,1,1,1,1,1,1,1,1,1,1,1,-16.108100,128.748500,150.000000,lev15,Almucantar
Lake_Argyle,14:09:2019,12:00:00,257,257.000000,0.114133,0.065000,0.049833,0.044067,0.092900,0.042100,0.025833,0.019600,0.021233,0.022933,0.024000,0.024467,1.226713,3,3,3,3,3,3,3,3,3,3,3,3,3,-16.108100,128.748500,150.000000,lev15,Almucantar
Lake_Argyle,29:11:2019,12:00:00,333,333.000000,0.227400,0.132200,0.103300,0.092600,0.168600,0.069100,0.037000,0.024800,0.058800,0.063200,0.066300,0.067900,1.166924,1,1,1,1,1,1,1,1,1,1,1,1,1,-16.108100,128.748500,150.000000,lev15,Almucantar
Lake_Argyle,02:12:2019,12:00:00,336,336.000000,0.200367,0.178467,0.174000,0.171933,0.067400,0.032700,0.019800,0.014033,0.132967,0.145767,0.154233,0.157933,0.214332,3,3,3,3,3,3,3,3,3,3,3,3,3,-16.108100,128.748500,150.000000,lev15,Almucantar
Lake_Argyle,03:12:2019,12:00:00,337,337.000000,0.188150,0.182950,0.184175,0.184775,0.042950,0.024050,0.015775,0.011900,0.145175,0.158900,0.168400,0.172875,0.034877,4,4,4,4,4,4,4,4,4,4,4,4,4,-16.108100,128.748500,150.000000,lev15,Almucantar
Lake_Argyle,04:12:2019,12:00:00,338,338.000000,0.159375,0.118075,0.106375,0.101975,0.086800,0.038625,0.022000,0.015150,0.072600,0.079475,0.084400,0.086825,0.603887,4,4,4,4,4,4,4,4,4,4,4,4,4,-16.108100,128.748500,150.000000,lev15,Almucantar
Lake_Argyle,05:12:2019,12:00:00,339,339.000000,0.130000,0.085400,0.070800,0.065600,0.086800,0.038700,0.021100,0.014400,0.043200,0.046700,0.049700,0.051200,0.899275,1,1,1,1,1,1,1,1,1,1,1,1,1,-16.108100,128.748500,150.000000,lev15,Almucantar
Lake_Argyle,06:12:2019,12:00:00,340,340.000000,0.115050,0.075300,0.063300,0.058550,0.075150,0.032100,0.017850,0.011950,0.039900,0.043150,0.045450,0.046600,0.886369,2,2,2,2,2,2,2,2,2,2,2,2,2,-16.108100,128.748500,150.000000,lev15,Almucantar
Lake_Argyle,07:12:2019,12:00:00,341,341.000000,0.128600,0.076950,0.059350,0.051983,0.099600,0.045333,0.025933,0.017767,0.029017,0.031617,0.033400,0.034217,1.135659,6,6,6,6,6,6,6,6,6,6,6,6,6,-16.108100,128.748500,150.000000,lev15,Almucantar
Lake_Argyle,08:12:2019,12:00:00,342,342.000000,0.227950,0.143950,0.117550,0.103600,0.159050,0.069250,0.039500,0.024500,0.068900,0.074700,0.078100,0.079100,0.981355,2,2,2,2,2,2,2,2,2,2,2,2,2,-16.108100,128.748500,150.000000,lev15,Almucantar
Lake_Argyle,10:12:2019,12:00:00,344,344.000000,0.176800,0.098650,0.074600,0.063800,0.141050,0.060000,0.034050,0.022500,0.035750,0.038650,0.040550,0.041300,1.273856,2,2,2,2,2,2,2,2,2,2,2,2,2,-16.108100,128.748500,150.000000,lev15,Almucantar
Lake_Argyle,11:12:2019,12:00:00,345,345.000000,0.265400,0.134933,0.094867,0.076200,0.229067,0.095367,0.053333,0.033567,0.036333,0.039567,0.041567,0.042633,1.514517,3,3,3,3,3,3,3,3,3,3,3,3,3,-16.108100,128.748500,150.000000,lev15,Almucantar
Lake_Argyle,12:12:2019,12:00:00,346,346.000000,0.233414,0.116057,0.079857,0.064843,0.202200,0.082129,0.044129,0.028314,0.031214,0.033971,0.035729,0.036514,1.577429,7,7,7,7,7,7,7,7,7,7,7,7,7,-16.108100,128.748500,150.000000,lev15,Almucantar
Lake_Argyle,15:12:2019,12:00:00,349,349.000000,0.208800,0.121000,0.091300,0.079600,0.165400,0.073600,0.041300,0.028400,0.043400,0.047300,0.050000,0.051300,1.217680,1,1,1,1,1,1,1,1,1,1,1,1,1,-16.108100,128.748500,150.000000,lev15,Almucantar
Lake_Argyle,17:12:2019,12:00:00,351,351.000000,0.234400,0.159700,0.138000,0.123200,0.146300,0.065100,0.039900,0.023600,0.088100,0.094700,0.098100,0.099600,0.788276,1,1,1,1,1,1,1,1,1,1,1,1,1,-16.108100,128.748500,150.000000,lev15,Almucantar
Lake_Argyle,18:12:2019,12:00:00,352,352.000000,0.225000,0.130150,0.098200,0.082150,0.178700,0.079700,0.045450,0.028350,0.046325,0.050425,0.052750,0.053800,1.219765,4,4,4,4,4,4,4,4,4,4,4,4,4,-16.108100,128.748500,150.000000,lev15,Almucantar
Lake_Argyle,19:12:2019,12:00:00,353,353.000000,0.343675,0.163200,0.104025,0.077250,0.315575,0.132500,0.071850,0.044400,0.028125,0.030650,0.032175,0.032850,1.748393,4,4,4,4,4,4,4,4,4,4,4,4,4,-16.108100,128.748500,150.000000,lev15,Almucantar
Lake_Argyle,20:12:2019,12:00:00,354,354.000000,0.403567,0.190100,0.122200,0.090867,0.374133,0.158467,0.089233,0.057067,0.029433,0.031633,0.032967,0.033800,1.749004,3,3,3,3,3,3,3,3,3,3,3,3,3,-16.108100,128.748500,150.000000,lev15,Almucantar
Lake_Argyle,21:12:2019,12:00:00,355,355.000000,0.365950,0.189250,0.130100,0.103000,0.319250,0.138650,0.077200,0.048950,0.046700,0.050550,0.052850,0.054050,1.517194,2,2,2,2,2,2,2,2,2,2,2,2,2,-16.108100,128.748500,150.000000,lev15,Almucantar
Lake_Argyle,22:12:2019,12:00:00,356,356.000000,0.307100,0.159300,0.106150,0.082800,0.276000,0.125250,0.070350,0.046150,0.031100,0.034000,0.035750,0.036600,1.552880,2,2,2,2,2,2,2,2,2,2,2,2,2,-16.108100,128.748500,150.000000,lev15,Almucantar
Lake_Argyle,23:12:2019,12:00:00,357,357.000000,0.274850,0.146925,0.104225,0.083225,0.237300,0.105450,0.060700,0.039100,0.037550,0.041500,0.043525,0.044150,1.424095,4,4,4,4,4,4,4,4,4,4,4,4,4,-16.108100,128.748500,150.000000,lev15,Almucantar
Lake_Argyle,24:12:2019,12:00:00,358,358.000000,0.402613,0.205563,0.136175,0.103375,0.359000,0.158050,0.086588,0.052975,0.043625,0.047512,0.049588,0.050400,1.584244,8,8,8,8,8,8,8,8,8,8,8,8,8,-16.108100,128.748500,150.000000,lev15,Almucantar
Lake_Argyle,25:12:2019,12:00:00,359,359.000000,0.428567,0.220817,0.146683,0.112117,0.384217,0.172067,0.095450,0.059783,0.044383,0.048767,0.051300,0.052317,1.568363,6,6,6,6,6,6,6,6,6,6,6,6,6,-16.108100,128.748500,150.000000,lev15,Almucantar
Lake_Argyle,26:12:2019,12:00:00,360,360.000000,0.450500,0.236800,0.161100,0.124000,0.398000,0.180000,0.101600,0.062700,0.052600,0.056800,0.059500,0.061300,1.505079,1,1,1,1,1,1,1,1,1,1,1,1,1,-16.108100,128.748500,150.000000,lev15,Almucantar
Lake_Argyle,27:12:2019,12:00:00,361,361.000000,0.343175,0.200625,0.149825,0.128100,0.267175,0.119050,0.064200,0.040225,0.076075,0.081625,0.085650,0.087900,1.219064,4,4,4,4,4,4,4,4,4,4,4,4,4,-16.108100,128.748500,150.000000,lev15,Almucantar
Lake_Argyle,13:01:2020,12:00:00,13,13.000000,0.199650,0.118900,0.086950,0.072375,0.168175,0.084600,0.050825,0.035425,0.031475,0.034275,0.036125,0.036950,1.236081,4,4,4,4,4,4,4,4,4,4,4,4,4,-16.108100,128.748500,150.000000,lev15,Almucantar
Lake_Argyle,15:01:2020,12:00:00,15,15.000000,0.502500,0.500000,0.502750,0.502700,0.085500,0.055450,0.037800,0.029250,0.417000,0.444600,0.464950,0.473450,0.000441,2,2,2,2,2,2,2,2,2,2,2,2,2,-16.108100,128.748500,150.000000,lev15,Almucantar
Lake_Argyle,16:01:2020,12:00:00,16,16.000000,0.182800,0.172600,0.171150,0.170450,0.051200,0.029700,0.019300,0.014400,0.131600,0.142900,0.151850,0.156050,0.100281,2,2,2,2,2,2,2,2,2,2,2,2,2,-16.108100,128.748500,150.000000,lev15,Almucantar
Lake_Argyle,29:01:2020,12:00:00,29,29.000000,0.174233,0.163567,0.158800,0.155867,0.057333,0.037067,0.025633,0.019667,0.116867,0.126500,0.133167,0.136233,0.144341,3,3,3,3,3,3,3,3,3,3,3,3,3,-16.108100,128.748500,150.000000,lev15,Almucantar
Lake_Argyle,07:02:2020,12:00:00,38,38.000000,0.172200,0.152100,0.139800,0.133000,0.087300,0.059100,0.040500,0.030800,0.085000,0.093100,0.099300,0.102200,0.303544,1,1,1,1,1,1,1,1,1,1,1,1,1,-16.108100,128.748500,150.000000,lev15,Almucantar
Lake_Argyle,08:02:2020,12:00:00,39,39.000000,0.071200,0.056500,0.050300,0.047300,0.040800,0.023100,0.014900,0.011100,0.030400,0.033400,0.035400,0.036200,0.512013,1,1,1,1,1,1,1,1,1,1,1,1,1,-16.108100,128.748500,150.000000,lev15,Almucantar
Lake_Argyle,28:03:2020,12:00:00,88,88.000000,0.072075,0.055950,0.049725,0.046650,0.041600,0.022775,0.014575,0.010675,0.030475,0.033175,0.035125,0.035975,0.550511,4,4,4,4,4,4,4,4,4,4,4,4,4,-16.108100,128.748500,150.000000,lev15,Almucantar
Lake_Argyle,30:03:2020,12:00:00,90,90.000000,0.074200,0.051200,0.042500,0.037800,0.053500,0.028700,0.018400,0.012800,0.020700,0.022600,0.024100,0.024900,0.821148,1,1,1,1,1,1,1,1,1,1,1,1,1,-16.108100,128.748500,150.000000,lev15,Almucantar
Lake_Argyle,31:03:2020,12:00:00,91,91.000000,0.108900,0.061700,0.046700,0.038100,0.088900,0.040100,0.024400,0.015600,0.020000,0.021600,0.022300,0.022500,1.248718,1,1,1,1,1,1,1,1,1,1,1,1,1,-16.108100,128.748500,150.000000,lev15,Almucantar
Lake_Argyle,02:04:2020,12:00:00,93,93.000000,0.152300,0.080100,0.057600,0.049500,0.126100,0.052000,0.027600,0.018400,0.026200,0.028100,0.030000,0.031100,1.431590,1,1,1,1,1,1,1,1,1,1,1,1,1,-16.108100,128.748500,150.000000,lev15,Almucantar
Lake_Argyle,04:04:2020,12:00:00,95,95.000000,0.088675,0.062025,0.051650,0.045775,0.062625,0.033525,0.021650,0.015200,0.026050,0.028525,0.029975,0.030600,0.799442,4,4,4,4,4,4,4,4,4,4,4,4,4,-16.108100,128.748500,150.000000,lev15,Almucantar
Lake_Argyle,05:04:2020,12:00:00,96,96.000000,0.087000,0.059300,0.049200,0.044800,0.059900,0.029600,0.017800,0.012800,0.027200,0.029700,0.031300,0.032000,0.840873,1,1,1,1,1,1,1,1,1,1,1,1,1,-16.108100,128.748500,150.000000,lev15,Almucantar
Lake_Argyle,13:09:2020,12:00:00,257,257.000000,0.090267,0.061433,0.050267,0.045233,0.064067,0.032833,0.020033,0.014267,0.026200,0.028600,0.030200,0.030967,0.861431,3,3,3,3,3,3,3,3,3,3,3,3,3,-16.108100,128.748500,150.000000,lev15,Almucantar
Lake_Argyle,14:09:2020,12:00:00,258,258.000000,0.091750,0.062550,0.051325,0.046150,0.065025,0.033425,0.020575,0.014625,0.026750,0.029150,0.030800,0.031525,0.851677,4,4,4,4,4,4,4,4,4,4,4,4,4,-16.108100,128.748500,150.000000,lev15,Almucantar
Lake_Argyle,16:09:2020,12:00:00,260,260.000000,0.078200,0.052600,0.042100,0.037400,0.057500,0.030000,0.018400,0.013200,0.020700,0.022600,0.023800,0.024200,0.908583,1,1,1,1,1,1,1,1,1,1,1,1,1,-16.108100,128.748500,150.000000,lev15,Almucantar
Lake_Argyle,17:09:2020,12:00:00,261,261.000000,0.118550,0.075975,0.060850,0.053850,0.089100,0.043750,0.026650,0.018750,0.029450,0.032275,0.034200,0.035125,0.984881,4,4,4,4,4,4,4,4,4,4,4,4,4,-16.108100,128.748500,150.000000,lev15,Almucantar
Lake_Argyle,19:09:2020,12:00:00,263,263.000000,0.107200,0.069925,0.056925,0.049700,0.079250,0.039200,0.024500,0.016500,0.027950,0.030750,0.032425,0.033175,0.934098,4,4,4,4,4,4,4,4,4,4,4,4,4,-16.108100,128.748500,150.000000,lev15,Almucantar
Lake_Argyle,20:09:2020,12:00:00,264,264.000000,0.101133,0.069033,0.056700,0.050083,0.073567,0.038717,0.024600,0.017117,0.027600,0.030317,0.032133,0.032967,0.851186,6,6,6,6,6,6,6,6,6,6,6,6,6,-16.108100,128.748500,150.000000,lev15,Almucantar
Lake_Argyle,21:09:2020,12:00:00,265,265.000000,0.107700,0.075000,0.062600,0.056900,0.074500,0.038700,0.024300,0.017600,0.033100,0.036300,0.038400,0.039300,0.799672,1,1,1,1,1,1,1,1,1,1,1,1,1,-16.108100,128.748500,150.000000,lev15,Almucantar
Lake_Argyle,22:09:2020,12:00:00,266,266.000000,0.092500,0.061950,0.050400,0.044850,0.067150,0.034100,0.020900,0.014700,0.025350,0.027900,0.029500,0.030150,0.889782,2,2,2,2,2,2,2,2,2,2,2,2,2,-16.108100,128.748500,150.000000,lev15,Almucantar
Lake_Argyle,23:09:2020,12:00:00,267,267.000000,0.082000,0.049300,0.037500,0.032400,0.065900,0.031500,0.018700,0.013200,0.016100,0.017800,0.018800,0.019200,1.149889,1,1,1,1,1,1,1,1,1,1,1,1,1,-16.108100,128.748500,150.000000,lev15,Almucantar
Lake_Argyle,29:09:2020,12:00:00,273,273.000000,0.125000,0.074900,0.055900,0.047900,0.101700,0.049300,0.028900,0.020300,0.023300,0.025500,0.027000,0.027600,1.180017,1,1,1,1,1,1,1,1,1,1,1,1,1,-16.108100,128.748500,150.000000,lev15,Almucantar
Lake_Argyle,30:09:2020,12:00:00,274,274.000000,0.170200,0.100850,0.075050,0.064300,0.136350,0.063900,0.036200,0.024650,0.033850,0.036950,0.038850,0.039650,1.201315,2,2,2,2,2,2,2,2,2,2,2,2,2,-16.108100,128.748500,150.000000,lev15,Almucantar
Lake_Argyle,01:10:2020,12:00:00,275,275.000000,0.193000,0.107300,0.076950,0.063650,0.164400,0.076000,0.043550,0.029150,0.028650,0.031250,0.033350,0.034500,1.320299,2,2,2,2,2,2,2,2,2,2,2,2,2,-16.108100,128.748500,150.000000,lev15,Almucantar
Lake_Argyle,10:10:2020,12:00:00,284,284.000000,0.077250,0.049400,0.038300,0.032650,0.061650,0.032400,0.020375,0.014250,0.015600,0.016975,0.017950,0.018400,1.026099,4,4,4,4,4,4,4,4,4,4,4,4,4,-16.108100,128.748500,150.000000,lev15,Almucantar
Lake_Argyle,16:10:2020,12:00:00,290,290.000000,0.104280,0.064560,0.050240,0.042700,0.081980,0.040260,0.024740,0.016680,0.022320,0.024320,0.025540,0.026040,1.075648,5,5,5,5,5,5,5,5,5,5,5,5,5,-16.108100,128.748500,150.000000,lev15,Almucantar
Lake_Argyle,17:10:2020,12:00:00,291,291.000000,0.122400,0.072850,0.055550,0.048400,0.096550,0.044650,0.025800,0.018100,0.025850,0.028250,0.029700,0.030300,1.166285,2,2,2,2,2,2,2,2,2,2,2,2,2,-16.108100,128.748500,150.000000,lev15,Almucantar
Lake_Argyle,20:10:2020,12:00:00,294,294.000000,0.145700,0.093100,0.073900,0.065500,0.110900,0.054600,0.033200,0.023700,0.034800,0.038400,0.040800,0.041700,0.999289,1,1,1,1,1,1,1,1,1,1,1,1,1,-16.108100,128.748500,150.000000,lev15,Almucantar
Lake_Argyle,27:10:2020,12:00:00,301,301.000000,0.081167,0.055533,0.044733,0.039367,0.061600,0.034100,0.021833,0.015633,0.019600,0.021433,0.022900,0.023700,0.870530,3,3,3,3,3,3,3,3,3,3,3,3,3,-16.108100,128.748500,150.000000,lev15,Almucantar
Lake_Argyle,29:10:2020,12:00:00,303,303.000000,0.125850,0.067375,0.048000,0.037875,0.111050,0.051025,0.030900,0.020550,0.014825,0.016325,0.017075,0.017350,1.414436,4,4,4,4,4,4,4,4,4,4,4,4,4,-16.108100,128.748500,150.000000,lev15,Almucantar
Lake_Argyle,30:10:2020,12:00:00,304,304.000000,0.136800,0.073300,0.051400,0.040567,0.120867,0.055767,0.032967,0.021800,0.015933,0.017533,0.018400,0.018767,1.435187,3,3,3,3,3,3,3,3,3,3,3,3,3,-16.108100,128.748500,150.000000,lev15,Almucantar
Lake_Argyle,01:11:2020,12:00:00,306,306.000000,0.159700,0.086600,0.060800,0.050600,0.137000,0.061900,0.034600,0.023700,0.022700,0.024700,0.026200,0.026900,1.415393,1,1,1,1,1,1,1,1,1,1,1,1,1,-16.108100,128.748500,150.000000,lev15,Almucantar
Lake_Argyle,02:11:2020,12:00:00,307,307.000000,0.128700,0.071900,0.051400,0.043200,0.108400,0.049900,0.028300,0.019600,0.020300,0.022000,0.023100,0.023500,1.345378,1,1,1,1,1,1,1,1,1,1,1,1,1,-16.108100,128.748500,150.000000,lev15,Almucantar
Lake_Argyle,03:11:2020,12:00:00,308,308.000000,0.188925,0.100825,0.070900,0.057850,0.163500,0.073100,0.041725,0.028075,0.025400,0.027700,0.029175,0.029800,1.437344,4,4,4,4,4,4,4,4,4,4,4,4,4,-16.108100,128.748500,150.000000,lev15,Almucantar
Lake_Argyle,05:11:2020,12:00:00,310,310.000000,0.171800,0.103600,0.079500,0.069300,0.136000,0.064100,0.037800,0.026700,0.035700,0.039400,0.041700,0.042600,1.133690,1,1,1,1,1,1,1,1,1,1,1,1,1,-16.108100,128.748500,150.000000,lev15,Almucantar
Lake_Argyle,06:11:2020,12:00:00,311,311.000000,0.259000,0.143200,0.109400,0.085800,0.215100,0.094350,0.059100,0.035700,0.043950,0.048850,0.050250,0.050100,1.274747,2,2,2,2,2,2,2,2,2,2,2,2,2,-16.108100,128.748500,150.000000,lev15,Almucantar
Lake_Argyle,08:11:2020,12:00:00,313,313.000000,0.138400,0.082500,0.062000,0.052100,0.113000,0.054900,0.032900,0.022200,0.025400,0.027600,0.029100,0.029900,1.179021,1,1,1,1,1,1,1,1,1,1,1,1,1,-16.108100,128.748500,150.000000,lev15,Almucantar
Lake_Argyle,09:11:2020,12:00:00,314,314.000000,0.183450,0.101183,0.073250,0.059200,0.156250,0.071617,0.042367,0.027817,0.027217,0.029550,0.030900,0.031350,1.349113,6,6,6,6,6,6,6,6,6,6,6,6,6,-16.108100,128.748500,150.000000,lev15,Almucantar
Lake_Argyle,10:11:2020,12:00:00,315,315.000000,0.217375,0.117750,0.084950,0.068100,0.186350,0.083875,0.049525,0.032175,0.031050,0.033900,0.035425,0.035925,1.381407,4,4,4,4,4,4,4,4,4,4,4,4,4,-16.108100,128.748500,150.000000,lev15,Almucantar
Lake_Argyle,11:11:2020,12:00:00,316,316.000000,0.269250,0.141750,0.101550,0.082500,0.229750,0.098200,0.055500,0.035150,0.039500,0.043550,0.046050,0.047300,1.434357,2,2,2,2,2,2,2,2,2,2,2,2,2,-16.108100,128.748500,150.000000,lev15,Almucantar
Lake_Argyle,12:11:2020,12:00:00,317,317.000000,0.138125,0.089000,0.071000,0.063100,0.103000,0.050875,0.030725,0.021800,0.035150,0.038125,0.040275,0.041325,0.968317,4,4,4,4,4,4,4,4,4,4,4,4,4,-16.108100,128.748500,150.000000,lev15,Almucantar
Lake_Argyle,14:11:2020,12:00:00,319,319.000000,0.201950,0.132550,0.110600,0.096150,0.140000,0.065400,0.040850,0.025800,0.061900,0.067150,0.069750,0.070350,0.885993,2,2,2,2,2,2,2,2,2,2,2,2,2,-16.108100,128.748500,150.000000,lev15,Almucantar
Lake_Argyle,02:12:2020,12:00:00,337,337.000000,0.181100,0.098800,0.064300,0.049000,0.167400,0.083500,0.048300,0.032700,0.013800,0.015200,0.016100,0.016400,1.505303,1,1,1,1,1,1,1,1,1,1,1,1,1,-16.108100,128.748500,150.000000,lev15,Almucantar
Lake_Argyle,04:12:2020,12:00:00,339,339.000000,0.110867,0.071017,0.056767,0.049717,0.083733,0.041450,0.025500,0.017600,0.027150,0.029567,0.031267,0.032117,0.986283,6,6,6,6,6,6,6,6,6,6,6,6,6,-16.108100,128.748500,150.000000,lev15,Almucantar
