AERONET Data Download (Version 3 Direct Sun and Inversion Algorithms)
AERONET Version 3
Lake_Lefroy
Version 3: Almucantar Level 1.5 Inversion
The following data are cloud cleared and quality controls have been applied but these data may not have final calibration applied.  These data may change.
Daily Averages,Contact: PI=Ian_Lau; PI Email=ian.lau@csiro.au 
AERONET_AERONET_Site,Date(dd:mm:yyyy),Time(hh:mm:ss),Day_of_Year,Day_of_Year(fraction),VolC-T,REff-T,VMR-T,Std-T,VolC-F,REff-F,VMR-F,Std-F,VolC-C,REff-C,VMR-C,Std-C,N[VolC-T],N[REff-T],N[VMR-T],N[Std-T],N[VolC-F],N[REff-F],N[VMR-F],N[Std-F],N[VolC-C],N[REff-C],N[VMR-C],N[Std-C],Latitude(Degrees),Longitude(Degrees),Elevation(m),Level,Retrieval_Measurement_Scan_Type
Lake_Lefroy,23:01:2019,12:00:00,23,23.000000,0.053000,0.775000,2.151000,1.204000,0.006000,0.133000,0.152000,0.539000,0.046000,2.320000,3.096000,0.715000,1,1,1,1,1,1,1,1,1,1,1,1,-31.255000,121.705000,300.000000,lev15,Almucantar
Lake_Lefroy,20:02:2019,12:00:00,51,51.000000,0.056667,0.530000,1.536000,1.356333,0.012333,0.142667,0.159667,0.476000,0.044333,2.274667,2.911667,0.673000,3,3,3,3,3,3,3,3,3,3,3,3,-31.255000,121.705000,300.000000,lev15,Almucantar
Lake_Lefroy,21:02:2019,12:00:00,52,52.000000,0.042000,0.463000,1.403500,1.420500,0.009750,0.129000,0.142000,0.460250,0.032250,2.160750,2.819500,0.699500,4,4,4,4,4,4,4,4,4,4,4,4,-31.255000,121.705000,300.000000,lev15,Almucantar
Lake_Lefroy,22:02:2019,12:00:00,53,53.000000,0.042833,0.324667,0.963167,1.597333,0.018833,0.134000,0.147167,0.445000,0.024000,2.419333,3.183167,0.697333,6,6,6,6,6,6,6,6,6,6,6,6,-31.255000,121.705000,300.000000,lev15,Almucantar
Lake_Lefroy,23:02:2019,12:00:00,54,54.000000,0.086500,0.266000,0.726000,1.587000,0.035500,0.120500,0.131000,0.424000,0.051000,1.758500,2.427500,0.800500,2,2,2,2,2,2,2,2,2,2,2,2,-31.255000,121.705000,300.000000,lev15,Almucantar
Lake_Lefroy,24:02:2019,12:00:00,55,55.000000,0.063600,0.323400,0.880600,1.520400,0.024600,0.132600,0.146000,0.452400,0.039000,1.890400,2.550400,0.755000,5,5,5,5,5,5,5,5,5,5,5,5,-31.255000,121.705000,300.000000,lev15,Almucantar
Lake_Lefroy,25:02:2019,12:00:00,56,56.000000,0.045333,0.492833,1.324333,1.347500,0.010667,0.144167,0.162333,0.495333,0.034667,1.913833,2.528000,0.725500,6,6,6,6,6,6,6,6,6,6,6,6,-31.255000,121.705000,300.000000,lev15,Almucantar
Lake_Lefroy,27:02:2019,12:00:00,58,58.000000,0.096000,0.693000,1.829000,1.209000,0.015000,0.144000,0.162000,0.498000,0.081000,2.241000,2.835000,0.653000,1,1,1,1,1,1,1,1,1,1,1,1,-31.255000,121.705000,300.000000,lev15,Almucantar
Lake_Lefroy,28:02:2019,12:00:00,59,59.000000,0.106333,0.759667,1.965000,1.167333,0.012667,0.132000,0.149333,0.509333,0.093000,2.160333,2.799000,0.692000,3,3,3,3,3,3,3,3,3,3,3,3,-31.255000,121.705000,300.000000,lev15,Almucantar
Lake_Lefroy,01:03:2019,12:00:00,60,60.000000,0.073000,0.466250,1.307000,1.367000,0.016750,0.131500,0.146750,0.485250,0.056250,1.929000,2.513000,0.707750,4,4,4,4,4,4,4,4,4,4,4,4,-31.255000,121.705000,300.000000,lev15,Almucantar
Lake_Lefroy,02:03:2019,12:00:00,61,61.000000,0.029000,0.454000,1.212000,1.357500,0.007000,0.139500,0.156500,0.488500,0.021500,1.854500,2.407500,0.711000,2,2,2,2,2,2,2,2,2,2,2,2,-31.255000,121.705000,300.000000,lev15,Almucantar
Lake_Lefroy,03:03:2019,12:00:00,62,62.000000,0.034000,0.461000,1.196500,1.345167,0.008167,0.140167,0.156833,0.486000,0.025833,1.800167,2.351333,0.720500,6,6,6,6,6,6,6,6,6,6,6,6,-31.255000,121.705000,300.000000,lev15,Almucantar
Lake_Lefroy,11:03:2019,12:00:00,70,70.000000,0.022500,0.386500,1.010000,1.402500,0.007000,0.137500,0.153500,0.476000,0.015500,1.749000,2.277500,0.723500,2,2,2,2,2,2,2,2,2,2,2,2,-31.255000,121.705000,300.000000,lev15,Almucantar
Lake_Lefroy,12:03:2019,12:00:00,71,71.000000,0.027714,0.567429,1.533429,1.304000,0.005000,0.138000,0.155143,0.494000,0.022571,1.971857,2.616000,0.731857,7,7,7,7,7,7,7,7,7,7,7,7,-31.255000,121.705000,300.000000,lev15,Almucantar
Lake_Lefroy,14:03:2019,12:00:00,73,73.000000,0.025600,0.470400,1.257400,1.361200,0.006400,0.143200,0.161200,0.496000,0.019400,1.867000,2.473600,0.735200,5,5,5,5,5,5,5,5,5,5,5,5,-31.255000,121.705000,300.000000,lev15,Almucantar
Lake_Lefroy,16:03:2019,12:00:00,75,75.000000,0.019000,0.274000,0.682000,1.497333,0.008333,0.127667,0.139667,0.446000,0.011000,1.625333,2.154667,0.761667,3,3,3,3,3,3,3,3,3,3,3,3,-31.255000,121.705000,300.000000,lev15,Almucantar
Lake_Lefroy,18:03:2019,12:00:00,77,77.000000,0.025000,0.520500,1.295750,1.276875,0.004875,0.141000,0.161875,0.537750,0.020000,1.643625,2.208375,0.771875,8,8,8,8,8,8,8,8,8,8,8,8,-31.255000,121.705000,300.000000,lev15,Almucantar
Lake_Lefroy,19:03:2019,12:00:00,78,78.000000,0.039400,0.685400,1.546200,1.136200,0.005600,0.142400,0.163200,0.531600,0.034000,1.727000,2.223200,0.711800,5,5,5,5,5,5,5,5,5,5,5,5,-31.255000,121.705000,300.000000,lev15,Almucantar
Lake_Lefroy,20:03:2019,12:00:00,79,79.000000,0.021800,0.506400,1.128800,1.214200,0.004600,0.148200,0.169400,0.523200,0.016800,1.471600,1.899200,0.738600,5,5,5,5,5,5,5,5,5,5,5,5,-31.255000,121.705000,300.000000,lev15,Almucantar
Lake_Lefroy,22:03:2019,12:00:00,81,81.000000,0.013200,0.277800,0.717800,1.555800,0.005800,0.132800,0.145000,0.438600,0.007400,1.769400,2.467000,0.809600,5,5,5,5,5,5,5,5,5,5,5,5,-31.255000,121.705000,300.000000,lev15,Almucantar
Lake_Lefroy,24:03:2019,12:00:00,83,83.000000,0.023250,0.591000,1.580500,1.288375,0.003875,0.136125,0.155500,0.534125,0.019750,1.933750,2.610500,0.758125,8,8,8,8,8,8,8,8,8,8,8,8,-31.255000,121.705000,300.000000,lev15,Almucantar
Lake_Lefroy,10:06:2019,12:00:00,161,161.000000,0.037000,0.760000,1.834000,1.129000,0.004000,0.124000,0.145000,0.603000,0.033000,1.833000,2.447000,0.751000,1,1,1,1,1,1,1,1,1,1,1,1,-31.255000,121.705000,300.000000,lev15,Almucantar
Lake_Lefroy,12:06:2019,12:00:00,163,163.000000,0.014000,0.374000,0.963750,1.414250,0.004250,0.129750,0.145500,0.488250,0.009250,1.605000,2.152250,0.774000,4,4,4,4,4,4,4,4,4,4,4,4,-31.255000,121.705000,300.000000,lev15,Almucantar
Lake_Lefroy,13:06:2019,12:00:00,164,164.000000,0.025600,0.644000,1.520000,1.159800,0.003600,0.132600,0.154800,0.575000,0.022000,1.690800,2.209400,0.724600,5,5,5,5,5,5,5,5,5,5,5,5,-31.255000,121.705000,300.000000,lev15,Almucantar
Lake_Lefroy,14:06:2019,12:00:00,165,165.000000,0.013400,0.426800,1.133800,1.373600,0.003600,0.135200,0.150600,0.480000,0.010000,1.763600,2.315600,0.727200,5,5,5,5,5,5,5,5,5,5,5,5,-31.255000,121.705000,300.000000,lev15,Almucantar
Lake_Lefroy,15:06:2019,12:00:00,166,166.000000,0.015250,0.483000,1.252250,1.322500,0.003500,0.139750,0.158000,0.508250,0.011500,1.741000,2.308750,0.742500,4,4,4,4,4,4,4,4,4,4,4,4,-31.255000,121.705000,300.000000,lev15,Almucantar
Lake_Lefroy,16:06:2019,12:00:00,167,167.000000,0.015250,0.515500,1.186250,1.231000,0.003000,0.145500,0.168750,0.557000,0.012250,1.453500,1.945250,0.782750,4,4,4,4,4,4,4,4,4,4,4,4,-31.255000,121.705000,300.000000,lev15,Almucantar
Lake_Lefroy,18:06:2019,12:00:00,169,169.000000,0.041167,0.947333,1.919500,1.026667,0.003167,0.153833,0.185500,0.612000,0.037667,1.781667,2.381167,0.752500,6,6,6,6,6,6,6,6,6,6,6,6,-31.255000,121.705000,300.000000,lev15,Almucantar
Lake_Lefroy,19:06:2019,12:00:00,170,170.000000,0.013727,0.488000,1.120909,1.263182,0.003091,0.149909,0.171818,0.527273,0.010545,1.524364,2.014727,0.760182,11,11,11,11,11,11,11,11,11,11,11,11,-31.255000,121.705000,300.000000,lev15,Almucantar
Lake_Lefroy,20:06:2019,12:00:00,171,171.000000,0.013444,0.450111,1.141667,1.336889,0.003444,0.143667,0.161889,0.500444,0.009889,1.706000,2.244889,0.742000,9,9,9,9,9,9,9,9,9,9,9,9,-31.255000,121.705000,300.000000,lev15,Almucantar
Lake_Lefroy,22:06:2019,12:00:00,173,173.000000,0.013857,0.338857,0.927286,1.489000,0.004714,0.130857,0.145000,0.470000,0.009143,1.789857,2.399429,0.758286,7,7,7,7,7,7,7,7,7,7,7,7,-31.255000,121.705000,300.000000,lev15,Almucantar
Lake_Lefroy,25:06:2019,12:00:00,176,176.000000,0.022167,0.530333,1.331667,1.259500,0.004000,0.130667,0.151500,0.567500,0.018333,1.604333,2.148167,0.771500,6,6,6,6,6,6,6,6,6,6,6,6,-31.255000,121.705000,300.000000,lev15,Almucantar
Lake_Lefroy,26:06:2019,12:00:00,177,177.000000,0.005750,0.262750,0.586500,1.449000,0.002750,0.137750,0.151500,0.448500,0.003000,1.461500,2.000250,0.816000,4,4,4,4,4,4,4,4,4,4,4,4,-31.255000,121.705000,300.000000,lev15,Almucantar
Lake_Lefroy,27:06:2019,12:00:00,178,178.000000,0.026000,0.699000,1.690000,1.187000,0.004000,0.145000,0.171000,0.580000,0.022000,1.772000,2.431000,0.784000,1,1,1,1,1,1,1,1,1,1,1,1,-31.255000,121.705000,300.000000,lev15,Almucantar
Lake_Lefroy,28:06:2019,12:00:00,179,179.000000,0.014000,0.535667,1.379667,1.311000,0.003000,0.143667,0.163333,0.518667,0.011000,1.815333,2.438333,0.753667,3,3,3,3,3,3,3,3,3,3,3,3,-31.255000,121.705000,300.000000,lev15,Almucantar
Lake_Lefroy,29:06:2019,12:00:00,180,180.000000,0.010909,0.443000,1.104182,1.344182,0.002909,0.140727,0.158909,0.502636,0.008091,1.662636,2.201455,0.751273,11,11,11,11,11,11,11,11,11,11,11,11,-31.255000,121.705000,300.000000,lev15,Almucantar
Lake_Lefroy,01:07:2019,12:00:00,182,182.000000,0.007500,0.245000,0.605000,1.577000,0.004000,0.136000,0.150500,0.469500,0.003500,2.282000,2.907000,0.679500,2,2,2,2,2,2,2,2,2,2,2,2,-31.255000,121.705000,300.000000,lev15,Almucantar
Lake_Lefroy,03:07:2019,12:00:00,184,184.000000,0.006636,0.267727,0.649182,1.493182,0.002818,0.129455,0.142091,0.451000,0.003636,1.586000,2.133455,0.781818,11,11,11,11,11,11,11,11,11,11,11,11,-31.255000,121.705000,300.000000,lev15,Almucantar
Lake_Lefroy,05:07:2019,12:00:00,186,186.000000,0.006500,0.277000,0.557000,1.306500,0.003000,0.148000,0.163500,0.453500,0.003000,1.303500,1.680000,0.751500,2,2,2,2,2,2,2,2,2,2,2,2,-31.255000,121.705000,300.000000,lev15,Almucantar
Lake_Lefroy,06:07:2019,12:00:00,187,187.000000,0.007545,0.343727,0.873636,1.449545,0.002636,0.138727,0.153455,0.460818,0.004818,1.717909,2.282818,0.750182,11,11,11,11,11,11,11,11,11,11,11,11,-31.255000,121.705000,300.000000,lev15,Almucantar
Lake_Lefroy,07:07:2019,12:00:00,188,188.000000,0.007091,0.319000,0.820273,1.480909,0.002455,0.132818,0.146273,0.451091,0.004455,1.726000,2.295364,0.752000,11,11,11,11,11,11,11,11,11,11,11,11,-31.255000,121.705000,300.000000,lev15,Almucantar
Lake_Lefroy,08:07:2019,12:00:00,189,189.000000,0.008273,0.336273,0.926727,1.499455,0.002818,0.135545,0.149455,0.453636,0.005545,1.853091,2.520273,0.773727,11,11,11,11,11,11,11,11,11,11,11,11,-31.255000,121.705000,300.000000,lev15,Almucantar
Lake_Lefroy,09:07:2019,12:00:00,190,190.000000,0.006091,0.232273,0.542182,1.539545,0.003091,0.128182,0.139182,0.416909,0.003000,1.757455,2.384636,0.778818,11,11,11,11,11,11,11,11,11,11,11,11,-31.255000,121.705000,300.000000,lev15,Almucantar
Lake_Lefroy,10:07:2019,12:00:00,191,191.000000,0.010444,0.203000,0.370222,1.333111,0.007333,0.142444,0.155333,0.432333,0.003111,1.836111,2.349556,0.725111,9,9,9,9,9,9,9,9,9,9,9,9,-31.255000,121.705000,300.000000,lev15,Almucantar
Lake_Lefroy,11:07:2019,12:00:00,192,192.000000,0.014182,0.326818,0.732545,1.347909,0.005182,0.140636,0.156727,0.478909,0.008818,1.379091,1.797364,0.758091,11,11,11,11,11,11,11,11,11,11,11,11,-31.255000,121.705000,300.000000,lev15,Almucantar
Lake_Lefroy,12:07:2019,12:00:00,193,193.000000,0.020000,0.610000,1.541800,1.231200,0.003200,0.137600,0.159600,0.562200,0.016800,1.742000,2.370000,0.768000,5,5,5,5,5,5,5,5,5,5,5,5,-31.255000,121.705000,300.000000,lev15,Almucantar
Lake_Lefroy,13:07:2019,12:00:00,194,194.000000,0.054000,1.002667,2.030000,0.988667,0.003667,0.139333,0.167000,0.617667,0.050333,1.921000,2.479000,0.695667,3,3,3,3,3,3,3,3,3,3,3,3,-31.255000,121.705000,300.000000,lev15,Almucantar
Lake_Lefroy,14:07:2019,12:00:00,195,195.000000,0.038636,0.888182,1.807455,1.040545,0.003091,0.142364,0.173273,0.635182,0.035455,1.694818,2.256636,0.756818,11,11,11,11,11,11,11,11,11,11,11,11,-31.255000,121.705000,300.000000,lev15,Almucantar
Lake_Lefroy,15:07:2019,12:00:00,196,196.000000,0.006750,0.284250,0.696500,1.467875,0.002500,0.130000,0.143750,0.466625,0.003875,1.541750,2.068125,0.784625,8,8,8,8,8,8,8,8,8,8,8,8,-31.255000,121.705000,300.000000,lev15,Almucantar
Lake_Lefroy,16:07:2019,12:00:00,197,197.000000,0.007636,0.366182,0.923636,1.415182,0.002455,0.140091,0.157273,0.493909,0.005273,1.587636,2.187727,0.795545,11,11,11,11,11,11,11,11,11,11,11,11,-31.255000,121.705000,300.000000,lev15,Almucantar
Lake_Lefroy,17:07:2019,12:00:00,198,198.000000,0.006700,0.281800,0.783500,1.555900,0.002700,0.133300,0.146700,0.452400,0.003700,2.084700,2.846100,0.773900,10,10,10,10,10,10,10,10,10,10,10,10,-31.255000,121.705000,300.000000,lev15,Almucantar
Lake_Lefroy,18:07:2019,12:00:00,199,199.000000,0.008182,0.311727,0.897091,1.553636,0.003364,0.131364,0.144000,0.443909,0.005000,2.038182,2.781364,0.761727,11,11,11,11,11,11,11,11,11,11,11,11,-31.255000,121.705000,300.000000,lev15,Almucantar
Lake_Lefroy,19:07:2019,12:00:00,200,200.000000,0.009500,0.422000,1.303000,1.531333,0.002500,0.136333,0.150667,0.462500,0.007167,2.636667,3.378333,0.664333,6,6,6,6,6,6,6,6,6,6,6,6,-31.255000,121.705000,300.000000,lev15,Almucantar
Lake_Lefroy,20:07:2019,12:00:00,201,201.000000,0.012000,0.502000,1.383000,1.357000,0.003000,0.141000,0.159000,0.497000,0.010000,1.925000,2.586000,0.746000,1,1,1,1,1,1,1,1,1,1,1,1,-31.255000,121.705000,300.000000,lev15,Almucantar
Lake_Lefroy,22:07:2019,12:00:00,203,203.000000,0.051667,0.558333,1.230333,1.153000,0.008000,0.131667,0.155667,0.607333,0.043667,1.378667,1.798667,0.756333,3,3,3,3,3,3,3,3,3,3,3,3,-31.255000,121.705000,300.000000,lev15,Almucantar
Lake_Lefroy,23:07:2019,12:00:00,204,204.000000,0.027600,0.216900,0.419500,1.345000,0.019300,0.139300,0.151800,0.423600,0.008600,1.560500,2.026200,0.749300,10,10,10,10,10,10,10,10,10,10,10,10,-31.255000,121.705000,300.000000,lev15,Almucantar
Lake_Lefroy,24:07:2019,12:00:00,205,205.000000,0.032333,0.166333,0.244889,1.130222,0.026556,0.136111,0.145222,0.370000,0.005667,1.648889,2.083000,0.720333,9,9,9,9,9,9,9,9,9,9,9,9,-31.255000,121.705000,300.000000,lev15,Almucantar
Lake_Lefroy,25:07:2019,12:00:00,206,206.000000,0.016500,0.374500,0.965000,1.409000,0.005500,0.140000,0.156000,0.471000,0.011000,1.762500,2.283000,0.713500,2,2,2,2,2,2,2,2,2,2,2,2,-31.255000,121.705000,300.000000,lev15,Almucantar
Lake_Lefroy,30:07:2019,12:00:00,211,211.000000,0.009364,0.262545,0.623455,1.483000,0.004182,0.131909,0.144273,0.437455,0.005091,1.616182,2.154818,0.766545,11,11,11,11,11,11,11,11,11,11,11,11,-31.255000,121.705000,300.000000,lev15,Almucantar
Lake_Lefroy,31:07:2019,12:00:00,212,212.000000,0.008545,0.238818,0.569182,1.533182,0.004364,0.127091,0.138000,0.417636,0.004182,1.750364,2.362636,0.773636,11,11,11,11,11,11,11,11,11,11,11,11,-31.255000,121.705000,300.000000,lev15,Almucantar
Lake_Lefroy,01:08:2019,12:00:00,213,213.000000,0.011182,0.301273,0.778636,1.501000,0.004364,0.131909,0.145000,0.452091,0.006545,1.730545,2.315455,0.759545,11,11,11,11,11,11,11,11,11,11,11,11,-31.255000,121.705000,300.000000,lev15,Almucantar
Lake_Lefroy,02:08:2019,12:00:00,214,214.000000,0.009333,0.279333,0.687833,1.491167,0.003833,0.133000,0.146000,0.449167,0.005333,1.629667,2.193333,0.780000,6,6,6,6,6,6,6,6,6,6,6,6,-31.255000,121.705000,300.000000,lev15,Almucantar
Lake_Lefroy,03:08:2019,12:00:00,215,215.000000,0.022000,0.533667,1.510167,1.327833,0.004333,0.134000,0.148833,0.473667,0.017500,2.106000,2.702000,0.683167,6,6,6,6,6,6,6,6,6,6,6,6,-31.255000,121.705000,300.000000,lev15,Almucantar
Lake_Lefroy,04:08:2019,12:00:00,216,216.000000,0.023000,0.301333,0.761667,1.493667,0.009333,0.137000,0.150333,0.444000,0.013667,1.777000,2.352000,0.743000,3,3,3,3,3,3,3,3,3,3,3,3,-31.255000,121.705000,300.000000,lev15,Almucantar
Lake_Lefroy,05:08:2019,12:00:00,217,217.000000,0.044000,0.190000,0.311000,1.175000,0.029000,0.131000,0.143000,0.441000,0.016000,1.023000,1.250000,0.699000,1,1,1,1,1,1,1,1,1,1,1,1,-31.255000,121.705000,300.000000,lev15,Almucantar
Lake_Lefroy,06:08:2019,12:00:00,218,218.000000,0.010667,0.236667,0.492667,1.411000,0.006000,0.139667,0.154000,0.449000,0.005000,1.589667,2.086333,0.759333,3,3,3,3,3,3,3,3,3,3,3,3,-31.255000,121.705000,300.000000,lev15,Almucantar
Lake_Lefroy,07:08:2019,12:00:00,219,219.000000,0.009000,0.449000,1.219000,1.395000,0.002000,0.141000,0.158000,0.492000,0.007000,1.802000,2.466000,0.774000,1,1,1,1,1,1,1,1,1,1,1,1,-31.255000,121.705000,300.000000,lev15,Almucantar
Lake_Lefroy,08:08:2019,12:00:00,220,220.000000,0.027455,0.290364,0.658182,1.369182,0.017000,0.144455,0.160091,0.469182,0.010455,1.788636,2.289909,0.712909,11,11,11,11,11,11,11,11,11,11,11,11,-31.255000,121.705000,300.000000,lev15,Almucantar
Lake_Lefroy,09:08:2019,12:00:00,221,221.000000,0.032000,0.761000,1.725000,1.087000,0.004000,0.139000,0.160000,0.545000,0.028000,1.881000,2.367000,0.669000,1,1,1,1,1,1,1,1,1,1,1,1,-31.255000,121.705000,300.000000,lev15,Almucantar
Lake_Lefroy,10:08:2019,12:00:00,222,222.000000,0.008333,0.168333,0.292667,1.399667,0.006667,0.132000,0.143333,0.430667,0.001667,2.604333,3.295000,0.672333,3,3,3,3,3,3,3,3,3,3,3,3,-31.255000,121.705000,300.000000,lev15,Almucantar
Lake_Lefroy,11:08:2019,12:00:00,223,223.000000,0.011500,0.193833,0.376167,1.440667,0.007833,0.136000,0.149333,0.452667,0.003500,2.081333,2.691500,0.725167,6,6,6,6,6,6,6,6,6,6,6,6,-31.255000,121.705000,300.000000,lev15,Almucantar
Lake_Lefroy,12:08:2019,12:00:00,224,224.000000,0.009818,0.195818,0.410000,1.507455,0.006364,0.131000,0.141909,0.413000,0.003636,2.075364,2.769091,0.753545,11,11,11,11,11,11,11,11,11,11,11,11,-31.255000,121.705000,300.000000,lev15,Almucantar
Lake_Lefroy,16:08:2019,12:00:00,228,228.000000,0.016273,0.390818,1.049182,1.419909,0.004818,0.133000,0.147364,0.465909,0.011455,1.840545,2.417636,0.726182,11,11,11,11,11,11,11,11,11,11,11,11,-31.255000,121.705000,300.000000,lev15,Almucantar
Lake_Lefroy,18:08:2019,12:00:00,230,230.000000,0.054333,0.862000,1.807833,1.083167,0.005333,0.152000,0.184500,0.621000,0.049167,1.708667,2.326000,0.782667,6,6,6,6,6,6,6,6,6,6,6,6,-31.255000,121.705000,300.000000,lev15,Almucantar
Lake_Lefroy,19:08:2019,12:00:00,231,231.000000,0.032889,0.654778,1.486667,1.172556,0.004667,0.147556,0.172889,0.566667,0.028556,1.652333,2.201444,0.755111,9,9,9,9,9,9,9,9,9,9,9,9,-31.255000,121.705000,300.000000,lev15,Almucantar
Lake_Lefroy,20:08:2019,12:00:00,232,232.000000,0.012300,0.346100,0.824700,1.399300,0.004200,0.142600,0.159600,0.482600,0.007900,1.572900,2.090400,0.764000,10,10,10,10,10,10,10,10,10,10,10,10,-31.255000,121.705000,300.000000,lev15,Almucantar
Lake_Lefroy,21:08:2019,12:00:00,233,233.000000,0.007364,0.250636,0.610182,1.536364,0.003636,0.132182,0.145455,0.449091,0.003545,1.764818,2.406182,0.791000,11,11,11,11,11,11,11,11,11,11,11,11,-31.255000,121.705000,300.000000,lev15,Almucantar
Lake_Lefroy,24:08:2019,12:00:00,236,236.000000,0.021000,0.309000,0.816750,1.494750,0.008000,0.130000,0.143000,0.453000,0.013250,1.753000,2.312500,0.741250,4,4,4,4,4,4,4,4,4,4,4,4,-31.255000,121.705000,300.000000,lev15,Almucantar
Lake_Lefroy,25:08:2019,12:00:00,237,237.000000,0.024000,0.366500,0.921500,1.397167,0.008000,0.140167,0.155667,0.470167,0.016167,1.681500,2.179833,0.721500,6,6,6,6,6,6,6,6,6,6,6,6,-31.255000,121.705000,300.000000,lev15,Almucantar
Lake_Lefroy,26:08:2019,12:00:00,238,238.000000,0.015000,0.307667,0.728111,1.425778,0.006333,0.143111,0.160333,0.489000,0.008778,1.711778,2.230667,0.738667,9,9,9,9,9,9,9,9,9,9,9,9,-31.255000,121.705000,300.000000,lev15,Almucantar
Lake_Lefroy,27:08:2019,12:00:00,239,239.000000,0.009111,0.255667,0.581667,1.494556,0.004667,0.141000,0.155333,0.450444,0.004444,1.724111,2.342222,0.785889,9,9,9,9,9,9,9,9,9,9,9,9,-31.255000,121.705000,300.000000,lev15,Almucantar
Lake_Lefroy,28:08:2019,12:00:00,240,240.000000,0.016500,0.381875,1.058375,1.473875,0.005375,0.143250,0.159125,0.467500,0.011250,2.029000,2.680750,0.723125,8,8,8,8,8,8,8,8,8,8,8,8,-31.255000,121.705000,300.000000,lev15,Almucantar
Lake_Lefroy,29:08:2019,12:00:00,241,241.000000,0.038000,0.520000,1.429000,1.327500,0.008000,0.142000,0.158500,0.478000,0.030000,2.086000,2.655500,0.669000,2,2,2,2,2,2,2,2,2,2,2,2,-31.255000,121.705000,300.000000,lev15,Almucantar
Lake_Lefroy,31:08:2019,12:00:00,243,243.000000,0.040000,0.469000,1.143000,1.327500,0.011500,0.132500,0.147500,0.473000,0.028500,1.731000,2.255000,0.712000,2,2,2,2,2,2,2,2,2,2,2,2,-31.255000,121.705000,300.000000,lev15,Almucantar
Lake_Lefroy,01:09:2019,12:00:00,244,244.000000,0.019833,0.436333,1.086500,1.329000,0.005333,0.140667,0.159333,0.512500,0.014667,1.572167,2.097667,0.768833,6,6,6,6,6,6,6,6,6,6,6,6,-31.255000,121.705000,300.000000,lev15,Almucantar
Lake_Lefroy,02:09:2019,12:00:00,245,245.000000,0.024625,0.437500,1.113750,1.349625,0.006625,0.139125,0.156500,0.492500,0.017750,1.665875,2.216500,0.756750,8,8,8,8,8,8,8,8,8,8,8,8,-31.255000,121.705000,300.000000,lev15,Almucantar
Lake_Lefroy,03:09:2019,12:00:00,246,246.000000,0.032600,0.594800,1.416200,1.218800,0.005600,0.143400,0.163600,0.525400,0.027000,1.694600,2.241800,0.744600,5,5,5,5,5,5,5,5,5,5,5,5,-31.255000,121.705000,300.000000,lev15,Almucantar
Lake_Lefroy,04:09:2019,12:00:00,247,247.000000,0.024286,0.434143,1.103857,1.361429,0.006857,0.144714,0.161714,0.475571,0.017429,1.736571,2.296143,0.739143,7,7,7,7,7,7,7,7,7,7,7,7,-31.255000,121.705000,300.000000,lev15,Almucantar
Lake_Lefroy,05:09:2019,12:00:00,248,248.000000,0.015333,0.441333,1.140778,1.369889,0.004000,0.145889,0.163111,0.482333,0.011222,1.779778,2.361111,0.741889,9,9,9,9,9,9,9,9,9,9,9,9,-31.255000,121.705000,300.000000,lev15,Almucantar
Lake_Lefroy,07:09:2019,12:00:00,250,250.000000,0.013500,0.300600,0.745900,1.478300,0.005900,0.143000,0.158300,0.461700,0.007700,1.828300,2.406400,0.743200,10,10,10,10,10,10,10,10,10,10,10,10,-31.255000,121.705000,300.000000,lev15,Almucantar
Lake_Lefroy,08:09:2019,12:00:00,251,251.000000,0.013900,0.284500,0.700200,1.510500,0.006400,0.141000,0.155700,0.458200,0.007400,1.844200,2.458400,0.755700,10,10,10,10,10,10,10,10,10,10,10,10,-31.255000,121.705000,300.000000,lev15,Almucantar
Lake_Lefroy,09:09:2019,12:00:00,252,252.000000,0.028778,0.448000,1.250778,1.403889,0.007778,0.141778,0.157333,0.466778,0.021333,2.036889,2.649444,0.699444,9,9,9,9,9,9,9,9,9,9,9,9,-31.255000,121.705000,300.000000,lev15,Almucantar
Lake_Lefroy,11:09:2019,12:00:00,254,254.000000,0.030250,0.372250,0.953750,1.416250,0.010000,0.142000,0.158500,0.478500,0.020500,1.842250,2.362500,0.701500,4,4,4,4,4,4,4,4,4,4,4,4,-31.255000,121.705000,300.000000,lev15,Almucantar
Lake_Lefroy,12:09:2019,12:00:00,255,255.000000,0.028000,0.394286,1.003143,1.377571,0.008286,0.140143,0.156143,0.475714,0.019571,1.705429,2.209143,0.720143,7,7,7,7,7,7,7,7,7,7,7,7,-31.255000,121.705000,300.000000,lev15,Almucantar
Lake_Lefroy,13:09:2019,12:00:00,256,256.000000,0.034500,0.430000,1.167750,1.394750,0.009000,0.137500,0.151750,0.453000,0.025500,1.866250,2.442000,0.723000,4,4,4,4,4,4,4,4,4,4,4,4,-31.255000,121.705000,300.000000,lev15,Almucantar
Lake_Lefroy,14:09:2019,12:00:00,257,257.000000,0.036000,0.448000,1.257500,1.400167,0.009000,0.137833,0.152833,0.468333,0.026833,1.971167,2.589167,0.719000,6,6,6,6,6,6,6,6,6,6,6,6,-31.255000,121.705000,300.000000,lev15,Almucantar
Lake_Lefroy,16:09:2019,12:00:00,259,259.000000,0.038250,0.469000,1.135500,1.290250,0.009250,0.144500,0.164000,0.512000,0.029250,1.586500,2.082750,0.749000,4,4,4,4,4,4,4,4,4,4,4,4,-31.255000,121.705000,300.000000,lev15,Almucantar
Lake_Lefroy,17:09:2019,12:00:00,260,260.000000,0.035000,0.479000,1.272333,1.348333,0.008667,0.143333,0.161000,0.498000,0.026667,1.849333,2.444667,0.734333,3,3,3,3,3,3,3,3,3,3,3,3,-31.255000,121.705000,300.000000,lev15,Almucantar
Lake_Lefroy,18:09:2019,12:00:00,261,261.000000,0.026500,0.234200,0.490100,1.392200,0.017400,0.138900,0.152300,0.433600,0.009400,1.736000,2.326200,0.781800,10,10,10,10,10,10,10,10,10,10,10,10,-31.255000,121.705000,300.000000,lev15,Almucantar
Lake_Lefroy,20:09:2019,12:00:00,263,263.000000,0.023750,0.571250,1.463250,1.296250,0.004250,0.140250,0.159000,0.516500,0.019500,1.817250,2.468000,0.771500,4,4,4,4,4,4,4,4,4,4,4,4,-31.255000,121.705000,300.000000,lev15,Almucantar
Lake_Lefroy,21:09:2019,12:00:00,264,264.000000,0.016200,0.486600,1.267200,1.354400,0.004000,0.148800,0.166000,0.473800,0.012000,1.903200,2.512200,0.724200,5,5,5,5,5,5,5,5,5,5,5,5,-31.255000,121.705000,300.000000,lev15,Almucantar
Lake_Lefroy,22:09:2019,12:00:00,265,265.000000,0.010600,0.224000,0.515600,1.563200,0.006000,0.135200,0.148200,0.450800,0.004400,2.140000,2.800000,0.722200,5,5,5,5,5,5,5,5,5,5,5,5,-31.255000,121.705000,300.000000,lev15,Almucantar
Lake_Lefroy,23:09:2019,12:00:00,266,266.000000,0.015429,0.240000,0.551714,1.477857,0.009286,0.139286,0.153429,0.451857,0.006000,2.159000,2.843429,0.729000,7,7,7,7,7,7,7,7,7,7,7,7,-31.255000,121.705000,300.000000,lev15,Almucantar
Lake_Lefroy,24:09:2019,12:00:00,267,267.000000,0.016000,0.252667,0.630667,1.565333,0.008667,0.141333,0.156167,0.465333,0.007167,2.337833,3.022833,0.698833,6,6,6,6,6,6,6,6,6,6,6,6,-31.255000,121.705000,300.000000,lev15,Almucantar
Lake_Lefroy,26:09:2019,12:00:00,269,269.000000,0.042000,0.378800,1.074000,1.494200,0.014800,0.146400,0.164200,0.493400,0.027400,2.320600,2.914400,0.655200,5,5,5,5,5,5,5,5,5,5,5,5,-31.255000,121.705000,300.000000,lev15,Almucantar
Lake_Lefroy,27:09:2019,12:00:00,270,270.000000,0.035000,0.458000,1.200000,1.351000,0.009000,0.142000,0.160000,0.491000,0.026000,1.808000,2.367000,0.726000,1,1,1,1,1,1,1,1,1,1,1,1,-31.255000,121.705000,300.000000,lev15,Almucantar
Lake_Lefroy,28:09:2019,12:00:00,271,271.000000,0.036000,0.431000,1.104833,1.366333,0.009833,0.144333,0.161667,0.487333,0.026167,1.745500,2.301000,0.738500,6,6,6,6,6,6,6,6,6,6,6,6,-31.255000,121.705000,300.000000,lev15,Almucantar
Lake_Lefroy,29:09:2019,12:00:00,272,272.000000,0.029286,0.389000,0.988286,1.393286,0.009000,0.143000,0.159714,0.480000,0.020143,1.703000,2.242857,0.741000,7,7,7,7,7,7,7,7,7,7,7,7,-31.255000,121.705000,300.000000,lev15,Almucantar
Lake_Lefroy,30:09:2019,12:00:00,273,273.000000,0.027857,0.401000,0.960429,1.354000,0.008429,0.145286,0.163857,0.498000,0.019571,1.572857,2.095143,0.766571,7,7,7,7,7,7,7,7,7,7,7,7,-31.255000,121.705000,300.000000,lev15,Almucantar
Lake_Lefroy,01:10:2019,12:00:00,274,274.000000,0.055800,0.182000,0.340000,1.405000,0.039600,0.126400,0.134000,0.349800,0.016200,1.774600,2.456600,0.808800,5,5,5,5,5,5,5,5,5,5,5,5,-31.255000,121.705000,300.000000,lev15,Almucantar
Lake_Lefroy,02:10:2019,12:00:00,275,275.000000,0.043000,0.426000,1.161000,1.417000,0.012000,0.146000,0.163000,0.482000,0.030000,1.938000,2.575000,0.731000,1,1,1,1,1,1,1,1,1,1,1,1,-31.255000,121.705000,300.000000,lev15,Almucantar
Lake_Lefroy,03:10:2019,12:00:00,276,276.000000,0.023000,0.351000,0.882000,1.438000,0.008000,0.141000,0.155000,0.454000,0.015000,1.626000,2.198000,0.790000,1,1,1,1,1,1,1,1,1,1,1,1,-31.255000,121.705000,300.000000,lev15,Almucantar
Lake_Lefroy,05:10:2019,12:00:00,278,278.000000,0.024000,0.481000,1.443000,1.441000,0.006000,0.139000,0.152000,0.443000,0.018000,2.127000,2.925000,0.761000,1,1,1,1,1,1,1,1,1,1,1,1,-31.255000,121.705000,300.000000,lev15,Almucantar
Lake_Lefroy,06:10:2019,12:00:00,279,279.000000,0.011500,0.237000,0.515000,1.465000,0.006000,0.136000,0.149000,0.442500,0.005500,1.557500,2.108500,0.792500,2,2,2,2,2,2,2,2,2,2,2,2,-31.255000,121.705000,300.000000,lev15,Almucantar
Lake_Lefroy,07:10:2019,12:00:00,280,280.000000,0.021500,0.312750,0.803750,1.487500,0.008000,0.132750,0.146000,0.447500,0.013000,1.803000,2.390000,0.741500,4,4,4,4,4,4,4,4,4,4,4,4,-31.255000,121.705000,300.000000,lev15,Almucantar
Lake_Lefroy,09:10:2019,12:00:00,282,282.000000,0.030000,0.471000,1.339000,1.400000,0.008000,0.142000,0.157000,0.466000,0.023000,2.092000,2.740000,0.705000,1,1,1,1,1,1,1,1,1,1,1,1,-31.255000,121.705000,300.000000,lev15,Almucantar
Lake_Lefroy,11:10:2019,12:00:00,284,284.000000,0.039000,0.441333,1.238333,1.406333,0.010333,0.138333,0.154000,0.472333,0.028667,1.998000,2.607000,0.706667,3,3,3,3,3,3,3,3,3,3,3,3,-31.255000,121.705000,300.000000,lev15,Almucantar
Lake_Lefroy,13:10:2019,12:00:00,286,286.000000,0.012500,0.243750,0.583250,1.550250,0.006250,0.132500,0.144750,0.433500,0.006250,1.730500,2.423500,0.816000,4,4,4,4,4,4,4,4,4,4,4,4,-31.255000,121.705000,300.000000,lev15,Almucantar
Lake_Lefroy,14:10:2019,12:00:00,287,287.000000,0.015167,0.292333,0.703333,1.469167,0.006667,0.138167,0.151333,0.442667,0.008833,1.600167,2.162667,0.788833,6,6,6,6,6,6,6,6,6,6,6,6,-31.255000,121.705000,300.000000,lev15,Almucantar
Lake_Lefroy,15:10:2019,12:00:00,288,288.000000,0.013714,0.355571,0.868000,1.425857,0.004714,0.142143,0.158714,0.481857,0.009143,1.673714,2.265857,0.784000,7,7,7,7,7,7,7,7,7,7,7,7,-31.255000,121.705000,300.000000,lev15,Almucantar
Lake_Lefroy,16:10:2019,12:00:00,289,289.000000,0.041000,0.771667,1.911333,1.180000,0.005000,0.141667,0.162667,0.537333,0.035667,2.062333,2.743333,0.727667,3,3,3,3,3,3,3,3,3,3,3,3,-31.255000,121.705000,300.000000,lev15,Almucantar
Lake_Lefroy,17:10:2019,12:00:00,290,290.000000,0.020000,0.501250,1.200250,1.282500,0.004500,0.151750,0.171750,0.499500,0.015500,1.657500,2.185500,0.745250,4,4,4,4,4,4,4,4,4,4,4,4,-31.255000,121.705000,300.000000,lev15,Almucantar
Lake_Lefroy,18:10:2019,12:00:00,291,291.000000,0.049000,0.692000,1.683000,1.206000,0.007000,0.150000,0.166000,0.454000,0.041000,1.902000,2.533000,0.748000,1,1,1,1,1,1,1,1,1,1,1,1,-31.255000,121.705000,300.000000,lev15,Almucantar
Lake_Lefroy,19:10:2019,12:00:00,292,292.000000,0.051250,0.710000,1.704250,1.174250,0.006750,0.144750,0.166500,0.539500,0.044500,1.838250,2.458750,0.750500,4,4,4,4,4,4,4,4,4,4,4,4,-31.255000,121.705000,300.000000,lev15,Almucantar
Lake_Lefroy,21:10:2019,12:00:00,294,294.000000,0.019200,0.328000,0.878600,1.509600,0.007200,0.139800,0.155200,0.467000,0.011800,1.889000,2.546000,0.759200,5,5,5,5,5,5,5,5,5,5,5,5,-31.255000,121.705000,300.000000,lev15,Almucantar
Lake_Lefroy,22:10:2019,12:00:00,295,295.000000,0.030000,0.399750,1.016250,1.375875,0.008750,0.138500,0.154875,0.484125,0.021375,1.627500,2.168875,0.760125,8,8,8,8,8,8,8,8,8,8,8,8,-31.255000,121.705000,300.000000,lev15,Almucantar
Lake_Lefroy,23:10:2019,12:00:00,296,296.000000,0.024000,0.417000,1.027750,1.363750,0.007000,0.149250,0.168750,0.500250,0.017000,1.592000,2.164000,0.789750,4,4,4,4,4,4,4,4,4,4,4,4,-31.255000,121.705000,300.000000,lev15,Almucantar
Lake_Lefroy,24:10:2019,12:00:00,297,297.000000,0.014500,0.319500,0.873750,1.551750,0.006000,0.143000,0.160250,0.488750,0.008750,2.084250,2.798750,0.748750,4,4,4,4,4,4,4,4,4,4,4,4,-31.255000,121.705000,300.000000,lev15,Almucantar
Lake_Lefroy,25:10:2019,12:00:00,298,298.000000,0.024143,0.516429,1.158571,1.274429,0.004714,0.149000,0.169429,0.513143,0.019286,1.599143,2.134429,0.765714,7,7,7,7,7,7,7,7,7,7,7,7,-31.255000,121.705000,300.000000,lev15,Almucantar
Lake_Lefroy,26:10:2019,12:00:00,299,299.000000,0.014875,0.334750,0.828500,1.427375,0.005250,0.139375,0.154500,0.465375,0.009500,1.632250,2.154625,0.750000,8,8,8,8,8,8,8,8,8,8,8,8,-31.255000,121.705000,300.000000,lev15,Almucantar
Lake_Lefroy,27:10:2019,12:00:00,300,300.000000,0.021250,0.379250,0.970500,1.410250,0.006750,0.142250,0.159000,0.484250,0.014500,1.711250,2.277750,0.751000,4,4,4,4,4,4,4,4,4,4,4,4,-31.255000,121.705000,300.000000,lev15,Almucantar
Lake_Lefroy,30:10:2019,12:00:00,303,303.000000,0.037000,0.497000,1.381000,1.361000,0.009000,0.143000,0.160000,0.483000,0.028000,2.065000,2.681000,0.695000,1,1,1,1,1,1,1,1,1,1,1,1,-31.255000,121.705000,300.000000,lev15,Almucantar
Lake_Lefroy,01:11:2019,12:00:00,305,305.000000,0.027000,0.499000,1.295000,1.347000,0.006000,0.150000,0.164000,0.445000,0.020000,1.831000,2.464000,0.758000,1,1,1,1,1,1,1,1,1,1,1,1,-31.255000,121.705000,300.000000,lev15,Almucantar
Lake_Lefroy,02:11:2019,12:00:00,306,306.000000,0.011333,0.365000,0.960333,1.464000,0.004000,0.143000,0.160000,0.485000,0.007667,1.723667,2.397000,0.806000,3,3,3,3,3,3,3,3,3,3,3,3,-31.255000,121.705000,300.000000,lev15,Almucantar
Lake_Lefroy,03:11:2019,12:00:00,307,307.000000,0.024500,0.533000,1.287000,1.263000,0.005500,0.151000,0.172500,0.521000,0.019000,1.695000,2.236000,0.742000,2,2,2,2,2,2,2,2,2,2,2,2,-31.255000,121.705000,300.000000,lev15,Almucantar
Lake_Lefroy,18:12:2019,12:00:00,352,352.000000,0.074667,0.360000,1.010000,1.514667,0.025000,0.138667,0.153000,0.460333,0.049333,1.889333,2.628667,0.796333,3,3,3,3,3,3,3,3,3,3,3,3,-31.255000,121.705000,300.000000,lev15,Almucantar
Lake_Lefroy,20:12:2019,12:00:00,354,354.000000,0.052625,0.407875,0.932250,1.509125,0.025375,0.154375,0.171250,0.435750,0.027000,2.071375,2.931750,0.793750,8,8,8,8,8,8,8,8,8,8,8,8,-31.255000,121.705000,300.000000,lev15,Almucantar
Lake_Lefroy,21:12:2019,12:00:00,355,355.000000,0.064400,0.449400,1.242400,1.423800,0.017200,0.142200,0.160200,0.500400,0.047200,1.859800,2.585000,0.794800,5,5,5,5,5,5,5,5,5,5,5,5,-31.255000,121.705000,300.000000,lev15,Almucantar
Lake_Lefroy,22:12:2019,12:00:00,356,356.000000,0.038667,0.383333,0.966000,1.423000,0.013333,0.154333,0.175000,0.507000,0.025667,1.759333,2.382333,0.787667,3,3,3,3,3,3,3,3,3,3,3,3,-31.255000,121.705000,300.000000,lev15,Almucantar
Lake_Lefroy,30:01:2020,12:00:00,30,30.000000,0.032667,0.965000,2.241667,1.070000,0.003333,0.149667,0.172333,0.535000,0.029333,2.262667,2.937667,0.684667,3,3,3,3,3,3,3,3,3,3,3,3,-31.255000,121.705000,300.000000,lev15,Almucantar
Lake_Lefroy,31:01:2020,12:00:00,31,31.000000,0.027250,0.665000,1.604250,1.219500,0.004500,0.155750,0.176250,0.502500,0.022750,1.931000,2.537500,0.720500,4,4,4,4,4,4,4,4,4,4,4,4,-31.255000,121.705000,300.000000,lev15,Almucantar
Lake_Lefroy,01:02:2020,12:00:00,32,32.000000,0.022750,0.680875,1.609125,1.219250,0.003500,0.155875,0.177375,0.512250,0.019375,2.021500,2.628500,0.701000,8,8,8,8,8,8,8,8,8,8,8,8,-31.255000,121.705000,300.000000,lev15,Almucantar
Lake_Lefroy,02:02:2020,12:00:00,33,33.000000,0.016375,0.534750,1.298875,1.310750,0.004000,0.167625,0.191875,0.523125,0.012625,2.231125,2.813875,0.665375,8,8,8,8,8,8,8,8,8,8,8,8,-31.255000,121.705000,300.000000,lev15,Almucantar
Lake_Lefroy,03:02:2020,12:00:00,34,34.000000,0.011250,0.393750,0.971000,1.417750,0.004500,0.176000,0.203250,0.542750,0.006500,2.156750,2.727750,0.678250,4,4,4,4,4,4,4,4,4,4,4,4,-31.255000,121.705000,300.000000,lev15,Almucantar
Lake_Lefroy,04:02:2020,12:00:00,35,35.000000,0.020375,0.561250,1.234250,1.202500,0.004375,0.167625,0.191625,0.510750,0.016000,1.559750,2.056625,0.750750,8,8,8,8,8,8,8,8,8,8,8,8,-31.255000,121.705000,300.000000,lev15,Almucantar
Lake_Lefroy,05:02:2020,12:00:00,36,36.000000,0.023000,0.568750,1.353500,1.259000,0.005000,0.164250,0.186000,0.497500,0.018250,1.766750,2.353250,0.747750,4,4,4,4,4,4,4,4,4,4,4,4,-31.255000,121.705000,300.000000,lev15,Almucantar
Lake_Lefroy,09:02:2020,12:00:00,40,40.000000,0.050000,0.370500,0.926000,1.453500,0.022500,0.177500,0.210000,0.601500,0.027500,2.428500,2.987500,0.639000,2,2,2,2,2,2,2,2,2,2,2,2,-31.255000,121.705000,300.000000,lev15,Almucantar
Lake_Lefroy,13:02:2020,12:00:00,44,44.000000,0.019250,0.380750,0.814000,1.291750,0.006500,0.161500,0.182750,0.497250,0.012750,1.351250,1.796750,0.784500,4,4,4,4,4,4,4,4,4,4,4,4,-31.255000,121.705000,300.000000,lev15,Almucantar
Lake_Lefroy,14:02:2020,12:00:00,45,45.000000,0.023250,0.451500,1.006000,1.275250,0.006500,0.163000,0.185000,0.499250,0.017000,1.487250,1.971250,0.766750,4,4,4,4,4,4,4,4,4,4,4,4,-31.255000,121.705000,300.000000,lev15,Almucantar
Lake_Lefroy,15:02:2020,12:00:00,46,46.000000,0.018000,0.421000,0.938500,1.299500,0.005500,0.162500,0.183500,0.495000,0.012500,1.450000,1.942000,0.786000,2,2,2,2,2,2,2,2,2,2,2,2,-31.255000,121.705000,300.000000,lev15,Almucantar
Lake_Lefroy,16:02:2020,12:00:00,47,47.000000,0.024000,0.312429,0.675571,1.362000,0.010286,0.163000,0.186571,0.530286,0.013714,1.819000,2.309714,0.715286,7,7,7,7,7,7,7,7,7,7,7,7,-31.255000,121.705000,300.000000,lev15,Almucantar
Lake_Lefroy,17:02:2020,12:00:00,48,48.000000,0.027500,0.518250,1.086000,1.197250,0.007000,0.176000,0.200250,0.494750,0.020500,1.455500,1.905500,0.750500,4,4,4,4,4,4,4,4,4,4,4,4,-31.255000,121.705000,300.000000,lev15,Almucantar
Lake_Lefroy,18:02:2020,12:00:00,49,49.000000,0.041000,0.689333,1.483667,1.162333,0.006000,0.173333,0.201667,0.541333,0.034667,1.783000,2.343667,0.737333,3,3,3,3,3,3,3,3,3,3,3,3,-31.255000,121.705000,300.000000,lev15,Almucantar
Lake_Lefroy,21:02:2020,12:00:00,52,52.000000,0.010500,0.382500,0.736000,1.215500,0.004000,0.184500,0.207500,0.480000,0.006500,1.382500,1.726500,0.708000,2,2,2,2,2,2,2,2,2,2,2,2,-31.255000,121.705000,300.000000,lev15,Almucantar
Lake_Lefroy,23:02:2020,12:00:00,54,54.000000,0.018000,0.424500,0.878500,1.234000,0.005500,0.164500,0.187000,0.506500,0.012500,1.285000,1.689000,0.786500,2,2,2,2,2,2,2,2,2,2,2,2,-31.255000,121.705000,300.000000,lev15,Almucantar
Lake_Lefroy,24:02:2020,12:00:00,55,55.000000,0.014500,0.381000,0.772000,1.223500,0.005000,0.155500,0.177500,0.524500,0.010000,1.188500,1.533500,0.767500,2,2,2,2,2,2,2,2,2,2,2,2,-31.255000,121.705000,300.000000,lev15,Almucantar
Lake_Lefroy,27:02:2020,12:00:00,58,58.000000,0.036625,0.834875,1.714250,1.040375,0.004000,0.151125,0.176500,0.562500,0.032625,1.707750,2.216000,0.720875,8,8,8,8,8,8,8,8,8,8,8,8,-31.255000,121.705000,300.000000,lev15,Almucantar
Lake_Lefroy,02:03:2020,12:00:00,62,62.000000,0.015000,0.495750,1.080750,1.268750,0.004250,0.179500,0.205250,0.509250,0.011000,1.553250,2.100250,0.794500,4,4,4,4,4,4,4,4,4,4,4,4,-31.255000,121.705000,300.000000,lev15,Almucantar
Lake_Lefroy,03:03:2020,12:00:00,63,63.000000,0.012667,0.388333,0.839667,1.303333,0.005000,0.191667,0.219000,0.520500,0.007833,2.129333,2.638167,0.664667,6,6,6,6,6,6,6,6,6,6,6,6,-31.255000,121.705000,300.000000,lev15,Almucantar
Lake_Lefroy,04:03:2020,12:00:00,64,64.000000,0.008750,0.356000,0.807750,1.447500,0.004250,0.199500,0.229500,0.536500,0.004000,2.644250,3.266500,0.643500,4,4,4,4,4,4,4,4,4,4,4,4,-31.255000,121.705000,300.000000,lev15,Almucantar
Lake_Lefroy,05:03:2020,12:00:00,65,65.000000,0.008500,0.349500,0.761500,1.405000,0.005000,0.200000,0.232500,0.548500,0.004000,2.372500,2.952500,0.662000,2,2,2,2,2,2,2,2,2,2,2,2,-31.255000,121.705000,300.000000,lev15,Almucantar
Lake_Lefroy,07:03:2020,12:00:00,67,67.000000,0.018750,0.563500,1.298750,1.256250,0.004250,0.171750,0.196500,0.512500,0.014750,1.739750,2.324750,0.761750,4,4,4,4,4,4,4,4,4,4,4,4,-31.255000,121.705000,300.000000,lev15,Almucantar
Lake_Lefroy,08:03:2020,12:00:00,68,68.000000,0.026200,0.688200,1.293000,1.055000,0.003600,0.178400,0.207400,0.532800,0.022400,1.409800,1.818000,0.736000,5,5,5,5,5,5,5,5,5,5,5,5,-31.255000,121.705000,300.000000,lev15,Almucantar
Lake_Lefroy,09:03:2020,12:00:00,69,69.000000,0.028000,0.554000,1.197000,1.173000,0.005000,0.150000,0.175000,0.566000,0.023000,1.402000,1.842000,0.774000,1,1,1,1,1,1,1,1,1,1,1,1,-31.255000,121.705000,300.000000,lev15,Almucantar
Lake_Lefroy,10:03:2020,12:00:00,70,70.000000,0.044000,0.786167,1.478833,0.992667,0.004667,0.159667,0.188833,0.577667,0.039167,1.511667,1.907667,0.693500,6,6,6,6,6,6,6,6,6,6,6,6,-31.255000,121.705000,300.000000,lev15,Almucantar
Lake_Lefroy,11:03:2020,12:00:00,71,71.000000,0.025500,0.596167,1.210333,1.112667,0.004667,0.166500,0.191667,0.526500,0.021000,1.437167,1.836000,0.717833,6,6,6,6,6,6,6,6,6,6,6,6,-31.255000,121.705000,300.000000,lev15,Almucantar
Lake_Lefroy,12:03:2020,12:00:00,72,72.000000,0.015667,0.513333,1.140111,1.253778,0.003778,0.166556,0.190333,0.512889,0.011667,1.507444,2.042444,0.794889,9,9,9,9,9,9,9,9,9,9,9,9,-31.255000,121.705000,300.000000,lev15,Almucantar
Lake_Lefroy,15:03:2020,12:00:00,75,75.000000,0.024750,0.592500,1.185250,1.126500,0.004250,0.165000,0.192500,0.550500,0.020500,1.324000,1.748000,0.789000,4,4,4,4,4,4,4,4,4,4,4,4,-31.255000,121.705000,300.000000,lev15,Almucantar
Lake_Lefroy,18:03:2020,12:00:00,78,78.000000,0.016833,0.563500,1.325000,1.257000,0.004000,0.171667,0.196667,0.520167,0.013167,1.918833,2.454000,0.692500,6,6,6,6,6,6,6,6,6,6,6,6,-31.255000,121.705000,300.000000,lev15,Almucantar
Lake_Lefroy,22:03:2020,12:00:00,82,82.000000,0.016500,0.382000,0.839000,1.315000,0.006000,0.162500,0.181000,0.468000,0.011000,1.485000,1.946000,0.749500,2,2,2,2,2,2,2,2,2,2,2,2,-31.255000,121.705000,300.000000,lev15,Almucantar
Lake_Lefroy,23:03:2020,12:00:00,83,83.000000,0.013500,0.432750,0.979250,1.287750,0.003750,0.157250,0.176750,0.483750,0.009500,1.509250,1.977250,0.747250,4,4,4,4,4,4,4,4,4,4,4,4,-31.255000,121.705000,300.000000,lev15,Almucantar
Lake_Lefroy,24:03:2020,12:00:00,84,84.000000,0.005625,0.252125,0.471125,1.316750,0.003750,0.174375,0.197750,0.520875,0.002125,2.514125,3.081125,0.645125,8,8,8,8,8,8,8,8,8,8,8,8,-31.255000,121.705000,300.000000,lev15,Almucantar
Lake_Lefroy,25:03:2020,12:00:00,85,85.000000,0.013667,0.494000,1.020667,1.211500,0.003833,0.174167,0.196833,0.488000,0.010000,1.518833,1.943667,0.716500,6,6,6,6,6,6,6,6,6,6,6,6,-31.255000,121.705000,300.000000,lev15,Almucantar
Lake_Lefroy,07:04:2020,12:00:00,98,98.000000,0.014000,0.367000,0.796000,1.312000,0.005000,0.159000,0.178000,0.473000,0.009000,1.427000,1.865000,0.754000,1,1,1,1,1,1,1,1,1,1,1,1,-31.255000,121.705000,300.000000,lev15,Almucantar
Lake_Lefroy,14:04:2020,12:00:00,105,105.000000,0.019000,0.563000,1.120000,1.113000,0.004000,0.171000,0.196000,0.510000,0.015000,1.405000,1.768000,0.701000,1,1,1,1,1,1,1,1,1,1,1,1,-31.255000,121.705000,300.000000,lev15,Almucantar
Lake_Lefroy,16:04:2020,12:00:00,107,107.000000,0.033750,0.732250,1.497500,1.078250,0.004750,0.171250,0.197250,0.526000,0.028750,1.640750,2.111500,0.707750,4,4,4,4,4,4,4,4,4,4,4,4,-31.255000,121.705000,300.000000,lev15,Almucantar
Lake_Lefroy,18:04:2020,12:00:00,109,109.000000,0.013500,0.341500,0.771000,1.378000,0.005000,0.154500,0.172500,0.468000,0.008500,1.499000,2.014000,0.786000,2,2,2,2,2,2,2,2,2,2,2,2,-31.255000,121.705000,300.000000,lev15,Almucantar
Lake_Lefroy,20:04:2020,12:00:00,111,111.000000,0.018200,0.587000,1.182000,1.138600,0.003900,0.178900,0.204600,0.506900,0.014400,1.433600,1.868300,0.747100,10,10,10,10,10,10,10,10,10,10,10,10,-31.255000,121.705000,300.000000,lev15,Almucantar
Lake_Lefroy,21:04:2020,12:00:00,112,112.000000,0.016455,0.560455,1.213909,1.191818,0.003455,0.164182,0.187364,0.509364,0.012818,1.530364,2.003182,0.743636,11,11,11,11,11,11,11,11,11,11,11,11,-31.255000,121.705000,300.000000,lev15,Almucantar
Lake_Lefroy,23:04:2020,12:00:00,114,114.000000,0.009750,0.393750,0.896375,1.342125,0.003375,0.161625,0.182125,0.491375,0.006500,1.592750,2.111125,0.766000,8,8,8,8,8,8,8,8,8,8,8,8,-31.255000,121.705000,300.000000,lev15,Almucantar
Lake_Lefroy,26:04:2020,12:00:00,117,117.000000,0.025000,0.809000,1.703000,1.065000,0.003000,0.167000,0.193000,0.530000,0.021000,1.823000,2.334000,0.688000,1,1,1,1,1,1,1,1,1,1,1,1,-31.255000,121.705000,300.000000,lev15,Almucantar
Lake_Lefroy,28:04:2020,12:00:00,119,119.000000,0.024400,0.645200,1.264800,1.102400,0.004200,0.177200,0.205000,0.519400,0.020200,1.466200,1.892000,0.727600,5,5,5,5,5,5,5,5,5,5,5,5,-31.255000,121.705000,300.000000,lev15,Almucantar
Lake_Lefroy,29:04:2020,12:00:00,120,120.000000,0.031400,1.023600,1.910600,0.977000,0.002400,0.183600,0.216000,0.548800,0.029000,1.786800,2.347600,0.723600,5,5,5,5,5,5,5,5,5,5,5,5,-31.255000,121.705000,300.000000,lev15,Almucantar
Lake_Lefroy,30:04:2020,12:00:00,121,121.000000,0.028833,0.959167,1.834500,0.995667,0.002833,0.177667,0.208500,0.548500,0.026000,1.780500,2.315167,0.710333,6,6,6,6,6,6,6,6,6,6,6,6,-31.255000,121.705000,300.000000,lev15,Almucantar
Lake_Lefroy,01:05:2020,12:00:00,122,122.000000,0.021400,0.764800,1.507600,1.067000,0.002700,0.174900,0.201500,0.519300,0.018600,1.647000,2.111400,0.704700,10,10,10,10,10,10,10,10,10,10,10,10,-31.255000,121.705000,300.000000,lev15,Almucantar
Lake_Lefroy,02:05:2020,12:00:00,123,123.000000,0.011875,0.555875,1.159125,1.191000,0.002875,0.178500,0.201625,0.486250,0.009125,1.571625,2.027875,0.723250,8,8,8,8,8,8,8,8,8,8,8,8,-31.255000,121.705000,300.000000,lev15,Almucantar
Lake_Lefroy,03:05:2020,12:00:00,124,124.000000,0.008500,0.360250,0.766375,1.323500,0.003500,0.170125,0.191500,0.483250,0.004875,1.523000,1.995625,0.748250,8,8,8,8,8,8,8,8,8,8,8,8,-31.255000,121.705000,300.000000,lev15,Almucantar
Lake_Lefroy,04:05:2020,12:00:00,125,125.000000,0.008200,0.411000,0.956000,1.354800,0.003000,0.179200,0.205000,0.525000,0.005000,1.883600,2.410800,0.712600,5,5,5,5,5,5,5,5,5,5,5,5,-31.255000,121.705000,300.000000,lev15,Almucantar
Lake_Lefroy,07:05:2020,12:00:00,128,128.000000,0.024889,0.740222,1.436778,1.058111,0.003444,0.179333,0.208778,0.535000,0.021444,1.524000,1.982667,0.732889,9,9,9,9,9,9,9,9,9,9,9,9,-31.255000,121.705000,300.000000,lev15,Almucantar
Lake_Lefroy,09:05:2020,12:00:00,130,130.000000,0.015750,0.634875,1.348875,1.155875,0.002750,0.169375,0.193750,0.512250,0.012750,1.595500,2.087375,0.738250,8,8,8,8,8,8,8,8,8,8,8,8,-31.255000,121.705000,300.000000,lev15,Almucantar
Lake_Lefroy,10:05:2020,12:00:00,131,131.000000,0.007500,0.541000,1.046500,1.159000,0.002500,0.226500,0.258000,0.493000,0.005500,1.660500,2.067500,0.679500,2,2,2,2,2,2,2,2,2,2,2,2,-31.255000,121.705000,300.000000,lev15,Almucantar
Lake_Lefroy,11:05:2020,12:00:00,132,132.000000,0.011800,0.463000,1.073400,1.330200,0.003800,0.184800,0.212200,0.527200,0.008000,1.820200,2.416600,0.754000,5,5,5,5,5,5,5,5,5,5,5,5,-31.255000,121.705000,300.000000,lev15,Almucantar
Lake_Lefroy,13:05:2020,12:00:00,134,134.000000,0.016600,0.513000,1.080800,1.202200,0.004000,0.170000,0.192600,0.492600,0.012600,1.475600,1.914600,0.737400,5,5,5,5,5,5,5,5,5,5,5,5,-31.255000,121.705000,300.000000,lev15,Almucantar
Lake_Lefroy,14:05:2020,12:00:00,135,135.000000,0.012900,0.357300,0.817600,1.386400,0.005400,0.170800,0.194200,0.514300,0.007300,1.845700,2.364900,0.712600,10,10,10,10,10,10,10,10,10,10,10,10,-31.255000,121.705000,300.000000,lev15,Almucantar
Lake_Lefroy,15:05:2020,12:00:00,136,136.000000,0.010091,0.365909,0.897545,1.404636,0.003909,0.167455,0.189727,0.509364,0.006000,1.945818,2.522000,0.713909,11,11,11,11,11,11,11,11,11,11,11,11,-31.255000,121.705000,300.000000,lev15,Almucantar
Lake_Lefroy,16:05:2020,12:00:00,137,137.000000,0.028750,0.603125,1.362375,1.166125,0.005125,0.150250,0.171875,0.524375,0.023750,1.655125,2.116000,0.700125,8,8,8,8,8,8,8,8,8,8,8,8,-31.255000,121.705000,300.000000,lev15,Almucantar
Lake_Lefroy,18:05:2020,12:00:00,139,139.000000,0.012200,0.386000,0.805200,1.293600,0.004200,0.179600,0.207600,0.536400,0.007800,1.729600,2.203200,0.719200,5,5,5,5,5,5,5,5,5,5,5,5,-31.255000,121.705000,300.000000,lev15,Almucantar
Lake_Lefroy,19:05:2020,12:00:00,140,140.000000,0.018714,0.685429,1.544571,1.187000,0.003143,0.174857,0.200143,0.507000,0.015429,1.867857,2.454857,0.722714,7,7,7,7,7,7,7,7,7,7,7,7,-31.255000,121.705000,300.000000,lev15,Almucantar
Lake_Lefroy,21:05:2020,12:00:00,142,142.000000,0.020000,0.726333,1.582000,1.129000,0.003333,0.175000,0.198333,0.490333,0.016667,1.817333,2.350667,0.702333,3,3,3,3,3,3,3,3,3,3,3,3,-31.255000,121.705000,300.000000,lev15,Almucantar
Lake_Lefroy,22:05:2020,12:00:00,143,143.000000,0.007875,0.359250,0.828750,1.394625,0.003375,0.171750,0.195375,0.516375,0.004625,1.893625,2.422000,0.704875,8,8,8,8,8,8,8,8,8,8,8,8,-31.255000,121.705000,300.000000,lev15,Almucantar
Lake_Lefroy,23:05:2020,12:00:00,144,144.000000,0.007364,0.380818,0.836364,1.330909,0.002909,0.172182,0.194182,0.494455,0.004273,1.640000,2.129000,0.735545,11,11,11,11,11,11,11,11,11,11,11,11,-31.255000,121.705000,300.000000,lev15,Almucantar
Lake_Lefroy,25:05:2020,12:00:00,146,146.000000,0.031000,0.820250,1.491500,1.009750,0.003000,0.178250,0.209000,0.547000,0.028000,1.515250,1.953500,0.726250,4,4,4,4,4,4,4,4,4,4,4,4,-31.255000,121.705000,300.000000,lev15,Almucantar
Lake_Lefroy,26:05:2020,12:00:00,147,147.000000,0.023000,0.791000,1.426833,1.001500,0.003000,0.195333,0.225500,0.514833,0.019833,1.442667,1.872333,0.730833,6,6,6,6,6,6,6,6,6,6,6,6,-31.255000,121.705000,300.000000,lev15,Almucantar
Lake_Lefroy,28:05:2020,12:00:00,149,149.000000,0.008125,0.446375,1.051875,1.351000,0.002750,0.176625,0.199750,0.496375,0.005375,1.862500,2.441250,0.729500,8,8,8,8,8,8,8,8,8,8,8,8,-31.255000,121.705000,300.000000,lev15,Almucantar
Lake_Lefroy,29:05:2020,12:00:00,150,150.000000,0.009000,0.482636,1.211364,1.339273,0.002545,0.169909,0.192091,0.495818,0.006545,1.895182,2.555000,0.756364,11,11,11,11,11,11,11,11,11,11,11,11,-31.255000,121.705000,300.000000,lev15,Almucantar
Lake_Lefroy,30:05:2020,12:00:00,151,151.000000,0.025600,0.860400,1.721600,1.076000,0.003400,0.201400,0.227200,0.466800,0.022400,1.746000,2.352400,0.757000,5,5,5,5,5,5,5,5,5,5,5,5,-31.255000,121.705000,300.000000,lev15,Almucantar
Lake_Lefroy,01:06:2020,12:00:00,153,153.000000,0.020000,0.668800,1.389800,1.118800,0.003200,0.169800,0.195400,0.519600,0.017000,1.596600,2.067800,0.720600,5,5,5,5,5,5,5,5,5,5,5,5,-31.255000,121.705000,300.000000,lev15,Almucantar
Lake_Lefroy,02:06:2020,12:00:00,154,154.000000,0.010333,0.568333,1.206333,1.209333,0.003000,0.198667,0.225000,0.493000,0.007667,1.800000,2.278000,0.686667,3,3,3,3,3,3,3,3,3,3,3,3,-31.255000,121.705000,300.000000,lev15,Almucantar
Lake_Lefroy,03:06:2020,12:00:00,155,155.000000,0.007000,0.528000,1.149000,1.253000,0.003000,0.229000,0.273000,0.590000,0.005000,2.180000,2.641000,0.623000,1,1,1,1,1,1,1,1,1,1,1,1,-31.255000,121.705000,300.000000,lev15,Almucantar
Lake_Lefroy,05:06:2020,12:00:00,157,157.000000,0.006167,0.334833,0.720500,1.368667,0.002667,0.175500,0.203000,0.544333,0.003333,1.666333,2.202333,0.776000,6,6,6,6,6,6,6,6,6,6,6,6,-31.255000,121.705000,300.000000,lev15,Almucantar
Lake_Lefroy,08:06:2020,12:00:00,160,160.000000,0.006800,0.325600,0.655600,1.320700,0.003700,0.185300,0.211000,0.511400,0.003200,1.750800,2.216000,0.707400,10,10,10,10,10,10,10,10,10,10,10,10,-31.255000,121.705000,300.000000,lev15,Almucantar
Lake_Lefroy,09:06:2020,12:00:00,161,161.000000,0.005000,0.332000,0.692500,1.325000,0.003000,0.200500,0.232000,0.546500,0.002500,2.238500,2.717500,0.645000,2,2,2,2,2,2,2,2,2,2,2,2,-31.255000,121.705000,300.000000,lev15,Almucantar
Lake_Lefroy,10:06:2020,12:00:00,162,162.000000,0.011000,0.515000,1.375000,1.351000,0.003000,0.154000,0.172000,0.483000,0.009000,1.964000,2.638000,0.741000,1,1,1,1,1,1,1,1,1,1,1,1,-31.255000,121.705000,300.000000,lev15,Almucantar
Lake_Lefroy,13:06:2020,12:00:00,165,165.000000,0.024000,0.696600,1.446800,1.143800,0.004600,0.188400,0.211000,0.461400,0.019600,1.706600,2.242800,0.726400,5,5,5,5,5,5,5,5,5,5,5,5,-31.255000,121.705000,300.000000,lev15,Almucantar
Lake_Lefroy,14:06:2020,12:00:00,166,166.000000,0.019600,0.451400,1.064200,1.323000,0.006200,0.163000,0.181600,0.469600,0.013600,1.779000,2.294600,0.701800,5,5,5,5,5,5,5,5,5,5,5,5,-31.255000,121.705000,300.000000,lev15,Almucantar
Lake_Lefroy,15:06:2020,12:00:00,167,167.000000,0.023333,0.630000,1.387333,1.180333,0.004667,0.178667,0.198667,0.454333,0.018333,1.745667,2.266000,0.706000,3,3,3,3,3,3,3,3,3,3,3,3,-31.255000,121.705000,300.000000,lev15,Almucantar
Lake_Lefroy,16:06:2020,12:00:00,168,168.000000,0.008500,0.346500,0.776667,1.356167,0.003333,0.153167,0.171000,0.476333,0.005667,1.459333,1.938500,0.774333,6,6,6,6,6,6,6,6,6,6,6,6,-31.255000,121.705000,300.000000,lev15,Almucantar
Lake_Lefroy,17:06:2020,12:00:00,169,169.000000,0.025667,0.839333,2.004000,1.120000,0.003000,0.155000,0.177000,0.520000,0.022667,2.169000,2.804333,0.680667,3,3,3,3,3,3,3,3,3,3,3,3,-31.255000,121.705000,300.000000,lev15,Almucantar
Lake_Lefroy,18:06:2020,12:00:00,170,170.000000,0.021000,0.745000,1.695000,1.149000,0.003000,0.153000,0.181000,0.582000,0.018000,1.705000,2.347000,0.793000,1,1,1,1,1,1,1,1,1,1,1,1,-31.255000,121.705000,300.000000,lev15,Almucantar
Lake_Lefroy,19:06:2020,12:00:00,171,171.000000,0.011222,0.670556,1.347111,1.121111,0.002000,0.176111,0.199889,0.497778,0.009333,1.566000,2.029111,0.725111,9,9,9,9,9,9,9,9,9,9,9,9,-31.255000,121.705000,300.000000,lev15,Almucantar
Lake_Lefroy,20:06:2020,12:00:00,172,172.000000,0.007455,0.499182,1.177909,1.317636,0.002273,0.172909,0.193909,0.480091,0.005091,1.902727,2.471182,0.711455,11,11,11,11,11,11,11,11,11,11,11,11,-31.255000,121.705000,300.000000,lev15,Almucantar
Lake_Lefroy,21:06:2020,12:00:00,173,173.000000,0.004545,0.334545,0.707455,1.364091,0.002273,0.180364,0.204545,0.507909,0.002273,1.855818,2.350636,0.701636,11,11,11,11,11,11,11,11,11,11,11,11,-31.255000,121.705000,300.000000,lev15,Almucantar
Lake_Lefroy,22:06:2020,12:00:00,174,174.000000,0.004909,0.363182,0.762182,1.320909,0.002273,0.181727,0.207818,0.519545,0.002818,1.748455,2.196727,0.694818,11,11,11,11,11,11,11,11,11,11,11,11,-31.255000,121.705000,300.000000,lev15,Almucantar
Lake_Lefroy,23:06:2020,12:00:00,175,175.000000,0.029750,1.032500,2.019500,1.022500,0.003000,0.194750,0.224000,0.507750,0.027000,1.855000,2.528750,0.763250,4,4,4,4,4,4,4,4,4,4,4,4,-31.255000,121.705000,300.000000,lev15,Almucantar
Lake_Lefroy,24:06:2020,12:00:00,176,176.000000,0.021364,0.656455,1.281000,1.110818,0.003364,0.176091,0.202818,0.518000,0.018000,1.464364,1.919091,0.751000,11,11,11,11,11,11,11,11,11,11,11,11,-31.255000,121.705000,300.000000,lev15,Almucantar
Lake_Lefroy,28:08:2020,12:00:00,241,241.000000,0.014000,0.422000,1.158286,1.434857,0.004429,0.148286,0.165000,0.471000,0.009571,2.114286,2.745000,0.696000,7,7,7,7,7,7,7,7,7,7,7,7,-31.255000,121.705000,300.000000,lev15,Almucantar
Lake_Lefroy,29:08:2020,12:00:00,242,242.000000,0.019000,0.347667,0.802750,1.385083,0.007417,0.151167,0.168500,0.466500,0.011750,1.548750,2.072000,0.776000,12,12,12,12,12,12,12,12,12,12,12,12,-31.255000,121.705000,300.000000,lev15,Almucantar
Lake_Lefroy,30:08:2020,12:00:00,243,243.000000,0.017700,0.489400,1.064200,1.257900,0.004200,0.160900,0.181600,0.493000,0.013500,1.529800,2.021100,0.758400,10,10,10,10,10,10,10,10,10,10,10,10,-31.255000,121.705000,300.000000,lev15,Almucantar
Lake_Lefroy,31:08:2020,12:00:00,244,244.000000,0.015833,0.366833,0.862083,1.376500,0.005500,0.151667,0.170167,0.484917,0.010333,1.502333,2.045750,0.804583,12,12,12,12,12,12,12,12,12,12,12,12,-31.255000,121.705000,300.000000,lev15,Almucantar
Lake_Lefroy,01:09:2020,12:00:00,245,245.000000,0.010500,0.443000,1.071500,1.309500,0.003000,0.146500,0.163500,0.479000,0.007500,1.627500,2.107000,0.722500,2,2,2,2,2,2,2,2,2,2,2,2,-31.255000,121.705000,300.000000,lev15,Almucantar
Lake_Lefroy,03:09:2020,12:00:00,247,247.000000,0.036333,0.411000,0.939667,1.300833,0.011000,0.153833,0.173333,0.496333,0.025667,1.619833,2.083000,0.717667,6,6,6,6,6,6,6,6,6,6,6,6,-31.255000,121.705000,300.000000,lev15,Almucantar
Lake_Lefroy,04:09:2020,12:00:00,248,248.000000,0.028000,0.332250,0.748750,1.346000,0.010750,0.143500,0.158000,0.453000,0.017500,1.487250,1.910750,0.725000,4,4,4,4,4,4,4,4,4,4,4,4,-31.255000,121.705000,300.000000,lev15,Almucantar
Lake_Lefroy,05:09:2020,12:00:00,249,249.000000,0.014125,0.286375,0.637125,1.391500,0.007500,0.152625,0.170125,0.477500,0.006625,1.736000,2.265625,0.742500,8,8,8,8,8,8,8,8,8,8,8,8,-31.255000,121.705000,300.000000,lev15,Almucantar
Lake_Lefroy,06:09:2020,12:00:00,250,250.000000,0.011000,0.270000,0.622000,1.507000,0.006000,0.153000,0.172000,0.491000,0.005000,2.125000,2.744000,0.704000,1,1,1,1,1,1,1,1,1,1,1,1,-31.255000,121.705000,300.000000,lev15,Almucantar
Lake_Lefroy,08:09:2020,12:00:00,252,252.000000,0.021300,0.536700,1.107600,1.186800,0.004800,0.168200,0.193000,0.516100,0.016700,1.411800,1.865400,0.767400,10,10,10,10,10,10,10,10,10,10,10,10,-31.255000,121.705000,300.000000,lev15,Almucantar
Lake_Lefroy,09:09:2020,12:00:00,253,253.000000,0.011000,0.272800,0.548000,1.343200,0.005800,0.157000,0.175600,0.480800,0.005200,1.512400,1.933200,0.737200,5,5,5,5,5,5,5,5,5,5,5,5,-31.255000,121.705000,300.000000,lev15,Almucantar
Lake_Lefroy,13:09:2020,12:00:00,257,257.000000,0.010667,0.317667,0.672333,1.339667,0.004667,0.161000,0.182000,0.505000,0.006000,1.586000,2.039000,0.733667,3,3,3,3,3,3,3,3,3,3,3,3,-31.255000,121.705000,300.000000,lev15,Almucantar
Lake_Lefroy,07:11:2020,12:00:00,312,312.000000,0.032000,0.641250,1.457000,1.168000,0.004500,0.144500,0.168000,0.563000,0.027250,1.589750,2.119250,0.773250,4,4,4,4,4,4,4,4,4,4,4,4,-31.255000,121.705000,300.000000,lev15,Almucantar
Lake_Lefroy,08:11:2020,12:00:00,313,313.000000,0.019571,0.380571,0.873714,1.344714,0.006571,0.154286,0.173143,0.484429,0.013000,1.504571,2.007571,0.770143,7,7,7,7,7,7,7,7,7,7,7,7,-31.255000,121.705000,300.000000,lev15,Almucantar
Lake_Lefroy,09:11:2020,12:00:00,314,314.000000,0.025667,0.627000,1.495111,1.202222,0.004667,0.153889,0.176111,0.523556,0.021000,1.785889,2.342444,0.730889,9,9,9,9,9,9,9,9,9,9,9,9,-31.255000,121.705000,300.000000,lev15,Almucantar
Lake_Lefroy,12:11:2020,12:00:00,317,317.000000,0.017250,0.510125,1.286125,1.307000,0.004125,0.152750,0.173750,0.509000,0.013250,1.834500,2.411625,0.728375,8,8,8,8,8,8,8,8,8,8,8,8,-31.255000,121.705000,300.000000,lev15,Almucantar
Lake_Lefroy,13:11:2020,12:00:00,318,318.000000,0.013375,0.359750,0.980250,1.485375,0.004625,0.145250,0.161625,0.476500,0.008500,2.132750,2.775750,0.707500,8,8,8,8,8,8,8,8,8,8,8,8,-31.255000,121.705000,300.000000,lev15,Almucantar
Lake_Lefroy,14:11:2020,12:00:00,319,319.000000,0.011000,0.295500,0.681500,1.417500,0.004500,0.145500,0.162500,0.474500,0.006000,1.758500,2.257500,0.716000,2,2,2,2,2,2,2,2,2,2,2,2,-31.255000,121.705000,300.000000,lev15,Almucantar
Lake_Lefroy,15:11:2020,12:00:00,320,320.000000,0.017500,0.522500,1.167500,1.226000,0.004000,0.157500,0.180000,0.520500,0.013500,1.485500,1.971500,0.772500,2,2,2,2,2,2,2,2,2,2,2,2,-31.255000,121.705000,300.000000,lev15,Almucantar
Lake_Lefroy,16:11:2020,12:00:00,321,321.000000,0.016200,0.505600,1.332900,1.343000,0.004000,0.155400,0.175600,0.499400,0.012000,1.996800,2.611800,0.718000,10,10,10,10,10,10,10,10,10,10,10,10,-31.255000,121.705000,300.000000,lev15,Almucantar
Lake_Lefroy,18:11:2020,12:00:00,323,323.000000,0.014625,0.428750,1.038500,1.339125,0.004375,0.153125,0.172875,0.496375,0.010500,1.616750,2.156625,0.764125,8,8,8,8,8,8,8,8,8,8,8,8,-31.255000,121.705000,300.000000,lev15,Almucantar
Lake_Lefroy,19:11:2020,12:00:00,324,324.000000,0.014600,0.405400,0.977000,1.359000,0.004800,0.150800,0.169600,0.489800,0.010000,1.599400,2.135800,0.770000,5,5,5,5,5,5,5,5,5,5,5,5,-31.255000,121.705000,300.000000,lev15,Almucantar
Lake_Lefroy,20:11:2020,12:00:00,325,325.000000,0.024167,0.579833,1.457333,1.265833,0.004667,0.151333,0.172333,0.510667,0.019500,1.843167,2.454833,0.741833,6,6,6,6,6,6,6,6,6,6,6,6,-31.255000,121.705000,300.000000,lev15,Almucantar
Lake_Lefroy,21:11:2020,12:00:00,326,326.000000,0.026333,0.592333,1.414000,1.220500,0.004667,0.146167,0.166000,0.515333,0.021833,1.767000,2.294667,0.718000,6,6,6,6,6,6,6,6,6,6,6,6,-31.255000,121.705000,300.000000,lev15,Almucantar
Lake_Lefroy,22:11:2020,12:00:00,327,327.000000,0.012333,0.422667,0.980667,1.411667,0.003667,0.166333,0.188167,0.499167,0.008500,2.116000,2.720667,0.699000,6,6,6,6,6,6,6,6,6,6,6,6,-31.255000,121.705000,300.000000,lev15,Almucantar
Lake_Lefroy,23:11:2020,12:00:00,328,328.000000,0.009200,0.330700,0.743300,1.403600,0.003500,0.153700,0.173200,0.500200,0.005500,1.935200,2.501900,0.724300,10,10,10,10,10,10,10,10,10,10,10,10,-31.255000,121.705000,300.000000,lev15,Almucantar
Lake_Lefroy,24:11:2020,12:00:00,329,329.000000,0.012700,0.421100,1.113900,1.412800,0.004100,0.154600,0.175400,0.510000,0.008800,2.019800,2.634000,0.717600,10,10,10,10,10,10,10,10,10,10,10,10,-31.255000,121.705000,300.000000,lev15,Almucantar
Lake_Lefroy,25:11:2020,12:00:00,330,330.000000,0.037000,0.606000,1.460500,1.211000,0.006500,0.149000,0.169000,0.513000,0.030500,1.796000,2.326500,0.712000,2,2,2,2,2,2,2,2,2,2,2,2,-31.255000,121.705000,300.000000,lev15,Almucantar
Lake_Lefroy,26:11:2020,12:00:00,331,331.000000,0.046300,0.735200,1.571300,1.090000,0.005500,0.149900,0.175800,0.569700,0.040500,1.642700,2.148300,0.732600,10,10,10,10,10,10,10,10,10,10,10,10,-31.255000,121.705000,300.000000,lev15,Almucantar
Lake_Lefroy,27:11:2020,12:00:00,332,332.000000,0.030400,0.445200,1.048800,1.287400,0.007600,0.137000,0.155600,0.517400,0.022800,1.502200,1.942800,0.736800,5,5,5,5,5,5,5,5,5,5,5,5,-31.255000,121.705000,300.000000,lev15,Almucantar
Lake_Lefroy,28:11:2020,12:00:00,333,333.000000,0.019000,0.553222,1.258222,1.322222,0.003222,0.149222,0.171333,0.542778,0.015556,2.096556,2.720667,0.704222,9,9,9,9,9,9,9,9,9,9,9,9,-31.255000,121.705000,300.000000,lev15,Almucantar
Lake_Lefroy,29:11:2020,12:00:00,334,334.000000,0.025500,0.763000,1.567000,1.043500,0.003000,0.144500,0.169500,0.576500,0.022500,1.615000,2.061000,0.705000,2,2,2,2,2,2,2,2,2,2,2,2,-31.255000,121.705000,300.000000,lev15,Almucantar
Lake_Lefroy,30:11:2020,12:00:00,335,335.000000,0.020667,0.679167,1.768833,1.259667,0.003000,0.151333,0.172000,0.509000,0.017667,2.253000,2.971500,0.702000,6,6,6,6,6,6,6,6,6,6,6,6,-31.255000,121.705000,300.000000,lev15,Almucantar
Lake_Lefroy,01:12:2020,12:00:00,336,336.000000,0.017500,0.656500,1.535125,1.229625,0.002875,0.159250,0.184500,0.539375,0.014500,1.863500,2.499125,0.752125,8,8,8,8,8,8,8,8,8,8,8,8,-31.255000,121.705000,300.000000,lev15,Almucantar
Lake_Lefroy,02:12:2020,12:00:00,337,337.000000,0.017375,0.627250,1.428750,1.198625,0.003250,0.162125,0.186125,0.519875,0.014125,1.734250,2.289250,0.736375,8,8,8,8,8,8,8,8,8,8,8,8,-31.255000,121.705000,300.000000,lev15,Almucantar
Lake_Lefroy,03:12:2020,12:00:00,338,338.000000,0.026250,0.687500,1.592250,1.175250,0.004000,0.162000,0.186500,0.520750,0.022250,1.838750,2.420000,0.726500,4,4,4,4,4,4,4,4,4,4,4,4,-31.255000,121.705000,300.000000,lev15,Almucantar
Lake_Lefroy,04:12:2020,12:00:00,339,339.000000,0.030429,0.767714,1.913000,1.230714,0.003571,0.150000,0.172571,0.536857,0.026857,2.326286,3.032714,0.692429,7,7,7,7,7,7,7,7,7,7,7,7,-31.255000,121.705000,300.000000,lev15,Almucantar
Lake_Lefroy,05:12:2020,12:00:00,340,340.000000,0.017125,0.605000,1.345000,1.197750,0.003250,0.160875,0.185125,0.524250,0.013750,1.627500,2.153500,0.753250,8,8,8,8,8,8,8,8,8,8,8,8,-31.255000,121.705000,300.000000,lev15,Almucantar
