AERONET Data Download (Version 3 Direct Sun and Inversion Algorithms)
AERONET Version 3
Lake_Lefroy
Version 3: Almucantar Level 1.5 Inversion
The following data are cloud cleared and quality controls have been applied but these data may not have final calibration applied.  These data may change.
Daily Averages,Contact: PI=Ian_Lau; PI Email=ian.lau@csiro.au 
AERONET_AERONET_Site,Date(dd:mm:yyyy),Time(hh:mm:ss),Day_of_Year,Day_of_Year(fraction),0.050000,0.065604,0.086077,0.112939,0.148184,0.194429,0.255105,0.334716,0.439173,0.576227,0.756052,0.991996,1.301571,1.707757,2.240702,2.939966,3.857452,5.061260,6.640745,8.713145,11.432287,15.000000,Inflection_Radius_of_Size_Distribution(um),N[0.050000],N[0.065604],N[0.086077],N[0.112939],N[0.148184],N[0.194429],N[0.255105],N[0.334716],N[0.439173],N[0.576227],N[0.756052],N[0.991996],N[1.301571],N[1.707757],N[2.240702],N[2.939966],N[3.857452],N[5.061260],N[6.640745],N[8.713145],N[11.432287],N[15.000000],N[Inflection_Radius_of_Size_Distribution(um)],Latitude(Degrees),Longitude(Degrees),Elevation(m),Level,Retrieval_Measurement_Scan_Type
Lake_Lefroy,23:01:2019,12:00:00,23,23.000000,0.000319,0.001475,0.003605,0.004891,0.004257,0.003027,0.002301,0.002244,0.002867,0.004230,0.006103,0.007961,0.009728,0.012023,0.015908,0.022164,0.029146,0.030409,0.021165,0.008688,0.001974,0.000243,0.439000,1,1,1,1,1,1,1,1,1,1,1,1,1,1,1,1,1,1,1,1,1,1,1,-31.255000,121.705000,300.000000,lev15,Almucantar
Lake_Lefroy,20:02:2019,12:00:00,51,51.000000,0.000297,0.001846,0.005940,0.010046,0.009990,0.007209,0.004870,0.003738,0.003480,0.003827,0.004732,0.006309,0.008866,0.012871,0.018691,0.025545,0.029843,0.026551,0.016211,0.006335,0.001538,0.000234,0.439000,3,3,3,3,3,3,3,3,3,3,3,3,3,3,3,3,3,3,3,3,3,3,3,-31.255000,121.705000,300.000000,lev15,Almucantar
Lake_Lefroy,21:02:2019,12:00:00,52,52.000000,0.000228,0.001705,0.005775,0.009239,0.008012,0.004861,0.002853,0.002113,0.002186,0.002939,0.004345,0.006203,0.008286,0.010687,0.013731,0.017258,0.019532,0.017567,0.011103,0.004517,0.001130,0.000172,0.439000,4,4,4,4,4,4,4,4,4,4,4,4,4,4,4,4,4,4,4,4,4,4,4,-31.255000,121.705000,300.000000,lev15,Almucantar
Lake_Lefroy,22:02:2019,12:00:00,53,53.000000,0.000289,0.002493,0.009781,0.017866,0.017134,0.010536,0.005466,0.003153,0.002379,0.002359,0.002777,0.003507,0.004578,0.006209,0.008709,0.012095,0.015222,0.015376,0.011004,0.005075,0.001431,0.000243,0.484667,6,6,6,6,6,6,6,6,6,6,6,6,6,6,6,6,6,6,6,6,6,6,6,-31.255000,121.705000,300.000000,lev15,Almucantar
Lake_Lefroy,23:02:2019,12:00:00,54,54.000000,0.000573,0.006551,0.026478,0.040442,0.028831,0.013656,0.006814,0.005104,0.005977,0.008809,0.012531,0.015240,0.016233,0.016598,0.017994,0.021067,0.024350,0.023698,0.016659,0.007668,0.002207,0.000392,0.439000,2,2,2,2,2,2,2,2,2,2,2,2,2,2,2,2,2,2,2,2,2,2,2,-31.255000,121.705000,300.000000,lev15,Almucantar
Lake_Lefroy,24:02:2019,12:00:00,55,55.000000,0.000469,0.004092,0.015152,0.023953,0.020045,0.012229,0.007303,0.005250,0.004916,0.005672,0.007141,0.008986,0.011103,0.013631,0.016655,0.019637,0.020858,0.018194,0.011877,0.005403,0.001645,0.000332,0.439000,5,5,5,5,5,5,5,5,5,5,5,5,5,5,5,5,5,5,5,5,5,5,5,-31.255000,121.705000,300.000000,lev15,Almucantar
Lake_Lefroy,25:02:2019,12:00:00,56,56.000000,0.000278,0.001512,0.004556,0.007773,0.008238,0.006469,0.004716,0.003854,0.003828,0.004506,0.005809,0.007654,0.010032,0.012953,0.016227,0.018945,0.019232,0.015609,0.009385,0.003967,0.001147,0.000225,0.439000,6,6,6,6,6,6,6,6,6,6,6,6,6,6,6,6,6,6,6,6,6,6,6,-31.255000,121.705000,300.000000,lev15,Almucantar
Lake_Lefroy,27:02:2019,12:00:00,58,58.000000,0.000445,0.002190,0.006190,0.010353,0.011172,0.009054,0.006683,0.005355,0.005163,0.006077,0.008321,0.012379,0.018905,0.028392,0.040189,0.050722,0.053025,0.042309,0.023948,0.009125,0.002273,0.000366,0.439000,1,1,1,1,1,1,1,1,1,1,1,1,1,1,1,1,1,1,1,1,1,1,1,-31.255000,121.705000,300.000000,lev15,Almucantar
Lake_Lefroy,28:02:2019,12:00:00,59,59.000000,0.000487,0.002625,0.007306,0.010781,0.009422,0.006165,0.004167,0.003766,0.004846,0.007824,0.012941,0.019091,0.025019,0.031326,0.039665,0.049983,0.056970,0.051139,0.031697,0.012351,0.002878,0.000396,0.439000,3,3,3,3,3,3,3,3,3,3,3,3,3,3,3,3,3,3,3,3,3,3,3,-31.255000,121.705000,300.000000,lev15,Almucantar
Lake_Lefroy,01:03:2019,12:00:00,60,60.000000,0.000427,0.003043,0.009801,0.015004,0.012876,0.008207,0.005374,0.004553,0.005110,0.006762,0.009436,0.012803,0.016705,0.021372,0.026797,0.031588,0.032036,0.025237,0.014339,0.005648,0.001515,0.000276,0.439000,4,4,4,4,4,4,4,4,4,4,4,4,4,4,4,4,4,4,4,4,4,4,4,-31.255000,121.705000,300.000000,lev15,Almucantar
Lake_Lefroy,02:03:2019,12:00:00,61,61.000000,0.000194,0.001107,0.003350,0.005576,0.005673,0.004247,0.002946,0.002308,0.002251,0.002700,0.003677,0.005195,0.007135,0.009209,0.010977,0.011806,0.011003,0.008406,0.004970,0.002170,0.000680,0.000151,0.439000,2,2,2,2,2,2,2,2,2,2,2,2,2,2,2,2,2,2,2,2,2,2,2,-31.255000,121.705000,300.000000,lev15,Almucantar
Lake_Lefroy,03:03:2019,12:00:00,62,62.000000,0.000200,0.001199,0.003907,0.006626,0.006372,0.004538,0.003158,0.002590,0.002794,0.003730,0.005039,0.006550,0.008509,0.010957,0.013265,0.014235,0.012959,0.009613,0.005560,0.002410,0.000764,0.000176,0.439000,6,6,6,6,6,6,6,6,6,6,6,6,6,6,6,6,6,6,6,6,6,6,6,-31.255000,121.705000,300.000000,lev15,Almucantar
Lake_Lefroy,11:03:2019,12:00:00,70,70.000000,0.000162,0.001020,0.003279,0.005569,0.005575,0.003994,0.002621,0.001962,0.001877,0.002263,0.003115,0.004371,0.005818,0.007138,0.008021,0.008186,0.007369,0.005576,0.003355,0.001532,0.000515,0.000126,0.439000,2,2,2,2,2,2,2,2,2,2,2,2,2,2,2,2,2,2,2,2,2,2,2,-31.255000,121.705000,300.000000,lev15,Almucantar
Lake_Lefroy,12:03:2019,12:00:00,71,71.000000,0.000148,0.000812,0.002431,0.004071,0.004076,0.002877,0.001915,0.001575,0.001786,0.002610,0.003961,0.005271,0.006356,0.007609,0.009271,0.011202,0.012487,0.011425,0.007540,0.003239,0.000862,0.000145,0.439000,7,7,7,7,7,7,7,7,7,7,7,7,7,7,7,7,7,7,7,7,7,7,7,-31.255000,121.705000,300.000000,lev15,Almucantar
Lake_Lefroy,14:03:2019,12:00:00,73,73.000000,0.000179,0.000933,0.002724,0.004587,0.004899,0.003912,0.002863,0.002300,0.002239,0.002627,0.003423,0.004537,0.005867,0.007372,0.008946,0.010175,0.010228,0.008383,0.005169,0.002264,0.000688,0.000146,0.439000,5,5,5,5,5,5,5,5,5,5,5,5,5,5,5,5,5,5,5,5,5,5,5,-31.255000,121.705000,300.000000,lev15,Almucantar
Lake_Lefroy,16:03:2019,12:00:00,75,75.000000,0.000162,0.001388,0.005022,0.007988,0.006642,0.003875,0.002203,0.001571,0.001551,0.001983,0.002761,0.003622,0.004305,0.004748,0.004993,0.005014,0.004636,0.003701,0.002377,0.001162,0.000419,0.000111,0.439000,3,3,3,3,3,3,3,3,3,3,3,3,3,3,3,3,3,3,3,3,3,3,3,-31.255000,121.705000,300.000000,lev15,Almucantar
Lake_Lefroy,18:03:2019,12:00:00,77,77.000000,0.000200,0.000944,0.002421,0.003521,0.003321,0.002533,0.002008,0.001994,0.002580,0.003793,0.005259,0.006461,0.007387,0.008183,0.008754,0.008879,0.008357,0.006964,0.004707,0.002335,0.000793,0.000182,0.439000,8,8,8,8,8,8,8,8,8,8,8,8,8,8,8,8,8,8,8,8,8,8,8,-31.255000,121.705000,300.000000,lev15,Almucantar
Lake_Lefroy,19:03:2019,12:00:00,78,78.000000,0.000197,0.000921,0.002456,0.003861,0.003867,0.002874,0.002108,0.002075,0.002954,0.004951,0.007480,0.009640,0.011984,0.015215,0.017917,0.018126,0.015714,0.011514,0.006745,0.002953,0.000924,0.000205,0.439000,5,5,5,5,5,5,5,5,5,5,5,5,5,5,5,5,5,5,5,5,5,5,5,-31.255000,121.705000,300.000000,lev15,Almucantar
Lake_Lefroy,20:03:2019,12:00:00,79,79.000000,0.000148,0.000690,0.001885,0.003104,0.003331,0.002724,0.002133,0.001990,0.002422,0.003547,0.005250,0.006914,0.007932,0.008149,0.007747,0.006957,0.005830,0.004347,0.002695,0.001305,0.000476,0.000130,0.439000,5,5,5,5,5,5,5,5,5,5,5,5,5,5,5,5,5,5,5,5,5,5,5,-31.255000,121.705000,300.000000,lev15,Almucantar
Lake_Lefroy,22:03:2019,12:00:00,81,81.000000,0.000100,0.000812,0.003065,0.005523,0.005245,0.003225,0.001761,0.001166,0.001081,0.001306,0.001697,0.002057,0.002280,0.002448,0.002713,0.003136,0.003525,0.003395,0.002463,0.001226,0.000401,0.000085,0.439000,5,5,5,5,5,5,5,5,5,5,5,5,5,5,5,5,5,5,5,5,5,5,5,-31.255000,121.705000,300.000000,lev15,Almucantar
Lake_Lefroy,24:03:2019,12:00:00,83,83.000000,0.000170,0.000822,0.002094,0.002966,0.002687,0.001948,0.001467,0.001417,0.001847,0.002781,0.003889,0.004707,0.005359,0.006316,0.007831,0.009690,0.010836,0.009770,0.006396,0.002810,0.000791,0.000141,0.439000,8,8,8,8,8,8,8,8,8,8,8,8,8,8,8,8,8,8,8,8,8,8,8,-31.255000,121.705000,300.000000,lev15,Almucantar
Lake_Lefroy,10:06:2019,12:00:00,161,161.000000,0.000281,0.001293,0.002771,0.002955,0.001935,0.001141,0.000928,0.001317,0.002786,0.005454,0.007231,0.008138,0.009763,0.012934,0.015486,0.016608,0.016499,0.014402,0.009629,0.004312,0.001189,0.000196,0.439000,1,1,1,1,1,1,1,1,1,1,1,1,1,1,1,1,1,1,1,1,1,1,1,-31.255000,121.705000,300.000000,lev15,Almucantar
Lake_Lefroy,12:06:2019,12:00:00,163,163.000000,0.000134,0.001092,0.003385,0.004236,0.002989,0.001754,0.001149,0.001026,0.001283,0.001908,0.002658,0.003106,0.003323,0.003603,0.003980,0.004276,0.004148,0.003343,0.002080,0.000948,0.000308,0.000071,0.439000,4,4,4,4,4,4,4,4,4,4,4,4,4,4,4,4,4,4,4,4,4,4,4,-31.255000,121.705000,300.000000,lev15,Almucantar
Lake_Lefroy,13:06:2019,12:00:00,164,164.000000,0.000202,0.000923,0.002115,0.002612,0.002087,0.001429,0.001150,0.001355,0.002275,0.004040,0.005560,0.006142,0.006966,0.008895,0.011382,0.012418,0.010809,0.007499,0.004108,0.001730,0.000548,0.000131,0.439000,5,5,5,5,5,5,5,5,5,5,5,5,5,5,5,5,5,5,5,5,5,5,5,-31.255000,121.705000,300.000000,lev15,Almucantar
Lake_Lefroy,14:06:2019,12:00:00,165,165.000000,0.000082,0.000543,0.001800,0.003080,0.002940,0.001895,0.001170,0.000944,0.001098,0.001605,0.002214,0.002590,0.003031,0.003848,0.004885,0.005527,0.005115,0.003726,0.002088,0.000881,0.000275,0.000064,0.439000,5,5,5,5,5,5,5,5,5,5,5,5,5,5,5,5,5,5,5,5,5,5,5,-31.255000,121.705000,300.000000,lev15,Almucantar
Lake_Lefroy,15:06:2019,12:00:00,166,166.000000,0.000099,0.000559,0.001651,0.002654,0.002594,0.001880,0.001326,0.001175,0.001423,0.002007,0.002625,0.003066,0.003593,0.004468,0.005541,0.006233,0.005905,0.004495,0.002626,0.001131,0.000351,0.000078,0.439000,4,4,4,4,4,4,4,4,4,4,4,4,4,4,4,4,4,4,4,4,4,4,4,-31.255000,121.705000,300.000000,lev15,Almucantar
Lake_Lefroy,16:06:2019,12:00:00,167,167.000000,0.000132,0.000577,0.001420,0.002062,0.001994,0.001547,0.001264,0.001403,0.002119,0.003349,0.004246,0.004339,0.004337,0.004730,0.005330,0.005543,0.004919,0.003634,0.002194,0.001048,0.000385,0.000109,0.439000,4,4,4,4,4,4,4,4,4,4,4,4,4,4,4,4,4,4,4,4,4,4,4,-31.255000,121.705000,300.000000,lev15,Almucantar
Lake_Lefroy,18:06:2019,12:00:00,169,169.000000,0.000245,0.000738,0.001404,0.001742,0.001610,0.001383,0.001425,0.002031,0.003673,0.006365,0.008509,0.009772,0.011451,0.014052,0.016848,0.018909,0.019068,0.016139,0.010351,0.004499,0.001231,0.000211,0.439000,6,6,6,6,6,6,6,6,6,6,6,6,6,6,6,6,6,6,6,6,6,6,6,-31.255000,121.705000,300.000000,lev15,Almucantar
Lake_Lefroy,19:06:2019,12:00:00,170,170.000000,0.000108,0.000473,0.001234,0.001969,0.002112,0.001785,0.001461,0.001414,0.001737,0.002397,0.003111,0.003626,0.004070,0.004567,0.004960,0.004957,0.004335,0.003180,0.001889,0.000884,0.000320,0.000089,0.439000,11,11,11,11,11,11,11,11,11,11,11,11,11,11,11,11,11,11,11,11,11,11,11,-31.255000,121.705000,300.000000,lev15,Almucantar
Lake_Lefroy,20:06:2019,12:00:00,171,171.000000,0.000102,0.000518,0.001478,0.002443,0.002582,0.002055,0.001515,0.001250,0.001274,0.001568,0.002117,0.002843,0.003619,0.004335,0.004887,0.005101,0.004723,0.003653,0.002222,0.001015,0.000338,0.000082,0.439000,9,9,9,9,9,9,9,9,9,9,9,9,9,9,9,9,9,9,9,9,9,9,9,-31.255000,121.705000,300.000000,lev15,Almucantar
Lake_Lefroy,22:06:2019,12:00:00,173,173.000000,0.000119,0.000829,0.002687,0.004241,0.003767,0.002423,0.001514,0.001154,0.001156,0.001423,0.001883,0.002437,0.002997,0.003548,0.004093,0.004534,0.004549,0.003800,0.002440,0.001137,0.000374,0.000086,0.439000,7,7,7,7,7,7,7,7,7,7,7,7,7,7,7,7,7,7,7,7,7,7,7,-31.255000,121.705000,300.000000,lev15,Almucantar
Lake_Lefroy,25:06:2019,12:00:00,176,176.000000,0.000208,0.001056,0.002538,0.003090,0.002353,0.001555,0.001254,0.001487,0.002368,0.003826,0.005152,0.005897,0.006407,0.007083,0.007923,0.008514,0.008205,0.006602,0.004123,0.001875,0.000596,0.000131,0.439000,6,6,6,6,6,6,6,6,6,6,6,6,6,6,6,6,6,6,6,6,6,6,6,-31.255000,121.705000,300.000000,lev15,Almucantar
Lake_Lefroy,26:06:2019,12:00:00,177,177.000000,0.000044,0.000343,0.001291,0.002412,0.002464,0.001632,0.000946,0.000665,0.000646,0.000788,0.000971,0.001076,0.001110,0.001127,0.001164,0.001201,0.001168,0.000983,0.000663,0.000339,0.000129,0.000037,0.439000,4,4,4,4,4,4,4,4,4,4,4,4,4,4,4,4,4,4,4,4,4,4,4,-31.255000,121.705000,300.000000,lev15,Almucantar
Lake_Lefroy,27:06:2019,12:00:00,178,178.000000,0.000176,0.000713,0.001639,0.002231,0.002051,0.001611,0.001434,0.001738,0.002698,0.004174,0.005329,0.005810,0.006203,0.007073,0.008638,0.010586,0.011666,0.010318,0.006639,0.002880,0.000804,0.000142,0.439000,1,1,1,1,1,1,1,1,1,1,1,1,1,1,1,1,1,1,1,1,1,1,1,-31.255000,121.705000,300.000000,lev15,Almucantar
Lake_Lefroy,28:06:2019,12:00:00,179,179.000000,0.000091,0.000462,0.001287,0.002033,0.002041,0.001586,0.001218,0.001128,0.001316,0.001733,0.002226,0.002664,0.003146,0.003824,0.004727,0.005655,0.006025,0.005153,0.003198,0.001346,0.000376,0.000072,0.439000,3,3,3,3,3,3,3,3,3,3,3,3,3,3,3,3,3,3,3,3,3,3,3,-31.255000,121.705000,300.000000,lev15,Almucantar
Lake_Lefroy,29:06:2019,12:00:00,180,180.000000,0.000081,0.000444,0.001298,0.002073,0.002051,0.001533,0.001103,0.000957,0.001082,0.001440,0.001900,0.002333,0.002773,0.003292,0.003830,0.004111,0.003805,0.002881,0.001710,0.000769,0.000257,0.000063,0.439000,11,11,11,11,11,11,11,11,11,11,11,11,11,11,11,11,11,11,11,11,11,11,11,-31.255000,121.705000,300.000000,lev15,Almucantar
Lake_Lefroy,01:07:2019,12:00:00,182,182.000000,0.000058,0.000479,0.001866,0.003514,0.003514,0.002246,0.001192,0.000676,0.000480,0.000442,0.000505,0.000659,0.000911,0.001250,0.001629,0.001939,0.002008,0.001708,0.001124,0.000546,0.000190,0.000047,0.576000,2,2,2,2,2,2,2,2,2,2,2,2,2,2,2,2,2,2,2,2,2,2,2,-31.255000,121.705000,300.000000,lev15,Almucantar
Lake_Lefroy,03:07:2019,12:00:00,184,184.000000,0.000059,0.000473,0.001684,0.002768,0.002421,0.001448,0.000820,0.000588,0.000593,0.000754,0.000993,0.001203,0.001354,0.001475,0.001581,0.001630,0.001532,0.001230,0.000796,0.000397,0.000150,0.000043,0.439000,11,11,11,11,11,11,11,11,11,11,11,11,11,11,11,11,11,11,11,11,11,11,11,-31.255000,121.705000,300.000000,lev15,Almucantar
Lake_Lefroy,05:07:2019,12:00:00,186,186.000000,0.000049,0.000303,0.001073,0.002205,0.002715,0.002186,0.001403,0.000947,0.000822,0.000928,0.001193,0.001499,0.001687,0.001669,0.001488,0.001227,0.000940,0.000659,0.000415,0.000230,0.000111,0.000047,0.439000,2,2,2,2,2,2,2,2,2,2,2,2,2,2,2,2,2,2,2,2,2,2,2,-31.255000,121.705000,300.000000,lev15,Almucantar
Lake_Lefroy,06:07:2019,12:00:00,187,187.000000,0.000052,0.000363,0.001243,0.002181,0.002212,0.001562,0.000979,0.000706,0.000670,0.000799,0.001029,0.001299,0.001597,0.001920,0.002228,0.002413,0.002300,0.001800,0.001094,0.000497,0.000167,0.000042,0.439000,11,11,11,11,11,11,11,11,11,11,11,11,11,11,11,11,11,11,11,11,11,11,11,-31.255000,121.705000,300.000000,lev15,Almucantar
Lake_Lefroy,07:07:2019,12:00:00,188,188.000000,0.000053,0.000414,0.001465,0.002445,0.002228,0.001407,0.000823,0.000588,0.000580,0.000733,0.000983,0.001247,0.001502,0.001766,0.002034,0.002214,0.002121,0.001665,0.001017,0.000467,0.000158,0.000039,0.439000,11,11,11,11,11,11,11,11,11,11,11,11,11,11,11,11,11,11,11,11,11,11,11,-31.255000,121.705000,300.000000,lev15,Almucantar
Lake_Lefroy,08:07:2019,12:00:00,189,189.000000,0.000068,0.000451,0.001481,0.002514,0.002480,0.001688,0.001006,0.000694,0.000642,0.000765,0.001015,0.001309,0.001583,0.001858,0.002196,0.002589,0.002848,0.002625,0.001813,0.000860,0.000268,0.000055,0.439000,11,11,11,11,11,11,11,11,11,11,11,11,11,11,11,11,11,11,11,11,11,11,11,-31.255000,121.705000,300.000000,lev15,Almucantar
Lake_Lefroy,09:07:2019,12:00:00,190,190.000000,0.000054,0.000498,0.001926,0.003261,0.002789,0.001562,0.000791,0.000483,0.000410,0.000464,0.000600,0.000770,0.000938,0.001093,0.001233,0.001340,0.001335,0.001136,0.000770,0.000396,0.000150,0.000042,0.439000,11,11,11,11,11,11,11,11,11,11,11,11,11,11,11,11,11,11,11,11,11,11,11,-31.255000,121.705000,300.000000,lev15,Almucantar
Lake_Lefroy,10:07:2019,12:00:00,191,191.000000,0.000064,0.000607,0.002789,0.006169,0.007216,0.005233,0.002770,0.001334,0.000779,0.000659,0.000742,0.000920,0.001110,0.001272,0.001388,0.001406,0.001271,0.000994,0.000657,0.000359,0.000159,0.000057,0.565556,9,9,9,9,9,9,9,9,9,9,9,9,9,9,9,9,9,9,9,9,9,9,9,-31.255000,121.705000,300.000000,lev15,Almucantar
Lake_Lefroy,11:07:2019,12:00:00,192,192.000000,0.000103,0.000664,0.002238,0.004098,0.004499,0.003300,0.002020,0.001513,0.001622,0.002232,0.003153,0.003726,0.003842,0.003931,0.003997,0.003690,0.002945,0.002033,0.001208,0.000604,0.000249,0.000084,0.439000,11,11,11,11,11,11,11,11,11,11,11,11,11,11,11,11,11,11,11,11,11,11,11,-31.255000,121.705000,300.000000,lev15,Almucantar
Lake_Lefroy,12:07:2019,12:00:00,193,193.000000,0.000147,0.000702,0.001738,0.002355,0.002022,0.001419,0.001129,0.001297,0.002052,0.003326,0.004293,0.004500,0.004646,0.005357,0.006753,0.008367,0.009090,0.007794,0.004792,0.001982,0.000542,0.000101,0.439000,5,5,5,5,5,5,5,5,5,5,5,5,5,5,5,5,5,5,5,5,5,5,5,-31.255000,121.705000,300.000000,lev15,Almucantar
Lake_Lefroy,13:07:2019,12:00:00,194,194.000000,0.000322,0.001008,0.001860,0.002147,0.001819,0.001436,0.001357,0.001803,0.003201,0.005876,0.008829,0.011053,0.013425,0.017349,0.023307,0.029375,0.030718,0.024062,0.013168,0.004851,0.001192,0.000199,0.439000,3,3,3,3,3,3,3,3,3,3,3,3,3,3,3,3,3,3,3,3,3,3,3,-31.255000,121.705000,300.000000,lev15,Almucantar
Lake_Lefroy,14:07:2019,12:00:00,195,195.000000,0.000287,0.000884,0.001574,0.001707,0.001372,0.001083,0.001099,0.001657,0.003315,0.006292,0.008870,0.010061,0.011178,0.013153,0.015561,0.017525,0.017661,0.014684,0.009135,0.003870,0.001054,0.000184,0.439000,11,11,11,11,11,11,11,11,11,11,11,11,11,11,11,11,11,11,11,11,11,11,11,-31.255000,121.705000,300.000000,lev15,Almucantar
Lake_Lefroy,15:07:2019,12:00:00,196,196.000000,0.000064,0.000465,0.001551,0.002460,0.002149,0.001341,0.000818,0.000625,0.000648,0.000828,0.001099,0.001351,0.001527,0.001640,0.001719,0.001744,0.001627,0.001305,0.000844,0.000423,0.000160,0.000045,0.439000,8,8,8,8,8,8,8,8,8,8,8,8,8,8,8,8,8,8,8,8,8,8,8,-31.255000,121.705000,300.000000,lev15,Almucantar
Lake_Lefroy,16:07:2019,12:00:00,197,197.000000,0.000064,0.000386,0.001183,0.001926,0.001903,0.001397,0.000970,0.000815,0.000908,0.001205,0.001536,0.001703,0.001793,0.001936,0.002116,0.002214,0.002147,0.001866,0.001299,0.000631,0.000205,0.000049,0.439000,11,11,11,11,11,11,11,11,11,11,11,11,11,11,11,11,11,11,11,11,11,11,11,-31.255000,121.705000,300.000000,lev15,Almucantar
Lake_Lefroy,17:07:2019,12:00:00,198,198.000000,0.000054,0.000425,0.001522,0.002574,0.002367,0.001489,0.000835,0.000540,0.000464,0.000502,0.000589,0.000674,0.000752,0.000876,0.001126,0.001577,0.002166,0.002436,0.001860,0.000857,0.000237,0.000043,0.480100,10,10,10,10,10,10,10,10,10,10,10,10,10,10,10,10,10,10,10,10,10,10,10,-31.255000,121.705000,300.000000,lev15,Almucantar
Lake_Lefroy,18:07:2019,12:00:00,199,199.000000,0.000066,0.000498,0.001763,0.002996,0.002772,0.001741,0.000985,0.000654,0.000572,0.000629,0.000768,0.000944,0.001144,0.001416,0.001833,0.002412,0.002926,0.002857,0.001981,0.000902,0.000265,0.000051,0.439000,11,11,11,11,11,11,11,11,11,11,11,11,11,11,11,11,11,11,11,11,11,11,11,-31.255000,121.705000,300.000000,lev15,Almucantar
Lake_Lefroy,19:07:2019,12:00:00,200,200.000000,0.000051,0.000376,0.001328,0.002317,0.002229,0.001449,0.000816,0.000506,0.000402,0.000415,0.000511,0.000680,0.000943,0.001373,0.002142,0.003455,0.005091,0.005649,0.003938,0.001554,0.000340,0.000043,0.507500,6,6,6,6,6,6,6,6,6,6,6,6,6,6,6,6,6,6,6,6,6,6,6,-31.255000,121.705000,300.000000,lev15,Almucantar
Lake_Lefroy,20:07:2019,12:00:00,201,201.000000,0.000072,0.000411,0.001251,0.002103,0.002147,0.001596,0.001117,0.000939,0.001030,0.001336,0.001746,0.002146,0.002590,0.003205,0.004039,0.004936,0.005365,0.004663,0.002936,0.001246,0.000342,0.000060,0.439000,1,1,1,1,1,1,1,1,1,1,1,1,1,1,1,1,1,1,1,1,1,1,1,-31.255000,121.705000,300.000000,lev15,Almucantar
Lake_Lefroy,22:07:2019,12:00:00,203,203.000000,0.000553,0.002416,0.005142,0.005752,0.004206,0.002833,0.002489,0.003398,0.006354,0.011642,0.016872,0.019824,0.019868,0.018345,0.016916,0.015833,0.014358,0.011574,0.007462,0.003519,0.001169,0.000283,0.439000,3,3,3,3,3,3,3,3,3,3,3,3,3,3,3,3,3,3,3,3,3,3,3,-31.255000,121.705000,300.000000,lev15,Almucantar
Lake_Lefroy,23:07:2019,12:00:00,204,204.000000,0.000133,0.001487,0.007374,0.016344,0.019001,0.013868,0.007107,0.003309,0.002022,0.001892,0.002360,0.003124,0.003849,0.004226,0.004136,0.003707,0.003067,0.002282,0.001470,0.000792,0.000349,0.000125,0.493800,10,10,10,10,10,10,10,10,10,10,10,10,10,10,10,10,10,10,10,10,10,10,10,-31.255000,121.705000,300.000000,lev15,Almucantar
Lake_Lefroy,24:07:2019,12:00:00,205,205.000000,0.000121,0.002026,0.012476,0.028615,0.028689,0.015800,0.005982,0.002301,0.001286,0.001185,0.001590,0.002353,0.002990,0.003055,0.002730,0.002336,0.001959,0.001541,0.001064,0.000616,0.000294,0.000116,0.560778,9,9,9,9,9,9,9,9,9,9,9,9,9,9,9,9,9,9,9,9,9,9,9,-31.255000,121.705000,300.000000,lev15,Almucantar
Lake_Lefroy,25:07:2019,12:00:00,206,206.000000,0.000116,0.000713,0.002310,0.004088,0.004328,0.003238,0.002138,0.001539,0.001374,0.001546,0.002042,0.002874,0.003975,0.005120,0.005936,0.006048,0.005270,0.003806,0.002205,0.000998,0.000347,0.000092,0.439000,2,2,2,2,2,2,2,2,2,2,2,2,2,2,2,2,2,2,2,2,2,2,2,-31.255000,121.705000,300.000000,lev15,Almucantar
Lake_Lefroy,30:07:2019,12:00:00,211,211.000000,0.000077,0.000610,0.002249,0.003970,0.003774,0.002353,0.001293,0.000857,0.000793,0.000963,0.001260,0.001556,0.001820,0.002075,0.002294,0.002371,0.002173,0.001692,0.001074,0.000536,0.000207,0.000062,0.439000,11,11,11,11,11,11,11,11,11,11,11,11,11,11,11,11,11,11,11,11,11,11,11,-31.255000,121.705000,300.000000,lev15,Almucantar
Lake_Lefroy,31:07:2019,12:00:00,212,212.000000,0.000073,0.000677,0.002641,0.004492,0.003839,0.002136,0.001078,0.000667,0.000583,0.000682,0.000900,0.001167,0.001424,0.001654,0.001855,0.001999,0.001972,0.001658,0.001108,0.000560,0.000208,0.000056,0.439000,11,11,11,11,11,11,11,11,11,11,11,11,11,11,11,11,11,11,11,11,11,11,11,-31.255000,121.705000,300.000000,lev15,Almucantar
Lake_Lefroy,01:08:2019,12:00:00,213,213.000000,0.000089,0.000672,0.002363,0.004017,0.003726,0.002347,0.001360,0.000960,0.000926,0.001133,0.001467,0.001829,0.002220,0.002649,0.003101,0.003403,0.003269,0.002595,0.001622,0.000765,0.000266,0.000067,0.439000,11,11,11,11,11,11,11,11,11,11,11,11,11,11,11,11,11,11,11,11,11,11,11,-31.255000,121.705000,300.000000,lev15,Almucantar
Lake_Lefroy,02:08:2019,12:00:00,214,214.000000,0.000079,0.000590,0.002093,0.003646,0.003470,0.002206,0.001262,0.000871,0.000827,0.001013,0.001342,0.001678,0.001930,0.002109,0.002262,0.002373,0.002309,0.001923,0.001273,0.000636,0.000234,0.000063,0.439000,6,6,6,6,6,6,6,6,6,6,6,6,6,6,6,6,6,6,6,6,6,6,6,-31.255000,121.705000,300.000000,lev15,Almucantar
Lake_Lefroy,03:08:2019,12:00:00,215,215.000000,0.000120,0.000728,0.002244,0.003651,0.003481,0.002357,0.001474,0.001095,0.001101,0.001452,0.002207,0.003386,0.004889,0.006599,0.008447,0.010089,0.010491,0.008608,0.005100,0.002056,0.000547,0.000095,0.439000,6,6,6,6,6,6,6,6,6,6,6,6,6,6,6,6,6,6,6,6,6,6,6,-31.255000,121.705000,300.000000,lev15,Almucantar
Lake_Lefroy,04:08:2019,12:00:00,216,216.000000,0.000172,0.001207,0.004317,0.008067,0.008501,0.005897,0.003430,0.002186,0.001812,0.001982,0.002586,0.003547,0.004696,0.005785,0.006597,0.006917,0.006460,0.005097,0.003212,0.001545,0.000553,0.000146,0.439000,3,3,3,3,3,3,3,3,3,3,3,3,3,3,3,3,3,3,3,3,3,3,3,-31.255000,121.705000,300.000000,lev15,Almucantar
Lake_Lefroy,05:08:2019,12:00:00,217,217.000000,0.000404,0.003915,0.015880,0.028206,0.025164,0.014674,0.008037,0.005719,0.005907,0.007656,0.009535,0.009833,0.008600,0.006644,0.004681,0.003132,0.002055,0.001342,0.000879,0.000579,0.000384,0.000256,0.439000,1,1,1,1,1,1,1,1,1,1,1,1,1,1,1,1,1,1,1,1,1,1,1,-31.255000,121.705000,300.000000,lev15,Almucantar
Lake_Lefroy,06:08:2019,12:00:00,218,218.000000,0.000086,0.000666,0.002572,0.005022,0.005382,0.003740,0.002148,0.001331,0.001069,0.001136,0.001405,0.001757,0.002061,0.002223,0.002239,0.002143,0.001920,0.001529,0.001017,0.000539,0.000224,0.000073,0.484667,3,3,3,3,3,3,3,3,3,3,3,3,3,3,3,3,3,3,3,3,3,3,3,-31.255000,121.705000,300.000000,lev15,Almucantar
Lake_Lefroy,07:08:2019,12:00:00,219,219.000000,0.000047,0.000312,0.001050,0.001834,0.001845,0.001310,0.000887,0.000758,0.000888,0.001209,0.001501,0.001607,0.001764,0.002135,0.002699,0.003328,0.003642,0.003180,0.001991,0.000830,0.000222,0.000038,0.439000,1,1,1,1,1,1,1,1,1,1,1,1,1,1,1,1,1,1,1,1,1,1,1,-31.255000,121.705000,300.000000,lev15,Almucantar
Lake_Lefroy,08:08:2019,12:00:00,220,220.000000,0.000165,0.001765,0.008184,0.015529,0.014851,0.009903,0.005761,0.003348,0.002268,0.002044,0.002361,0.003047,0.003955,0.004825,0.005368,0.005382,0.004763,0.003592,0.002221,0.001091,0.000419,0.000126,0.530091,11,11,11,11,11,11,11,11,11,11,11,11,11,11,11,11,11,11,11,11,11,11,11,-31.255000,121.705000,300.000000,lev15,Almucantar
Lake_Lefroy,09:08:2019,12:00:00,221,221.000000,0.000176,0.000761,0.001845,0.002618,0.002456,0.001880,0.001499,0.001485,0.001894,0.002869,0.004562,0.006969,0.009883,0.012933,0.015444,0.016286,0.014417,0.010155,0.005443,0.002151,0.000615,0.000127,0.439000,1,1,1,1,1,1,1,1,1,1,1,1,1,1,1,1,1,1,1,1,1,1,1,-31.255000,121.705000,300.000000,lev15,Almucantar
Lake_Lefroy,10:08:2019,12:00:00,222,222.000000,0.000076,0.000764,0.003367,0.006666,0.006510,0.003780,0.001697,0.000769,0.000424,0.000309,0.000291,0.000332,0.000429,0.000589,0.000808,0.001039,0.001172,0.001093,0.000802,0.000449,0.000189,0.000061,0.696000,3,3,3,3,3,3,3,3,3,3,3,3,3,3,3,3,3,3,3,3,3,3,3,-31.255000,121.705000,300.000000,lev15,Almucantar
Lake_Lefroy,11:08:2019,12:00:00,223,223.000000,0.000099,0.000898,0.003750,0.007382,0.007461,0.004612,0.002271,0.001183,0.000786,0.000695,0.000763,0.000935,0.001172,0.001429,0.001659,0.001808,0.001793,0.001543,0.001091,0.000608,0.000261,0.000085,0.606000,6,6,6,6,6,6,6,6,6,6,6,6,6,6,6,6,6,6,6,6,6,6,6,-31.255000,121.705000,300.000000,lev15,Almucantar
Lake_Lefroy,12:08:2019,12:00:00,224,224.000000,0.000081,0.000787,0.003343,0.006441,0.006217,0.003523,0.001562,0.000779,0.000542,0.000528,0.000624,0.000774,0.000947,0.001147,0.001389,0.001661,0.001858,0.001780,0.001324,0.000711,0.000267,0.000072,0.526182,11,11,11,11,11,11,11,11,11,11,11,11,11,11,11,11,11,11,11,11,11,11,11,-31.255000,121.705000,300.000000,lev15,Almucantar
Lake_Lefroy,16:08:2019,12:00:00,228,228.000000,0.000113,0.000792,0.002660,0.004404,0.004057,0.002598,0.001566,0.001175,0.001220,0.001564,0.002033,0.002575,0.003333,0.004375,0.005558,0.006391,0.006182,0.004752,0.002776,0.001191,0.000371,0.000084,0.439000,11,11,11,11,11,11,11,11,11,11,11,11,11,11,11,11,11,11,11,11,11,11,11,-31.255000,121.705000,300.000000,lev15,Almucantar
Lake_Lefroy,18:08:2019,12:00:00,230,230.000000,0.000374,0.001218,0.002334,0.002721,0.002318,0.001935,0.002079,0.003167,0.005788,0.009392,0.012044,0.013616,0.015040,0.016832,0.019164,0.021906,0.023961,0.022455,0.015398,0.006711,0.001739,0.000273,0.439000,6,6,6,6,6,6,6,6,6,6,6,6,6,6,6,6,6,6,6,6,6,6,6,-31.255000,121.705000,300.000000,lev15,Almucantar
Lake_Lefroy,19:08:2019,12:00:00,231,231.000000,0.000216,0.000870,0.002048,0.002897,0.002774,0.002239,0.001981,0.002314,0.003479,0.005314,0.006790,0.007645,0.008637,0.010374,0.012627,0.014348,0.014234,0.011556,0.007095,0.003065,0.000894,0.000177,0.439000,9,9,9,9,9,9,9,9,9,9,9,9,9,9,9,9,9,9,9,9,9,9,9,-31.255000,121.705000,300.000000,lev15,Almucantar
Lake_Lefroy,20:08:2019,12:00:00,232,232.000000,0.000105,0.000598,0.001879,0.003255,0.003427,0.002638,0.001861,0.001461,0.001404,0.001608,0.002008,0.002528,0.003076,0.003541,0.003798,0.003727,0.003253,0.002436,0.001504,0.000740,0.000284,0.000084,0.439000,10,10,10,10,10,10,10,10,10,10,10,10,10,10,10,10,10,10,10,10,10,10,10,-31.255000,121.705000,300.000000,lev15,Almucantar
Lake_Lefroy,21:08:2019,12:00:00,233,233.000000,0.000073,0.000559,0.001989,0.003371,0.003101,0.001938,0.001085,0.000708,0.000622,0.000705,0.000886,0.001077,0.001220,0.001324,0.001442,0.001597,0.001708,0.001590,0.001155,0.000608,0.000226,0.000060,0.463909,11,11,11,11,11,11,11,11,11,11,11,11,11,11,11,11,11,11,11,11,11,11,11,-31.255000,121.705000,300.000000,lev15,Almucantar
Lake_Lefroy,24:08:2019,12:00:00,236,236.000000,0.000166,0.001318,0.004622,0.007505,0.006573,0.004045,0.002374,0.001693,0.001627,0.002001,0.002733,0.003667,0.004632,0.005536,0.006284,0.006647,0.006263,0.004941,0.003064,0.001423,0.000481,0.000117,0.439000,4,4,4,4,4,4,4,4,4,4,4,4,4,4,4,4,4,4,4,4,4,4,4,-31.255000,121.705000,300.000000,lev15,Almucantar
Lake_Lefroy,25:08:2019,12:00:00,237,237.000000,0.000158,0.001039,0.003500,0.006241,0.006510,0.004764,0.003113,0.002283,0.002136,0.002524,0.003392,0.004656,0.006134,0.007520,0.008414,0.008431,0.007338,0.005330,0.003100,0.001397,0.000479,0.000124,0.439000,6,6,6,6,6,6,6,6,6,6,6,6,6,6,6,6,6,6,6,6,6,6,6,-31.255000,121.705000,300.000000,lev15,Almucantar
Lake_Lefroy,26:08:2019,12:00:00,238,238.000000,0.000120,0.000777,0.002644,0.004860,0.005256,0.003910,0.002502,0.001741,0.001527,0.001691,0.002121,0.002711,0.003363,0.003942,0.004286,0.004250,0.003750,0.002843,0.001777,0.000883,0.000340,0.000101,0.499889,9,9,9,9,9,9,9,9,9,9,9,9,9,9,9,9,9,9,9,9,9,9,9,-31.255000,121.705000,300.000000,lev15,Almucantar
Lake_Lefroy,27:08:2019,12:00:00,239,239.000000,0.000076,0.000548,0.002001,0.003773,0.004081,0.002977,0.001787,0.001122,0.000882,0.000892,0.001055,0.001292,0.001522,0.001705,0.001851,0.001962,0.001959,0.001706,0.001190,0.000625,0.000241,0.000068,0.469444,9,9,9,9,9,9,9,9,9,9,9,9,9,9,9,9,9,9,9,9,9,9,9,-31.255000,121.705000,300.000000,lev15,Almucantar
Lake_Lefroy,28:08:2019,12:00:00,240,240.000000,0.000108,0.000655,0.002172,0.004039,0.004525,0.003495,0.002268,0.001537,0.001263,0.001307,0.001607,0.002156,0.002948,0.003965,0.005129,0.006166,0.006469,0.005463,0.003436,0.001522,0.000460,0.000094,0.456125,8,8,8,8,8,8,8,8,8,8,8,8,8,8,8,8,8,8,8,8,8,8,8,-31.255000,121.705000,300.000000,lev15,Almucantar
Lake_Lefroy,29:08:2019,12:00:00,241,241.000000,0.000212,0.001172,0.003597,0.006303,0.006841,0.005340,0.003660,0.002679,0.002381,0.002660,0.003575,0.005322,0.008091,0.011799,0.015748,0.018401,0.017853,0.013569,0.007667,0.003102,0.000880,0.000173,0.439000,2,2,2,2,2,2,2,2,2,2,2,2,2,2,2,2,2,2,2,2,2,2,2,-31.255000,121.705000,300.000000,lev15,Almucantar
Lake_Lefroy,31:08:2019,12:00:00,243,243.000000,0.000198,0.001777,0.007144,0.012043,0.009533,0.004861,0.002667,0.002337,0.003228,0.004928,0.006101,0.006558,0.007943,0.010991,0.014757,0.016561,0.014858,0.010581,0.005834,0.002388,0.000711,0.000159,0.439000,2,2,2,2,2,2,2,2,2,2,2,2,2,2,2,2,2,2,2,2,2,2,2,-31.255000,121.705000,300.000000,lev15,Almucantar
Lake_Lefroy,01:09:2019,12:00:00,244,244.000000,0.000159,0.000808,0.002334,0.003913,0.003967,0.002807,0.001944,0.001782,0.002248,0.003229,0.004144,0.004621,0.005181,0.005986,0.006697,0.006909,0.006302,0.004865,0.003030,0.001463,0.000533,0.000146,0.439000,6,6,6,6,6,6,6,6,6,6,6,6,6,6,6,6,6,6,6,6,6,6,6,-31.255000,121.705000,300.000000,lev15,Almucantar
Lake_Lefroy,02:09:2019,12:00:00,245,245.000000,0.000156,0.000920,0.003112,0.005793,0.005843,0.003658,0.002184,0.001785,0.002105,0.003140,0.004474,0.005296,0.006049,0.007101,0.008131,0.008636,0.008228,0.006657,0.004234,0.001957,0.000629,0.000142,0.439000,8,8,8,8,8,8,8,8,8,8,8,8,8,8,8,8,8,8,8,8,8,8,8,-31.255000,121.705000,300.000000,lev15,Almucantar
Lake_Lefroy,03:09:2019,12:00:00,246,246.000000,0.000176,0.000893,0.002532,0.004132,0.004149,0.003005,0.002142,0.002100,0.003045,0.004919,0.006522,0.007369,0.008500,0.010640,0.012973,0.014154,0.013173,0.010074,0.005983,0.002600,0.000795,0.000169,0.439000,5,5,5,5,5,5,5,5,5,5,5,5,5,5,5,5,5,5,5,5,5,5,5,-31.255000,121.705000,300.000000,lev15,Almucantar
Lake_Lefroy,04:09:2019,12:00:00,247,247.000000,0.000130,0.000782,0.002692,0.005333,0.006148,0.004442,0.002766,0.002123,0.002236,0.002927,0.003808,0.004536,0.005458,0.006841,0.008387,0.009303,0.008752,0.006638,0.003879,0.001677,0.000524,0.000118,0.439000,7,7,7,7,7,7,7,7,7,7,7,7,7,7,7,7,7,7,7,7,7,7,7,-31.255000,121.705000,300.000000,lev15,Almucantar
Lake_Lefroy,05:09:2019,12:00:00,248,248.000000,0.000098,0.000537,0.001668,0.002994,0.003354,0.002676,0.001868,0.001446,0.001420,0.001722,0.002248,0.002857,0.003560,0.004389,0.005231,0.005801,0.005658,0.004518,0.002752,0.001216,0.000382,0.000086,0.439000,9,9,9,9,9,9,9,9,9,9,9,9,9,9,9,9,9,9,9,9,9,9,9,-31.255000,121.705000,300.000000,lev15,Almucantar
Lake_Lefroy,07:09:2019,12:00:00,250,250.000000,0.000098,0.000659,0.002343,0.004544,0.005153,0.003827,0.002287,0.001449,0.001161,0.001206,0.001488,0.001938,0.002476,0.003044,0.003586,0.003956,0.003887,0.003181,0.002034,0.000972,0.000341,0.000088,0.480100,10,10,10,10,10,10,10,10,10,10,10,10,10,10,10,10,10,10,10,10,10,10,10,-31.255000,121.705000,300.000000,lev15,Almucantar
Lake_Lefroy,08:09:2019,12:00:00,251,251.000000,0.000108,0.000757,0.002724,0.005193,0.005668,0.004066,0.002392,0.001501,0.001196,0.001240,0.001526,0.001970,0.002475,0.002974,0.003431,0.003754,0.003735,0.003154,0.002102,0.001044,0.000374,0.000096,0.480100,10,10,10,10,10,10,10,10,10,10,10,10,10,10,10,10,10,10,10,10,10,10,10,-31.255000,121.705000,300.000000,lev15,Almucantar
Lake_Lefroy,09:09:2019,12:00:00,252,252.000000,0.000166,0.001003,0.003261,0.005898,0.006450,0.004936,0.003248,0.002292,0.002000,0.002212,0.002902,0.004114,0.005863,0.008059,0.010405,0.012209,0.012329,0.009957,0.005974,0.002519,0.000724,0.000141,0.439000,9,9,9,9,9,9,9,9,9,9,9,9,9,9,9,9,9,9,9,9,9,9,9,-31.255000,121.705000,300.000000,lev15,Almucantar
Lake_Lefroy,11:09:2019,12:00:00,254,254.000000,0.000193,0.001248,0.004234,0.007739,0.008328,0.006213,0.004014,0.002801,0.002443,0.002731,0.003635,0.005159,0.007162,0.009255,0.010829,0.011225,0.010005,0.007362,0.004283,0.001902,0.000631,0.000156,0.473250,4,4,4,4,4,4,4,4,4,4,4,4,4,4,4,4,4,4,4,4,4,4,4,-31.255000,121.705000,300.000000,lev15,Almucantar
Lake_Lefroy,12:09:2019,12:00:00,255,255.000000,0.000188,0.001142,0.003680,0.006462,0.006749,0.004988,0.003325,0.002503,0.002401,0.002900,0.003980,0.005550,0.007364,0.009055,0.010184,0.010290,0.009051,0.006639,0.003885,0.001751,0.000596,0.000152,0.439000,7,7,7,7,7,7,7,7,7,7,7,7,7,7,7,7,7,7,7,7,7,7,7,-31.255000,121.705000,300.000000,lev15,Almucantar
Lake_Lefroy,13:09:2019,12:00:00,256,256.000000,0.000166,0.001151,0.004168,0.007998,0.008333,0.005392,0.003142,0.002280,0.002351,0.003220,0.004713,0.006463,0.008273,0.010176,0.012037,0.013375,0.013195,0.010654,0.006493,0.002800,0.000821,0.000162,0.439000,4,4,4,4,4,4,4,4,4,4,4,4,4,4,4,4,4,4,4,4,4,4,4,-31.255000,121.705000,300.000000,lev15,Almucantar
Lake_Lefroy,14:09:2019,12:00:00,257,257.000000,0.000220,0.001335,0.004289,0.007491,0.007719,0.005530,0.003522,0.002543,0.002396,0.002949,0.004211,0.006047,0.008143,0.010314,0.012422,0.014021,0.014210,0.012086,0.007898,0.003598,0.001059,0.000198,0.439000,6,6,6,6,6,6,6,6,6,6,6,6,6,6,6,6,6,6,6,6,6,6,6,-31.255000,121.705000,300.000000,lev15,Almucantar
Lake_Lefroy,16:09:2019,12:00:00,259,259.000000,0.000273,0.001399,0.003979,0.006433,0.006609,0.005248,0.004040,0.003608,0.004038,0.005435,0.007677,0.009998,0.011736,0.012898,0.013550,0.013446,0.012116,0.009301,0.005662,0.002588,0.000867,0.000213,0.439000,4,4,4,4,4,4,4,4,4,4,4,4,4,4,4,4,4,4,4,4,4,4,4,-31.255000,121.705000,300.000000,lev15,Almucantar
Lake_Lefroy,17:09:2019,12:00:00,260,260.000000,0.000229,0.001239,0.003658,0.006115,0.006428,0.005064,0.003707,0.003032,0.003033,0.003638,0.004813,0.006460,0.008400,0.010457,0.012437,0.013840,0.013669,0.011117,0.006890,0.003051,0.000924,0.000188,0.439000,3,3,3,3,3,3,3,3,3,3,3,3,3,3,3,3,3,3,3,3,3,3,3,-31.255000,121.705000,300.000000,lev15,Almucantar
Lake_Lefroy,18:09:2019,12:00:00,261,261.000000,0.000181,0.002025,0.009916,0.018194,0.015562,0.008901,0.004517,0.002570,0.001938,0.001984,0.002417,0.002985,0.003431,0.003670,0.003826,0.003953,0.003904,0.003424,0.002454,0.001344,0.000540,0.000157,0.493800,10,10,10,10,10,10,10,10,10,10,10,10,10,10,10,10,10,10,10,10,10,10,10,-31.255000,121.705000,300.000000,lev15,Almucantar
Lake_Lefroy,20:09:2019,12:00:00,263,263.000000,0.000153,0.000781,0.002158,0.003364,0.003296,0.002435,0.001742,0.001560,0.001966,0.003057,0.004435,0.005275,0.005709,0.006374,0.007518,0.009006,0.010040,0.009247,0.006224,0.002783,0.000785,0.000139,0.439000,4,4,4,4,4,4,4,4,4,4,4,4,4,4,4,4,4,4,4,4,4,4,4,-31.255000,121.705000,300.000000,lev15,Almucantar
Lake_Lefroy,21:09:2019,12:00:00,264,264.000000,0.000089,0.000482,0.001521,0.002826,0.003303,0.002709,0.001858,0.001385,0.001338,0.001626,0.002092,0.002615,0.003326,0.004381,0.005687,0.006743,0.006723,0.005266,0.003091,0.001314,0.000397,0.000085,0.439000,5,5,5,5,5,5,5,5,5,5,5,5,5,5,5,5,5,5,5,5,5,5,5,-31.255000,121.705000,300.000000,lev15,Almucantar
Lake_Lefroy,22:09:2019,12:00:00,265,265.000000,0.000082,0.000719,0.002923,0.005633,0.005644,0.003541,0.001821,0.001006,0.000710,0.000662,0.000757,0.000957,0.001234,0.001566,0.001934,0.002279,0.002435,0.002183,0.001516,0.000769,0.000276,0.000069,0.548600,5,5,5,5,5,5,5,5,5,5,5,5,5,5,5,5,5,5,5,5,5,5,5,-31.255000,121.705000,300.000000,lev15,Almucantar
Lake_Lefroy,23:09:2019,12:00:00,266,266.000000,0.000112,0.001081,0.004748,0.008816,0.008297,0.005208,0.002759,0.001532,0.001054,0.000950,0.001061,0.001324,0.001703,0.002165,0.002675,0.003141,0.003343,0.002994,0.002080,0.001052,0.000375,0.000094,0.556429,7,7,7,7,7,7,7,7,7,7,7,7,7,7,7,7,7,7,7,7,7,7,7,-31.255000,121.705000,300.000000,lev15,Almucantar
Lake_Lefroy,24:09:2019,12:00:00,267,267.000000,0.000114,0.000897,0.003567,0.007273,0.008071,0.005577,0.003013,0.001643,0.001096,0.000959,0.001053,0.001318,0.001731,0.002280,0.002968,0.003734,0.004288,0.004079,0.002896,0.001424,0.000471,0.000106,0.576000,6,6,6,6,6,6,6,6,6,6,6,6,6,6,6,6,6,6,6,6,6,6,6,-31.255000,121.705000,300.000000,lev15,Almucantar
Lake_Lefroy,26:09:2019,12:00:00,269,269.000000,0.000259,0.001645,0.005704,0.011000,0.012568,0.009616,0.005972,0.003753,0.002825,0.002734,0.003308,0.004588,0.006686,0.009629,0.013133,0.016221,0.017111,0.014366,0.008949,0.003916,0.001166,0.000233,0.548600,5,5,5,5,5,5,5,5,5,5,5,5,5,5,5,5,5,5,5,5,5,5,5,-31.255000,121.705000,300.000000,lev15,Almucantar
Lake_Lefroy,27:09:2019,12:00:00,270,270.000000,0.000226,0.001264,0.003829,0.006507,0.006846,0.005303,0.003769,0.002992,0.002946,0.003560,0.004834,0.006680,0.008838,0.010979,0.012750,0.013650,0.012908,0.010099,0.006101,0.002694,0.000841,0.000183,0.439000,1,1,1,1,1,1,1,1,1,1,1,1,1,1,1,1,1,1,1,1,1,1,1,-31.255000,121.705000,300.000000,lev15,Almucantar
Lake_Lefroy,28:09:2019,12:00:00,271,271.000000,0.000234,0.001337,0.004151,0.007240,0.007808,0.006153,0.004389,0.003461,0.003366,0.004006,0.005338,0.007209,0.009299,0.011249,0.012730,0.013305,0.012376,0.009675,0.005952,0.002710,0.000874,0.000196,0.439000,6,6,6,6,6,6,6,6,6,6,6,6,6,6,6,6,6,6,6,6,6,6,6,-31.255000,121.705000,300.000000,lev15,Almucantar
Lake_Lefroy,29:09:2019,12:00:00,272,272.000000,0.000200,0.001193,0.003822,0.006782,0.007308,0.005651,0.003906,0.002968,0.002788,0.003234,0.004247,0.005689,0.007290,0.008753,0.009795,0.010081,0.009215,0.007090,0.004324,0.001990,0.000670,0.000164,0.439000,7,7,7,7,7,7,7,7,7,7,7,7,7,7,7,7,7,7,7,7,7,7,7,-31.255000,121.705000,300.000000,lev15,Almucantar
Lake_Lefroy,30:09:2019,12:00:00,273,273.000000,0.000211,0.001134,0.003411,0.005882,0.006321,0.004996,0.003653,0.003058,0.003223,0.004049,0.005316,0.006634,0.007711,0.008475,0.008901,0.008830,0.007967,0.006163,0.003835,0.001827,0.000650,0.000173,0.439000,7,7,7,7,7,7,7,7,7,7,7,7,7,7,7,7,7,7,7,7,7,7,7,-31.255000,121.705000,300.000000,lev15,Almucantar
Lake_Lefroy,01:10:2019,12:00:00,274,274.000000,0.000238,0.004084,0.024201,0.048878,0.040505,0.018097,0.006326,0.002808,0.002104,0.002563,0.003814,0.005352,0.006289,0.006141,0.005797,0.005995,0.006615,0.006787,0.005455,0.002981,0.001027,0.000224,0.439000,5,5,5,5,5,5,5,5,5,5,5,5,5,5,5,5,5,5,5,5,5,5,5,-31.255000,121.705000,300.000000,lev15,Almucantar
Lake_Lefroy,02:10:2019,12:00:00,275,275.000000,0.000303,0.001606,0.004865,0.008666,0.009815,0.008120,0.005874,0.004411,0.003837,0.003977,0.004754,0.006197,0.008365,0.011214,0.014367,0.016820,0.016982,0.013834,0.008535,0.003800,0.001187,0.000257,0.439000,1,1,1,1,1,1,1,1,1,1,1,1,1,1,1,1,1,1,1,1,1,1,1,-31.255000,121.705000,300.000000,lev15,Almucantar
Lake_Lefroy,03:10:2019,12:00:00,276,276.000000,0.000129,0.000907,0.003335,0.006522,0.007148,0.005032,0.002991,0.002088,0.002039,0.002718,0.004064,0.005441,0.005925,0.005756,0.005726,0.006075,0.006383,0.005786,0.003967,0.001888,0.000598,0.000125,0.439000,1,1,1,1,1,1,1,1,1,1,1,1,1,1,1,1,1,1,1,1,1,1,1,-31.255000,121.705000,300.000000,lev15,Almucantar
Lake_Lefroy,05:10:2019,12:00:00,278,278.000000,0.000080,0.000618,0.002449,0.005018,0.005438,0.003515,0.001892,0.001319,0.001457,0.002178,0.003206,0.003921,0.004209,0.004595,0.005671,0.007875,0.010702,0.011519,0.008160,0.003377,0.000766,0.000093,0.439000,1,1,1,1,1,1,1,1,1,1,1,1,1,1,1,1,1,1,1,1,1,1,1,-31.255000,121.705000,300.000000,lev15,Almucantar
Lake_Lefroy,06:10:2019,12:00:00,279,279.000000,0.000104,0.000794,0.002921,0.005374,0.005461,0.003698,0.002157,0.001384,0.001117,0.001142,0.001359,0.001688,0.002026,0.002276,0.002397,0.002367,0.002145,0.001708,0.001138,0.000610,0.000256,0.000084,0.439000,2,2,2,2,2,2,2,2,2,2,2,2,2,2,2,2,2,2,2,2,2,2,2,-31.255000,121.705000,300.000000,lev15,Almucantar
Lake_Lefroy,07:10:2019,12:00:00,280,280.000000,0.000149,0.001149,0.004136,0.007220,0.006861,0.004418,0.002575,0.001759,0.001598,0.001881,0.002543,0.003499,0.004599,0.005658,0.006480,0.006828,0.006385,0.005004,0.003086,0.001423,0.000476,0.000114,0.439000,4,4,4,4,4,4,4,4,4,4,4,4,4,4,4,4,4,4,4,4,4,4,4,-31.255000,121.705000,300.000000,lev15,Almucantar
Lake_Lefroy,09:10:2019,12:00:00,282,282.000000,0.000147,0.000940,0.003188,0.005882,0.006403,0.004813,0.003140,0.002245,0.002021,0.002301,0.003041,0.004219,0.005800,0.007785,0.010168,0.012547,0.013579,0.011624,0.007132,0.002922,0.000769,0.000128,0.439000,1,1,1,1,1,1,1,1,1,1,1,1,1,1,1,1,1,1,1,1,1,1,1,-31.255000,121.705000,300.000000,lev15,Almucantar
Lake_Lefroy,11:10:2019,12:00:00,284,284.000000,0.000229,0.001473,0.004824,0.008340,0.008474,0.006125,0.004011,0.002951,0.002732,0.003160,0.004207,0.005880,0.008140,0.010882,0.013818,0.016149,0.016364,0.013292,0.008012,0.003378,0.000962,0.000183,0.439000,3,3,3,3,3,3,3,3,3,3,3,3,3,3,3,3,3,3,3,3,3,3,3,-31.255000,121.705000,300.000000,lev15,Almucantar
Lake_Lefroy,13:10:2019,12:00:00,286,286.000000,0.000098,0.000842,0.003300,0.006051,0.005784,0.003580,0.001962,0.001265,0.001086,0.001185,0.001426,0.001681,0.001880,0.002063,0.002323,0.002680,0.002958,0.002782,0.001987,0.000999,0.000341,0.000079,0.439000,4,4,4,4,4,4,4,4,4,4,4,4,4,4,4,4,4,4,4,4,4,4,4,-31.255000,121.705000,300.000000,lev15,Almucantar
Lake_Lefroy,14:10:2019,12:00:00,287,287.000000,0.000102,0.000770,0.002910,0.005633,0.005940,0.003957,0.002233,0.001499,0.001429,0.001807,0.002415,0.002913,0.003200,0.003394,0.003608,0.003813,0.003775,0.003199,0.002129,0.001047,0.000370,0.000094,0.439000,6,6,6,6,6,6,6,6,6,6,6,6,6,6,6,6,6,6,6,6,6,6,6,-31.255000,121.705000,300.000000,lev15,Almucantar
Lake_Lefroy,15:10:2019,12:00:00,288,288.000000,0.000098,0.000601,0.002008,0.003673,0.003924,0.002828,0.001806,0.001382,0.001465,0.001959,0.002529,0.002814,0.003003,0.003328,0.003792,0.004188,0.004130,0.003371,0.002147,0.001024,0.000356,0.000090,0.458571,7,7,7,7,7,7,7,7,7,7,7,7,7,7,7,7,7,7,7,7,7,7,7,-31.255000,121.705000,300.000000,lev15,Almucantar
Lake_Lefroy,16:10:2019,12:00:00,289,289.000000,0.000190,0.000884,0.002320,0.003492,0.003338,0.002503,0.001950,0.001970,0.002643,0.003987,0.005585,0.006870,0.008070,0.009949,0.013200,0.017908,0.022185,0.021692,0.014353,0.005690,0.001280,0.000168,0.439000,3,3,3,3,3,3,3,3,3,3,3,3,3,3,3,3,3,3,3,3,3,3,3,-31.255000,121.705000,300.000000,lev15,Almucantar
Lake_Lefroy,17:10:2019,12:00:00,290,290.000000,0.000122,0.000577,0.001675,0.003020,0.003556,0.003043,0.002302,0.001953,0.002105,0.002724,0.003640,0.004595,0.005520,0.006456,0.007277,0.007610,0.006977,0.005273,0.003119,0.001393,0.000461,0.000113,0.439000,4,4,4,4,4,4,4,4,4,4,4,4,4,4,4,4,4,4,4,4,4,4,4,-31.255000,121.705000,300.000000,lev15,Almucantar
Lake_Lefroy,18:10:2019,12:00:00,291,291.000000,0.000101,0.000593,0.002247,0.005290,0.007020,0.005163,0.002892,0.002151,0.002799,0.005155,0.008691,0.011193,0.012824,0.015121,0.017586,0.019585,0.020694,0.019174,0.013286,0.005915,0.001540,0.000227,0.439000,1,1,1,1,1,1,1,1,1,1,1,1,1,1,1,1,1,1,1,1,1,1,1,-31.255000,121.705000,300.000000,lev15,Almucantar
Lake_Lefroy,19:10:2019,12:00:00,292,292.000000,0.000233,0.001118,0.003126,0.005055,0.004929,0.003531,0.002665,0.002848,0.004294,0.006843,0.009182,0.011048,0.013302,0.016212,0.019365,0.022074,0.022904,0.019803,0.012771,0.005567,0.001539,0.000264,0.439000,4,4,4,4,4,4,4,4,4,4,4,4,4,4,4,4,4,4,4,4,4,4,4,-31.255000,121.705000,300.000000,lev15,Almucantar
Lake_Lefroy,21:10:2019,12:00:00,294,294.000000,0.000127,0.000907,0.003262,0.006079,0.006358,0.004441,0.002709,0.001863,0.001649,0.001852,0.002335,0.002928,0.003523,0.004161,0.004921,0.005743,0.006212,0.005621,0.003800,0.001764,0.000541,0.000110,0.466400,5,5,5,5,5,5,5,5,5,5,5,5,5,5,5,5,5,5,5,5,5,5,5,-31.255000,121.705000,300.000000,lev15,Almucantar
Lake_Lefroy,22:10:2019,12:00:00,295,295.000000,0.000179,0.001214,0.004275,0.007578,0.007086,0.004513,0.002931,0.002500,0.003021,0.004534,0.006194,0.007158,0.007912,0.008726,0.009370,0.009556,0.008989,0.007262,0.004584,0.002105,0.000683,0.000158,0.439000,8,8,8,8,8,8,8,8,8,8,8,8,8,8,8,8,8,8,8,8,8,8,8,-31.255000,121.705000,300.000000,lev15,Almucantar
Lake_Lefroy,23:10:2019,12:00:00,296,296.000000,0.000168,0.000879,0.002653,0.004722,0.005315,0.004392,0.003335,0.002864,0.003016,0.003661,0.004550,0.005373,0.005991,0.006504,0.007036,0.007497,0.007445,0.006295,0.004113,0.001937,0.000638,0.000148,0.439000,4,4,4,4,4,4,4,4,4,4,4,4,4,4,4,4,4,4,4,4,4,4,4,-31.255000,121.705000,300.000000,lev15,Almucantar
Lake_Lefroy,24:10:2019,12:00:00,297,297.000000,0.000113,0.000751,0.002591,0.004693,0.004909,0.003564,0.002271,0.001564,0.001308,0.001338,0.001538,0.001820,0.002170,0.002651,0.003341,0.004191,0.004822,0.004562,0.003186,0.001519,0.000475,0.000097,0.507500,4,4,4,4,4,4,4,4,4,4,4,4,4,4,4,4,4,4,4,4,4,4,4,-31.255000,121.705000,300.000000,lev15,Almucantar
Lake_Lefroy,25:10:2019,12:00:00,298,298.000000,0.000135,0.000646,0.001850,0.003151,0.003411,0.002726,0.002079,0.001995,0.002642,0.003949,0.005160,0.005930,0.006847,0.008041,0.009133,0.009505,0.008589,0.006417,0.003784,0.001689,0.000554,0.000133,0.439000,7,7,7,7,7,7,7,7,7,7,7,7,7,7,7,7,7,7,7,7,7,7,7,-31.255000,121.705000,300.000000,lev15,Almucantar
Lake_Lefroy,26:10:2019,12:00:00,299,299.000000,0.000109,0.000726,0.002468,0.004441,0.004622,0.003299,0.002088,0.001518,0.001441,0.001727,0.002274,0.002937,0.003600,0.004193,0.004608,0.004663,0.004173,0.003153,0.001922,0.000912,0.000329,0.000090,0.439000,8,8,8,8,8,8,8,8,8,8,8,8,8,8,8,8,8,8,8,8,8,8,8,-31.255000,121.705000,300.000000,lev15,Almucantar
Lake_Lefroy,27:10:2019,12:00:00,300,300.000000,0.000160,0.000946,0.002976,0.005142,0.005385,0.004094,0.002852,0.002228,0.002141,0.002472,0.003151,0.004063,0.005035,0.005915,0.006604,0.006935,0.006590,0.005303,0.003352,0.001569,0.000529,0.000129,0.439000,4,4,4,4,4,4,4,4,4,4,4,4,4,4,4,4,4,4,4,4,4,4,4,-31.255000,121.705000,300.000000,lev15,Almucantar
Lake_Lefroy,30:10:2019,12:00:00,303,303.000000,0.000217,0.001188,0.003621,0.006319,0.006885,0.005464,0.003852,0.002904,0.002620,0.002883,0.003686,0.005115,0.007292,0.010248,0.013653,0.016435,0.016755,0.013447,0.007946,0.003293,0.000931,0.000178,0.439000,1,1,1,1,1,1,1,1,1,1,1,1,1,1,1,1,1,1,1,1,1,1,1,-31.255000,121.705000,300.000000,lev15,Almucantar
Lake_Lefroy,01:11:2019,12:00:00,305,305.000000,0.000076,0.000503,0.001981,0.004594,0.006026,0.004585,0.002641,0.001815,0.001979,0.003074,0.004676,0.005484,0.005705,0.006594,0.008413,0.010253,0.010838,0.009260,0.005850,0.002502,0.000683,0.000117,0.439000,1,1,1,1,1,1,1,1,1,1,1,1,1,1,1,1,1,1,1,1,1,1,1,-31.255000,121.705000,300.000000,lev15,Almucantar
Lake_Lefroy,02:11:2019,12:00:00,306,306.000000,0.000089,0.000521,0.001642,0.002860,0.003031,0.002325,0.001632,0.001291,0.001257,0.001437,0.001715,0.001986,0.002255,0.002595,0.003033,0.003486,0.003691,0.003297,0.002253,0.001085,0.000351,0.000075,0.439000,3,3,3,3,3,3,3,3,3,3,3,3,3,3,3,3,3,3,3,3,3,3,3,-31.255000,121.705000,300.000000,lev15,Almucantar
Lake_Lefroy,03:11:2019,12:00:00,307,307.000000,0.000166,0.000741,0.001986,0.003290,0.003648,0.003141,0.002554,0.002348,0.002614,0.003296,0.004246,0.005365,0.006685,0.008078,0.009235,0.009695,0.008926,0.006800,0.004048,0.001805,0.000587,0.000138,0.439000,2,2,2,2,2,2,2,2,2,2,2,2,2,2,2,2,2,2,2,2,2,2,2,-31.255000,121.705000,300.000000,lev15,Almucantar
Lake_Lefroy,18:12:2019,12:00:00,352,352.000000,0.000481,0.003245,0.011355,0.020975,0.021948,0.015311,0.009389,0.006716,0.006403,0.007673,0.009867,0.012094,0.013900,0.015647,0.018098,0.021615,0.024995,0.024773,0.018308,0.008990,0.002734,0.000502,0.439000,3,3,3,3,3,3,3,3,3,3,3,3,3,3,3,3,3,3,3,3,3,3,3,-31.255000,121.705000,300.000000,lev15,Almucantar
Lake_Lefroy,20:12:2019,12:00:00,354,354.000000,0.000647,0.006643,0.022247,0.026492,0.016150,0.008588,0.005576,0.004461,0.004232,0.004484,0.004896,0.005284,0.005729,0.006522,0.008084,0.010821,0.014430,0.016418,0.013280,0.006634,0.001917,0.000323,0.456125,8,8,8,8,8,8,8,8,8,8,8,8,8,8,8,8,8,8,8,8,8,8,8,-31.255000,121.705000,300.000000,lev15,Almucantar
Lake_Lefroy,21:12:2019,12:00:00,355,355.000000,0.000469,0.002673,0.008104,0.013226,0.013020,0.009625,0.006988,0.006046,0.006470,0.007860,0.009652,0.011239,0.012605,0.014333,0.017095,0.020999,0.024498,0.023881,0.016960,0.007900,0.002285,0.000405,0.439000,5,5,5,5,5,5,5,5,5,5,5,5,5,5,5,5,5,5,5,5,5,5,5,-31.255000,121.705000,300.000000,lev15,Almucantar
Lake_Lefroy,22:12:2019,12:00:00,356,356.000000,0.000262,0.001430,0.004599,0.008741,0.010241,0.008464,0.006215,0.005003,0.004839,0.005496,0.006662,0.007812,0.008565,0.009065,0.009704,0.010596,0.011228,0.010463,0.007625,0.003939,0.001365,0.000314,0.484667,3,3,3,3,3,3,3,3,3,3,3,3,3,3,3,3,3,3,3,3,3,3,3,-31.255000,121.705000,300.000000,lev15,Almucantar
Lake_Lefroy,30:01:2020,12:00:00,30,30.000000,0.000128,0.000494,0.001207,0.001903,0.002085,0.001826,0.001540,0.001481,0.001752,0.002452,0.003622,0.005114,0.006807,0.008933,0.011914,0.015726,0.018787,0.017639,0.011150,0.004224,0.000914,0.000115,0.439000,3,3,3,3,3,3,3,3,3,3,3,3,3,3,3,3,3,3,3,3,3,3,3,-31.255000,121.705000,300.000000,lev15,Almucantar
Lake_Lefroy,31:01:2020,12:00:00,31,31.000000,0.000118,0.000539,0.001531,0.002727,0.003278,0.002979,0.002406,0.002090,0.002192,0.002745,0.003703,0.004891,0.006226,0.007866,0.009996,0.012314,0.013332,0.011257,0.006743,0.002696,0.000699,0.000117,0.439000,4,4,4,4,4,4,4,4,4,4,4,4,4,4,4,4,4,4,4,4,4,4,4,-31.255000,121.705000,300.000000,lev15,Almucantar
Lake_Lefroy,01:02:2020,12:00:00,32,32.000000,0.000092,0.000427,0.001207,0.002110,0.002461,0.002191,0.001766,0.001555,0.001692,0.002190,0.002914,0.003759,0.004945,0.006820,0.009370,0.011631,0.011846,0.009250,0.005233,0.002024,0.000514,0.000085,0.456125,8,8,8,8,8,8,8,8,8,8,8,8,8,8,8,8,8,8,8,8,8,8,8,-31.255000,121.705000,300.000000,lev15,Almucantar
Lake_Lefroy,02:02:2020,12:00:00,33,33.000000,0.000074,0.000343,0.001031,0.002036,0.002741,0.002710,0.002191,0.001676,0.001420,0.001455,0.001753,0.002315,0.003218,0.004554,0.006236,0.007689,0.007876,0.006216,0.003553,0.001411,0.000383,0.000072,0.575000,8,8,8,8,8,8,8,8,8,8,8,8,8,8,8,8,8,8,8,8,8,8,8,-31.255000,121.705000,300.000000,lev15,Almucantar
Lake_Lefroy,03:02:2020,12:00:00,34,34.000000,0.000069,0.000333,0.001043,0.002157,0.003041,0.003113,0.002549,0.001893,0.001450,0.001262,0.001297,0.001537,0.001979,0.002603,0.003311,0.003859,0.003891,0.003190,0.002004,0.000921,0.000301,0.000069,0.621000,4,4,4,4,4,4,4,4,4,4,4,4,4,4,4,4,4,4,4,4,4,4,4,-31.255000,121.705000,300.000000,lev15,Almucantar
Lake_Lefroy,04:02:2020,12:00:00,35,35.000000,0.000116,0.000450,0.001181,0.002137,0.002796,0.002892,0.002694,0.002582,0.002746,0.003259,0.004118,0.005167,0.006176,0.006989,0.007488,0.007493,0.006754,0.005151,0.003101,0.001398,0.000461,0.000112,0.439000,8,8,8,8,8,8,8,8,8,8,8,8,8,8,8,8,8,8,8,8,8,8,8,-31.255000,121.705000,300.000000,lev15,Almucantar
Lake_Lefroy,05:02:2020,12:00:00,36,36.000000,0.000115,0.000505,0.001423,0.002646,0.003456,0.003486,0.003068,0.002686,0.002588,0.002857,0.003533,0.004594,0.005903,0.007268,0.008493,0.009250,0.008976,0.007246,0.004500,0.001996,0.000596,0.000116,0.439000,4,4,4,4,4,4,4,4,4,4,4,4,4,4,4,4,4,4,4,4,4,4,4,-31.255000,121.705000,300.000000,lev15,Almucantar
Lake_Lefroy,09:02:2020,12:00:00,40,40.000000,0.000333,0.001759,0.005686,0.011409,0.014953,0.014110,0.010991,0.008157,0.006420,0.005650,0.005610,0.006212,0.007554,0.009791,0.012829,0.015816,0.016914,0.014502,0.009337,0.004308,0.001389,0.000311,0.756000,2,2,2,2,2,2,2,2,2,2,2,2,2,2,2,2,2,2,2,2,2,2,2,-31.255000,121.705000,300.000000,lev15,Almucantar
Lake_Lefroy,13:02:2020,12:00:00,44,44.000000,0.000135,0.000660,0.001981,0.003732,0.004714,0.004511,0.003857,0.003425,0.003396,0.003735,0.004313,0.004914,0.005329,0.005482,0.005379,0.004987,0.004240,0.003163,0.001972,0.000988,0.000388,0.000119,0.439000,4,4,4,4,4,4,4,4,4,4,4,4,4,4,4,4,4,4,4,4,4,4,4,-31.255000,121.705000,300.000000,lev15,Almucantar
Lake_Lefroy,14:02:2020,12:00:00,45,45.000000,0.000153,0.000662,0.001856,0.003445,0.004470,0.004458,0.003896,0.003436,0.003387,0.003819,0.004669,0.005712,0.006664,0.007354,0.007664,0.007415,0.006421,0.004761,0.002896,0.001391,0.000512,0.000142,0.439000,4,4,4,4,4,4,4,4,4,4,4,4,4,4,4,4,4,4,4,4,4,4,4,-31.255000,121.705000,300.000000,lev15,Almucantar
Lake_Lefroy,15:02:2020,12:00:00,46,46.000000,0.000117,0.000545,0.001590,0.002991,0.003872,0.003814,0.003270,0.002825,0.002736,0.003055,0.003734,0.004560,0.005193,0.005429,0.005317,0.004972,0.004405,0.003544,0.002403,0.001251,0.000461,0.000117,0.439000,2,2,2,2,2,2,2,2,2,2,2,2,2,2,2,2,2,2,2,2,2,2,2,-31.255000,121.705000,300.000000,lev15,Almucantar
Lake_Lefroy,16:02:2020,12:00:00,47,47.000000,0.000176,0.001083,0.003517,0.006389,0.007494,0.006597,0.004963,0.003715,0.003265,0.003647,0.004678,0.005821,0.006412,0.006388,0.006013,0.005481,0.004782,0.003787,0.002510,0.001295,0.000502,0.000149,0.620143,7,7,7,7,7,7,7,7,7,7,7,7,7,7,7,7,7,7,7,7,7,7,7,-31.255000,121.705000,300.000000,lev15,Almucantar
Lake_Lefroy,17:02:2020,12:00:00,48,48.000000,0.000172,0.000582,0.001475,0.002821,0.004127,0.004754,0.004660,0.004392,0.004374,0.004803,0.005806,0.007285,0.008789,0.009780,0.009917,0.009097,0.007438,0.005289,0.003165,0.001537,0.000588,0.000175,0.439000,4,4,4,4,4,4,4,4,4,4,4,4,4,4,4,4,4,4,4,4,4,4,4,-31.255000,121.705000,300.000000,lev15,Almucantar
Lake_Lefroy,18:02:2020,12:00:00,49,49.000000,0.000206,0.000670,0.001614,0.002836,0.003721,0.003912,0.003718,0.003708,0.004281,0.005593,0.007379,0.009070,0.010691,0.012924,0.015910,0.018494,0.018342,0.014400,0.008585,0.003729,0.001124,0.000229,0.484667,3,3,3,3,3,3,3,3,3,3,3,3,3,3,3,3,3,3,3,3,3,3,3,-31.255000,121.705000,300.000000,lev15,Almucantar
Lake_Lefroy,21:02:2020,12:00:00,52,52.000000,0.000064,0.000280,0.000846,0.001726,0.002569,0.003077,0.002969,0.002337,0.001866,0.001894,0.002347,0.002981,0.003391,0.003325,0.002878,0.002289,0.001706,0.001177,0.000728,0.000391,0.000178,0.000069,0.507500,2,2,2,2,2,2,2,2,2,2,2,2,2,2,2,2,2,2,2,2,2,2,2,-31.255000,121.705000,300.000000,lev15,Almucantar
Lake_Lefroy,23:02:2020,12:00:00,54,54.000000,0.000117,0.000534,0.001526,0.002813,0.003586,0.003521,0.003099,0.002890,0.003138,0.003888,0.004995,0.005930,0.006087,0.005500,0.004687,0.003991,0.003419,0.002801,0.002000,0.001118,0.000449,0.000125,0.439000,2,2,2,2,2,2,2,2,2,2,2,2,2,2,2,2,2,2,2,2,2,2,2,-31.255000,121.705000,300.000000,lev15,Almucantar
Lake_Lefroy,24:02:2020,12:00:00,55,55.000000,0.000119,0.000590,0.001680,0.002847,0.003180,0.002779,0.002354,0.002310,0.002760,0.003672,0.004695,0.005211,0.004984,0.004304,0.003532,0.002855,0.002285,0.001754,0.001209,0.000688,0.000303,0.000103,0.439000,2,2,2,2,2,2,2,2,2,2,2,2,2,2,2,2,2,2,2,2,2,2,2,-31.255000,121.705000,300.000000,lev15,Almucantar
Lake_Lefroy,27:02:2020,12:00:00,58,58.000000,0.000180,0.000648,0.001482,0.002181,0.002249,0.001914,0.001683,0.001874,0.002801,0.004885,0.007956,0.010731,0.012462,0.013822,0.015349,0.016378,0.015515,0.011958,0.006899,0.002800,0.000783,0.000155,0.439000,8,8,8,8,8,8,8,8,8,8,8,8,8,8,8,8,8,8,8,8,8,8,8,-31.255000,121.705000,300.000000,lev15,Almucantar
Lake_Lefroy,02:03:2020,12:00:00,62,62.000000,0.000092,0.000346,0.000928,0.001751,0.002454,0.002777,0.002753,0.002594,0.002532,0.002769,0.003268,0.003685,0.003965,0.004226,0.004464,0.004574,0.004364,0.003647,0.002458,0.001222,0.000421,0.000099,0.473250,4,4,4,4,4,4,4,4,4,4,4,4,4,4,4,4,4,4,4,4,4,4,4,-31.255000,121.705000,300.000000,lev15,Almucantar
Lake_Lefroy,03:03:2020,12:00:00,63,63.000000,0.000057,0.000273,0.000920,0.002050,0.003187,0.003722,0.003292,0.002349,0.001664,0.001444,0.001542,0.001836,0.002377,0.003164,0.004086,0.004750,0.004525,0.003379,0.001946,0.000841,0.000272,0.000068,0.712500,6,6,6,6,6,6,6,6,6,6,6,6,6,6,6,6,6,6,6,6,6,6,6,-31.255000,121.705000,300.000000,lev15,Almucantar
Lake_Lefroy,04:03:2020,12:00:00,64,64.000000,0.000043,0.000176,0.000569,0.001417,0.002642,0.003493,0.003185,0.002164,0.001314,0.000904,0.000802,0.000884,0.001068,0.001314,0.001637,0.002047,0.002412,0.002389,0.001753,0.000868,0.000276,0.000056,0.815000,4,4,4,4,4,4,4,4,4,4,4,4,4,4,4,4,4,4,4,4,4,4,4,-31.255000,121.705000,300.000000,lev15,Almucantar
Lake_Lefroy,05:03:2020,12:00:00,65,65.000000,0.000063,0.000232,0.000665,0.001478,0.002524,0.003267,0.003201,0.002457,0.001631,0.001124,0.000944,0.000990,0.001194,0.001517,0.001902,0.002224,0.002309,0.002010,0.001379,0.000708,0.000264,0.000071,0.756000,2,2,2,2,2,2,2,2,2,2,2,2,2,2,2,2,2,2,2,2,2,2,2,-31.255000,121.705000,300.000000,lev15,Almucantar
Lake_Lefroy,07:03:2020,12:00:00,67,67.000000,0.000094,0.000378,0.001039,0.001989,0.002737,0.002873,0.002590,0.002335,0.002323,0.002631,0.003347,0.004437,0.005478,0.006076,0.006365,0.006525,0.006428,0.005615,0.003850,0.001843,0.000572,0.000113,0.473250,4,4,4,4,4,4,4,4,4,4,4,4,4,4,4,4,4,4,4,4,4,4,4,-31.255000,121.705000,300.000000,lev15,Almucantar
Lake_Lefroy,08:03:2020,12:00:00,68,68.000000,0.000136,0.000399,0.000887,0.001494,0.001983,0.002229,0.002368,0.002700,0.003572,0.005269,0.007472,0.009168,0.010073,0.010731,0.010930,0.009872,0.007605,0.005007,0.002780,0.001254,0.000448,0.000128,0.439000,5,5,5,5,5,5,5,5,5,5,5,5,5,5,5,5,5,5,5,5,5,5,5,-31.255000,121.705000,300.000000,lev15,Almucantar
Lake_Lefroy,09:03:2020,12:00:00,69,69.000000,0.000210,0.000912,0.002221,0.003182,0.003084,0.002571,0.002364,0.002721,0.003770,0.005712,0.008458,0.010594,0.010633,0.009695,0.008967,0.008492,0.007775,0.006301,0.004115,0.002001,0.000690,0.000166,0.439000,1,1,1,1,1,1,1,1,1,1,1,1,1,1,1,1,1,1,1,1,1,1,1,-31.255000,121.705000,300.000000,lev15,Almucantar
Lake_Lefroy,10:03:2020,12:00:00,70,70.000000,0.000249,0.000807,0.001703,0.002382,0.002457,0.002246,0.002230,0.002782,0.004372,0.007376,0.011069,0.014055,0.016519,0.019394,0.021528,0.020292,0.015242,0.009177,0.004572,0.001914,0.000672,0.000198,0.439000,6,6,6,6,6,6,6,6,6,6,6,6,6,6,6,6,6,6,6,6,6,6,6,-31.255000,121.705000,300.000000,lev15,Almucantar
Lake_Lefroy,11:03:2020,12:00:00,71,71.000000,0.000150,0.000583,0.001426,0.002295,0.002765,0.002798,0.002664,0.002771,0.003419,0.004673,0.006367,0.008189,0.009645,0.010417,0.010279,0.009086,0.007079,0.004770,0.002698,0.001238,0.000451,0.000131,0.439000,6,6,6,6,6,6,6,6,6,6,6,6,6,6,6,6,6,6,6,6,6,6,6,-31.255000,121.705000,300.000000,lev15,Almucantar
Lake_Lefroy,12:03:2020,12:00:00,72,72.000000,0.000096,0.000393,0.001055,0.001876,0.002373,0.002392,0.002214,0.002144,0.002315,0.002759,0.003418,0.004096,0.004550,0.004750,0.004823,0.004816,0.004588,0.003879,0.002634,0.001297,0.000430,0.000094,0.439000,9,9,9,9,9,9,9,9,9,9,9,9,9,9,9,9,9,9,9,9,9,9,9,-31.255000,121.705000,300.000000,lev15,Almucantar
Lake_Lefroy,15:03:2020,12:00:00,75,75.000000,0.000162,0.000584,0.001378,0.002161,0.002454,0.002331,0.002223,0.002559,0.003773,0.006033,0.008459,0.009544,0.009066,0.008201,0.007539,0.007041,0.006369,0.005177,0.003469,0.001771,0.000652,0.000170,0.439000,4,4,4,4,4,4,4,4,4,4,4,4,4,4,4,4,4,4,4,4,4,4,4,-31.255000,121.705000,300.000000,lev15,Almucantar
Lake_Lefroy,18:03:2020,12:00:00,78,78.000000,0.000074,0.000341,0.001010,0.001952,0.002614,0.002651,0.002285,0.001912,0.001753,0.001871,0.002271,0.002967,0.004027,0.005477,0.006989,0.007677,0.006886,0.004997,0.002850,0.001200,0.000352,0.000071,0.507500,6,6,6,6,6,6,6,6,6,6,6,6,6,6,6,6,6,6,6,6,6,6,6,-31.255000,121.705000,300.000000,lev15,Almucantar
Lake_Lefroy,22:03:2020,12:00:00,82,82.000000,0.000090,0.000479,0.001561,0.003226,0.004460,0.004434,0.003545,0.002688,0.002274,0.002325,0.002808,0.003660,0.004626,0.005260,0.005267,0.004704,0.003807,0.002773,0.001740,0.000879,0.000335,0.000095,0.439000,2,2,2,2,2,2,2,2,2,2,2,2,2,2,2,2,2,2,2,2,2,2,2,-31.255000,121.705000,300.000000,lev15,Almucantar
Lake_Lefroy,23:03:2020,12:00:00,83,83.000000,0.000076,0.000384,0.001195,0.002331,0.003003,0.002803,0.002198,0.001748,0.001655,0.001967,0.002671,0.003533,0.004183,0.004471,0.004424,0.004100,0.003520,0.002677,0.001679,0.000809,0.000287,0.000075,0.439000,4,4,4,4,4,4,4,4,4,4,4,4,4,4,4,4,4,4,4,4,4,4,4,-31.255000,121.705000,300.000000,lev15,Almucantar
Lake_Lefroy,24:03:2020,12:00:00,84,84.000000,0.000026,0.000179,0.000739,0.001828,0.002800,0.002806,0.002015,0.001210,0.000748,0.000566,0.000543,0.000613,0.000734,0.000866,0.000972,0.001020,0.000977,0.000813,0.000550,0.000281,0.000103,0.000027,0.858500,8,8,8,8,8,8,8,8,8,8,8,8,8,8,8,8,8,8,8,8,8,8,8,-31.255000,121.705000,300.000000,lev15,Almucantar
Lake_Lefroy,25:03:2020,12:00:00,85,85.000000,0.000071,0.000304,0.000911,0.001832,0.002577,0.002741,0.002424,0.002036,0.001879,0.002062,0.002623,0.003511,0.004478,0.005134,0.005153,0.004489,0.003424,0.002309,0.001361,0.000669,0.000260,0.000078,0.461833,6,6,6,6,6,6,6,6,6,6,6,6,6,6,6,6,6,6,6,6,6,6,6,-31.255000,121.705000,300.000000,lev15,Almucantar
Lake_Lefroy,07:04:2020,12:00:00,98,98.000000,0.000085,0.000441,0.001421,0.002895,0.003855,0.003641,0.002824,0.002168,0.001918,0.002062,0.002565,0.003312,0.003986,0.004254,0.004079,0.003605,0.002934,0.002131,0.001319,0.000668,0.000269,0.000086,0.439000,1,1,1,1,1,1,1,1,1,1,1,1,1,1,1,1,1,1,1,1,1,1,1,-31.255000,121.705000,300.000000,lev15,Almucantar
Lake_Lefroy,14:04:2020,12:00:00,105,105.000000,0.000109,0.000383,0.000963,0.001751,0.002387,0.002605,0.002518,0.002437,0.002618,0.003260,0.004524,0.006288,0.007818,0.008256,0.007500,0.006054,0.004419,0.002893,0.001653,0.000800,0.000321,0.000105,0.439000,1,1,1,1,1,1,1,1,1,1,1,1,1,1,1,1,1,1,1,1,1,1,1,-31.255000,121.705000,300.000000,lev15,Almucantar
Lake_Lefroy,16:04:2020,12:00:00,107,107.000000,0.000152,0.000525,0.001274,0.002196,0.002827,0.002983,0.002942,0.003103,0.003735,0.004950,0.006690,0.008745,0.010983,0.013303,0.015179,0.015428,0.013082,0.008820,0.004613,0.001855,0.000572,0.000135,0.439000,4,4,4,4,4,4,4,4,4,4,4,4,4,4,4,4,4,4,4,4,4,4,4,-31.255000,121.705000,300.000000,lev15,Almucantar
Lake_Lefroy,18:04:2020,12:00:00,109,109.000000,0.000081,0.000490,0.001681,0.003393,0.004311,0.003852,0.002849,0.002112,0.001820,0.001907,0.002289,0.002829,0.003322,0.003611,0.003677,0.003543,0.003177,0.002529,0.001670,0.000850,0.000313,0.000081,0.439000,2,2,2,2,2,2,2,2,2,2,2,2,2,2,2,2,2,2,2,2,2,2,2,-31.255000,121.705000,300.000000,lev15,Almucantar
Lake_Lefroy,20:04:2020,12:00:00,111,111.000000,0.000101,0.000341,0.000849,0.001554,0.002170,0.002466,0.002505,0.002566,0.002874,0.003522,0.004478,0.005539,0.006370,0.006784,0.006753,0.006225,0.005148,0.003670,0.002163,0.001012,0.000365,0.000101,0.439000,10,10,10,10,10,10,10,10,10,10,10,10,10,10,10,10,10,10,10,10,10,10,10,-31.255000,121.705000,300.000000,lev15,Almucantar
Lake_Lefroy,21:04:2020,12:00:00,112,112.000000,0.000083,0.000360,0.001011,0.001846,0.002320,0.002244,0.001971,0.001868,0.002098,0.002700,0.003554,0.004429,0.005182,0.005826,0.006252,0.006114,0.005194,0.003731,0.002186,0.000990,0.000331,0.000081,0.439000,11,11,11,11,11,11,11,11,11,11,11,11,11,11,11,11,11,11,11,11,11,11,11,-31.255000,121.705000,300.000000,lev15,Almucantar
Lake_Lefroy,23:04:2020,12:00:00,114,114.000000,0.000047,0.000281,0.000979,0.002016,0.002620,0.002413,0.001867,0.001465,0.001328,0.001427,0.001716,0.002111,0.002480,0.002724,0.002833,0.002813,0.002602,0.002112,0.001382,0.000667,0.000221,0.000049,0.473250,8,8,8,8,8,8,8,8,8,8,8,8,8,8,8,8,8,8,8,8,8,8,8,-31.255000,121.705000,300.000000,lev15,Almucantar
Lake_Lefroy,26:04:2020,12:00:00,117,117.000000,0.000113,0.000368,0.000858,0.001444,0.001834,0.001917,0.001870,0.001928,0.002235,0.002852,0.003797,0.005103,0.006908,0.009289,0.011740,0.012878,0.011400,0.007790,0.004031,0.001568,0.000457,0.000100,0.439000,1,1,1,1,1,1,1,1,1,1,1,1,1,1,1,1,1,1,1,1,1,1,1,-31.255000,121.705000,300.000000,lev15,Almucantar
Lake_Lefroy,28:04:2020,12:00:00,119,119.000000,0.000137,0.000413,0.000974,0.001724,0.002317,0.002532,0.002567,0.002807,0.003533,0.004879,0.006521,0.007713,0.008375,0.008976,0.009416,0.009151,0.007670,0.005264,0.002901,0.001276,0.000448,0.000127,0.439000,5,5,5,5,5,5,5,5,5,5,5,5,5,5,5,5,5,5,5,5,5,5,5,-31.255000,121.705000,300.000000,lev15,Almucantar
Lake_Lefroy,29:04:2020,12:00:00,120,120.000000,0.000125,0.000302,0.000597,0.000913,0.001147,0.001327,0.001579,0.002087,0.003081,0.004593,0.006124,0.007190,0.008270,0.010311,0.013700,0.016975,0.016716,0.012005,0.006188,0.002281,0.000600,0.000114,0.439000,5,5,5,5,5,5,5,5,5,5,5,5,5,5,5,5,5,5,5,5,5,5,5,-31.255000,121.705000,300.000000,lev15,Almucantar
Lake_Lefroy,30:04:2020,12:00:00,121,121.000000,0.000120,0.000337,0.000708,0.001091,0.001327,0.001437,0.001580,0.001954,0.002745,0.003969,0.005316,0.006514,0.007900,0.010098,0.013126,0.015417,0.014397,0.010035,0.005174,0.001954,0.000535,0.000107,0.439000,6,6,6,6,6,6,6,6,6,6,6,6,6,6,6,6,6,6,6,6,6,6,6,-31.255000,121.705000,300.000000,lev15,Almucantar
Lake_Lefroy,01:05:2020,12:00:00,122,122.000000,0.000091,0.000296,0.000710,0.001231,0.001610,0.001738,0.001746,0.001847,0.002216,0.002954,0.004019,0.005273,0.006706,0.008413,0.010082,0.010554,0.008814,0.005701,0.002894,0.001158,0.000361,0.000086,0.439000,10,10,10,10,10,10,10,10,10,10,10,10,10,10,10,10,10,10,10,10,10,10,10,-31.255000,121.705000,300.000000,lev15,Almucantar
Lake_Lefroy,02:05:2020,12:00:00,123,123.000000,0.000057,0.000223,0.000631,0.001267,0.001853,0.002081,0.001934,0.001689,0.001591,0.001749,0.002220,0.002991,0.003847,0.004457,0.004639,0.004326,0.003545,0.002478,0.001426,0.000651,0.000230,0.000062,0.456125,8,8,8,8,8,8,8,8,8,8,8,8,8,8,8,8,8,8,8,8,8,8,8,-31.255000,121.705000,300.000000,lev15,Almucantar
Lake_Lefroy,03:05:2020,12:00:00,124,124.000000,0.000040,0.000248,0.000892,0.001882,0.002528,0.002428,0.001911,0.001441,0.001211,0.001222,0.001435,0.001776,0.002086,0.002219,0.002180,0.002039,0.001816,0.001466,0.000981,0.000493,0.000172,0.000041,0.490375,8,8,8,8,8,8,8,8,8,8,8,8,8,8,8,8,8,8,8,8,8,8,8,-31.255000,121.705000,300.000000,lev15,Almucantar
Lake_Lefroy,04:05:2020,12:00:00,125,125.000000,0.000037,0.000195,0.000655,0.001419,0.002071,0.002167,0.001786,0.001335,0.001061,0.001003,0.001143,0.001451,0.001846,0.002231,0.002540,0.002686,0.002550,0.002064,0.001325,0.000620,0.000197,0.000041,0.576000,5,5,5,5,5,5,5,5,5,5,5,5,5,5,5,5,5,5,5,5,5,5,5,-31.255000,121.705000,300.000000,lev15,Almucantar
Lake_Lefroy,07:05:2020,12:00:00,128,128.000000,0.000128,0.000373,0.000818,0.001357,0.001783,0.002015,0.002191,0.002567,0.003362,0.004590,0.005980,0.007251,0.008436,0.009673,0.010665,0.010588,0.008861,0.006029,0.003289,0.001414,0.000470,0.000121,0.439000,9,9,9,9,9,9,9,9,9,9,9,9,9,9,9,9,9,9,9,9,9,9,9,-31.255000,121.705000,300.000000,lev15,Almucantar
Lake_Lefroy,09:05:2020,12:00:00,130,130.000000,0.000071,0.000278,0.000739,0.001346,0.001759,0.001810,0.001684,0.001648,0.001857,0.002369,0.003139,0.004011,0.004852,0.005636,0.006275,0.006433,0.005688,0.004092,0.002300,0.000977,0.000304,0.000068,0.439000,8,8,8,8,8,8,8,8,8,8,8,8,8,8,8,8,8,8,8,8,8,8,8,-31.255000,121.705000,300.000000,lev15,Almucantar
Lake_Lefroy,10:05:2020,12:00:00,131,131.000000,0.000028,0.000080,0.000210,0.000492,0.000989,0.001572,0.001862,0.001734,0.001491,0.001389,0.001506,0.001825,0.002246,0.002604,0.002741,0.002550,0.002044,0.001376,0.000761,0.000340,0.000122,0.000035,0.576000,2,2,2,2,2,2,2,2,2,2,2,2,2,2,2,2,2,2,2,2,2,2,2,-31.255000,121.705000,300.000000,lev15,Almucantar
Lake_Lefroy,11:05:2020,12:00:00,132,132.000000,0.000064,0.000269,0.000777,0.001541,0.002222,0.002484,0.002308,0.002003,0.001834,0.001835,0.001948,0.002167,0.002463,0.002762,0.003107,0.003574,0.003982,0.003742,0.002577,0.001193,0.000357,0.000068,0.548600,5,5,5,5,5,5,5,5,5,5,5,5,5,5,5,5,5,5,5,5,5,5,5,-31.255000,121.705000,300.000000,lev15,Almucantar
Lake_Lefroy,13:05:2020,12:00:00,134,134.000000,0.000088,0.000360,0.001003,0.001933,0.002687,0.002875,0.002619,0.002331,0.002303,0.002667,0.003484,0.004657,0.005788,0.006372,0.006216,0.005474,0.004374,0.003110,0.001881,0.000912,0.000335,0.000091,0.439000,5,5,5,5,5,5,5,5,5,5,5,5,5,5,5,5,5,5,5,5,5,5,5,-31.255000,121.705000,300.000000,lev15,Almucantar
Lake_Lefroy,14:05:2020,12:00:00,135,135.000000,0.000079,0.000418,0.001383,0.002888,0.003986,0.003931,0.003086,0.002222,0.001704,0.001547,0.001696,0.002107,0.002688,0.003267,0.003682,0.003787,0.003461,0.002701,0.001717,0.000845,0.000308,0.000081,0.562300,10,10,10,10,10,10,10,10,10,10,10,10,10,10,10,10,10,10,10,10,10,10,10,-31.255000,121.705000,300.000000,lev15,Almucantar
Lake_Lefroy,15:05:2020,12:00:00,136,136.000000,0.000050,0.000309,0.001087,0.002245,0.002933,0.002702,0.002027,0.001463,0.001169,0.001103,0.001205,0.001431,0.001739,0.002115,0.002573,0.003061,0.003335,0.003006,0.002009,0.000909,0.000264,0.000049,0.551091,11,11,11,11,11,11,11,11,11,11,11,11,11,11,11,11,11,11,11,11,11,11,11,-31.255000,121.705000,300.000000,lev15,Almucantar
Lake_Lefroy,16:05:2020,12:00:00,137,137.000000,0.000160,0.000730,0.001975,0.003243,0.003546,0.003014,0.002440,0.002280,0.002677,0.003714,0.005357,0.007355,0.009429,0.011342,0.012562,0.012313,0.010255,0.007025,0.003833,0.001613,0.000514,0.000126,0.439000,8,8,8,8,8,8,8,8,8,8,8,8,8,8,8,8,8,8,8,8,8,8,8,-31.255000,121.705000,300.000000,lev15,Almucantar
Lake_Lefroy,18:05:2020,12:00:00,139,139.000000,0.000078,0.000341,0.000989,0.001935,0.002695,0.002868,0.002549,0.002135,0.001928,0.002024,0.002374,0.002880,0.003421,0.003849,0.003973,0.003642,0.002928,0.002071,0.001270,0.000640,0.000251,0.000076,0.593200,5,5,5,5,5,5,5,5,5,5,5,5,5,5,5,5,5,5,5,5,5,5,5,-31.255000,121.705000,300.000000,lev15,Almucantar
Lake_Lefroy,19:05:2020,12:00:00,140,140.000000,0.000084,0.000286,0.000734,0.001387,0.001964,0.002185,0.002079,0.001925,0.001958,0.002270,0.002830,0.003558,0.004487,0.005751,0.007316,0.008625,0.008600,0.006712,0.003889,0.001603,0.000455,0.000087,0.458571,7,7,7,7,7,7,7,7,7,7,7,7,7,7,7,7,7,7,7,7,7,7,7,-31.255000,121.705000,300.000000,lev15,Almucantar
Lake_Lefroy,21:05:2020,12:00:00,142,142.000000,0.000084,0.000280,0.000701,0.001320,0.001930,0.002260,0.002194,0.001968,0.001924,0.002227,0.002928,0.004012,0.005426,0.007084,0.008709,0.009563,0.008763,0.006326,0.003457,0.001393,0.000409,0.000087,0.439000,3,3,3,3,3,3,3,3,3,3,3,3,3,3,3,3,3,3,3,3,3,3,3,-31.255000,121.705000,300.000000,lev15,Almucantar
Lake_Lefroy,22:05:2020,12:00:00,143,143.000000,0.000031,0.000205,0.000771,0.001731,0.002449,0.002384,0.001823,0.001298,0.001009,0.000933,0.001028,0.001261,0.001584,0.001922,0.002192,0.002304,0.002167,0.001734,0.001100,0.000508,0.000159,0.000033,0.576000,8,8,8,8,8,8,8,8,8,8,8,8,8,8,8,8,8,8,8,8,8,8,8,-31.255000,121.705000,300.000000,lev15,Almucantar
Lake_Lefroy,23:05:2020,12:00:00,144,144.000000,0.000032,0.000193,0.000683,0.001476,0.002082,0.002092,0.001673,0.001256,0.001038,0.001023,0.001183,0.001479,0.001803,0.002014,0.002063,0.001969,0.001742,0.001377,0.000902,0.000444,0.000151,0.000035,0.513727,11,11,11,11,11,11,11,11,11,11,11,11,11,11,11,11,11,11,11,11,11,11,11,-31.255000,121.705000,300.000000,lev15,Almucantar
Lake_Lefroy,25:05:2020,12:00:00,146,146.000000,0.000146,0.000369,0.000736,0.001162,0.001497,0.001682,0.001852,0.002262,0.003188,0.004848,0.007048,0.009027,0.010438,0.011591,0.012850,0.013867,0.013177,0.009862,0.005420,0.002136,0.000613,0.000136,0.439000,4,4,4,4,4,4,4,4,4,4,4,4,4,4,4,4,4,4,4,4,4,4,4,-31.255000,121.705000,300.000000,lev15,Almucantar
Lake_Lefroy,26:05:2020,12:00:00,147,147.000000,0.000091,0.000232,0.000500,0.000896,0.001327,0.001668,0.001944,0.002407,0.003371,0.004851,0.006304,0.007392,0.008257,0.008843,0.009105,0.008857,0.007657,0.005510,0.003118,0.001323,0.000415,0.000101,0.439000,6,6,6,6,6,6,6,6,6,6,6,6,6,6,6,6,6,6,6,6,6,6,6,-31.255000,121.705000,300.000000,lev15,Almucantar
Lake_Lefroy,28:05:2020,12:00:00,149,149.000000,0.000030,0.000162,0.000563,0.001277,0.001935,0.002021,0.001615,0.001218,0.001033,0.001043,0.001201,0.001461,0.001770,0.002094,0.002431,0.002705,0.002714,0.002258,0.001422,0.000624,0.000179,0.000033,0.524625,8,8,8,8,8,8,8,8,8,8,8,8,8,8,8,8,8,8,8,8,8,8,8,-31.255000,121.705000,300.000000,lev15,Almucantar
Lake_Lefroy,29:05:2020,12:00:00,150,150.000000,0.000036,0.000197,0.000654,0.001359,0.001877,0.001878,0.001544,0.001230,0.001079,0.001087,0.001221,0.001438,0.001681,0.001946,0.002334,0.002931,0.003569,0.003584,0.002489,0.001056,0.000261,0.000039,0.488818,11,11,11,11,11,11,11,11,11,11,11,11,11,11,11,11,11,11,11,11,11,11,11,-31.255000,121.705000,300.000000,lev15,Almucantar
Lake_Lefroy,30:05:2020,12:00:00,151,151.000000,0.000084,0.000193,0.000432,0.000895,0.001617,0.002376,0.002769,0.002847,0.003083,0.003805,0.004995,0.006144,0.007000,0.007993,0.009300,0.010667,0.011225,0.009775,0.006242,0.002640,0.000705,0.000123,0.439000,5,5,5,5,5,5,5,5,5,5,5,5,5,5,5,5,5,5,5,5,5,5,5,-31.255000,121.705000,300.000000,lev15,Almucantar
Lake_Lefroy,01:06:2020,12:00:00,153,153.000000,0.000097,0.000329,0.000808,0.001434,0.001893,0.001985,0.001896,0.001937,0.002270,0.002953,0.003940,0.005077,0.006349,0.007779,0.008957,0.009021,0.007479,0.004967,0.002620,0.001090,0.000356,0.000091,0.439000,5,5,5,5,5,5,5,5,5,5,5,5,5,5,5,5,5,5,5,5,5,5,5,-31.255000,121.705000,300.000000,lev15,Almucantar
Lake_Lefroy,02:06:2020,12:00:00,154,154.000000,0.000039,0.000132,0.000391,0.000902,0.001567,0.002038,0.002011,0.001676,0.001419,0.001401,0.001638,0.002115,0.002778,0.003500,0.004061,0.004153,0.003581,0.002517,0.001398,0.000596,0.000193,0.000048,0.530333,3,3,3,3,3,3,3,3,3,3,3,3,3,3,3,3,3,3,3,3,3,3,3,-31.255000,121.705000,300.000000,lev15,Almucantar
Lake_Lefroy,03:06:2020,12:00:00,155,155.000000,0.000028,0.000105,0.000304,0.000666,0.001121,0.001483,0.001606,0.001510,0.001332,0.001201,0.001183,0.001309,0.001589,0.002012,0.002488,0.002792,0.002647,0.001988,0.001124,0.000462,0.000136,0.000028,0.756000,1,1,1,1,1,1,1,1,1,1,1,1,1,1,1,1,1,1,1,1,1,1,1,-31.255000,121.705000,300.000000,lev15,Almucantar
Lake_Lefroy,05:06:2020,12:00:00,157,157.000000,0.000039,0.000217,0.000716,0.001453,0.001955,0.001932,0.001598,0.001270,0.001081,0.001039,0.001114,0.001245,0.001341,0.001357,0.001325,0.001285,0.001230,0.001101,0.000831,0.000468,0.000176,0.000042,0.576000,6,6,6,6,6,6,6,6,6,6,6,6,6,6,6,6,6,6,6,6,6,6,6,-31.255000,121.705000,300.000000,lev15,Almucantar
Lake_Lefroy,08:06:2020,12:00:00,160,160.000000,0.000033,0.000170,0.000606,0.001463,0.002435,0.002766,0.002228,0.001543,0.001133,0.000979,0.001006,0.001155,0.001349,0.001502,0.001568,0.001524,0.001343,0.001027,0.000650,0.000325,0.000126,0.000037,0.612000,10,10,10,10,10,10,10,10,10,10,10,10,10,10,10,10,10,10,10,10,10,10,10,-31.255000,121.705000,300.000000,lev15,Almucantar
Lake_Lefroy,09:06:2020,12:00:00,161,161.000000,0.000022,0.000106,0.000375,0.000960,0.001738,0.002157,0.001890,0.001348,0.000943,0.000741,0.000691,0.000738,0.000811,0.000851,0.000891,0.000994,0.001144,0.001169,0.000884,0.000433,0.000132,0.000027,0.784000,2,2,2,2,2,2,2,2,2,2,2,2,2,2,2,2,2,2,2,2,2,2,2,-31.255000,121.705000,300.000000,lev15,Almucantar
Lake_Lefroy,10:06:2020,12:00:00,162,162.000000,0.000053,0.000281,0.000883,0.001686,0.002071,0.001836,0.001398,0.001101,0.001012,0.001120,0.001405,0.001803,0.002254,0.002807,0.003557,0.004428,0.004926,0.004329,0.002703,0.001118,0.000296,0.000049,0.439000,1,1,1,1,1,1,1,1,1,1,1,1,1,1,1,1,1,1,1,1,1,1,1,-31.255000,121.705000,300.000000,lev15,Almucantar
Lake_Lefroy,13:06:2020,12:00:00,165,165.000000,0.000079,0.000275,0.000826,0.001843,0.002871,0.003262,0.003087,0.002825,0.002889,0.003417,0.004257,0.005104,0.006187,0.007874,0.009828,0.010950,0.009980,0.007103,0.003888,0.001586,0.000465,0.000099,0.439000,5,5,5,5,5,5,5,5,5,5,5,5,5,5,5,5,5,5,5,5,5,5,5,-31.255000,121.705000,300.000000,lev15,Almucantar
Lake_Lefroy,14:06:2020,12:00:00,166,166.000000,0.000077,0.000452,0.001670,0.003668,0.004901,0.004422,0.003259,0.002431,0.002116,0.002206,0.002609,0.003259,0.004245,0.005690,0.007231,0.007950,0.007032,0.004830,0.002556,0.001043,0.000328,0.000079,0.466400,5,5,5,5,5,5,5,5,5,5,5,5,5,5,5,5,5,5,5,5,5,5,5,-31.255000,121.705000,300.000000,lev15,Almucantar
Lake_Lefroy,15:06:2020,12:00:00,167,167.000000,0.000067,0.000255,0.000780,0.001876,0.003323,0.003942,0.003274,0.002563,0.002437,0.002915,0.003837,0.004707,0.005630,0.007381,0.009809,0.011249,0.009935,0.006585,0.003323,0.001290,0.000386,0.000089,0.439000,3,3,3,3,3,3,3,3,3,3,3,3,3,3,3,3,3,3,3,3,3,3,3,-31.255000,121.705000,300.000000,lev15,Almucantar
Lake_Lefroy,16:06:2020,12:00:00,168,168.000000,0.000054,0.000327,0.001104,0.002150,0.002623,0.002281,0.001697,0.001312,0.001193,0.001297,0.001580,0.001973,0.002336,0.002527,0.002505,0.002309,0.001980,0.001532,0.001008,0.000521,0.000197,0.000053,0.439000,6,6,6,6,6,6,6,6,6,6,6,6,6,6,6,6,6,6,6,6,6,6,6,-31.255000,121.705000,300.000000,lev15,Almucantar
Lake_Lefroy,17:06:2020,12:00:00,169,169.000000,0.000102,0.000416,0.001073,0.001794,0.002096,0.001942,0.001668,0.001535,0.001641,0.002037,0.002762,0.003875,0.005460,0.007570,0.010165,0.012794,0.014072,0.012132,0.007283,0.002781,0.000647,0.000092,0.439000,3,3,3,3,3,3,3,3,3,3,3,3,3,3,3,3,3,3,3,3,3,3,3,-31.255000,121.705000,300.000000,lev15,Almucantar
Lake_Lefroy,18:06:2020,12:00:00,170,170.000000,0.000136,0.000485,0.001067,0.001502,0.001504,0.001297,0.001221,0.001498,0.002349,0.003807,0.005032,0.005262,0.005189,0.005662,0.006918,0.008660,0.009669,0.008441,0.005246,0.002194,0.000600,0.000106,0.439000,1,1,1,1,1,1,1,1,1,1,1,1,1,1,1,1,1,1,1,1,1,1,1,-31.255000,121.705000,300.000000,lev15,Almucantar
Lake_Lefroy,19:06:2020,12:00:00,171,171.000000,0.000036,0.000153,0.000446,0.000859,0.001164,0.001238,0.001182,0.001177,0.001354,0.001763,0.002338,0.002948,0.003558,0.004190,0.004747,0.004904,0.004266,0.002921,0.001514,0.000583,0.000165,0.000034,0.439000,9,9,9,9,9,9,9,9,9,9,9,9,9,9,9,9,9,9,9,9,9,9,9,-31.255000,121.705000,300.000000,lev15,Almucantar
Lake_Lefroy,20:06:2020,12:00:00,172,172.000000,0.000027,0.000138,0.000465,0.001021,0.001531,0.001636,0.001308,0.000942,0.000767,0.000782,0.000954,0.001226,0.001545,0.001930,0.002390,0.002817,0.002916,0.002385,0.001415,0.000577,0.000159,0.000030,0.501273,11,11,11,11,11,11,11,11,11,11,11,11,11,11,11,11,11,11,11,11,11,11,11,-31.255000,121.705000,300.000000,lev15,Almucantar
Lake_Lefroy,21:06:2020,12:00:00,173,173.000000,0.000024,0.000129,0.000452,0.001032,0.001588,0.001728,0.001395,0.000950,0.000671,0.000570,0.000600,0.000730,0.000910,0.001068,0.001159,0.001158,0.001044,0.000814,0.000521,0.000260,0.000097,0.000027,0.608727,11,11,11,11,11,11,11,11,11,11,11,11,11,11,11,11,11,11,11,11,11,11,11,-31.255000,121.705000,300.000000,lev15,Almucantar
Lake_Lefroy,22:06:2020,12:00:00,174,174.000000,0.000030,0.000142,0.000459,0.000999,0.001506,0.001643,0.001378,0.001002,0.000756,0.000680,0.000749,0.000939,0.001187,0.001373,0.001416,0.001314,0.001096,0.000805,0.000501,0.000254,0.000102,0.000032,0.592364,11,11,11,11,11,11,11,11,11,11,11,11,11,11,11,11,11,11,11,11,11,11,11,-31.255000,121.705000,300.000000,lev15,Almucantar
Lake_Lefroy,23:06:2020,12:00:00,175,175.000000,0.000089,0.000214,0.000456,0.000833,0.001272,0.001633,0.001884,0.002230,0.003017,0.004499,0.006180,0.006861,0.006924,0.007843,0.010139,0.013438,0.015545,0.013711,0.008380,0.003277,0.000779,0.000113,0.439000,4,4,4,4,4,4,4,4,4,4,4,4,4,4,4,4,4,4,4,4,4,4,4,-31.255000,121.705000,300.000000,lev15,Almucantar
Lake_Lefroy,24:06:2020,12:00:00,176,176.000000,0.000106,0.000342,0.000829,0.001473,0.001982,0.002170,0.002164,0.002276,0.002801,0.003934,0.005399,0.006383,0.006845,0.007419,0.008159,0.008505,0.007696,0.005600,0.003137,0.001332,0.000430,0.000107,0.439000,11,11,11,11,11,11,11,11,11,11,11,11,11,11,11,11,11,11,11,11,11,11,11,-31.255000,121.705000,300.000000,lev15,Almucantar
Lake_Lefroy,28:08:2020,12:00:00,241,241.000000,0.000066,0.000434,0.001559,0.003109,0.003690,0.002964,0.001952,0.001307,0.001046,0.001059,0.001297,0.001757,0.002439,0.003328,0.004387,0.005412,0.005844,0.005016,0.003105,0.001290,0.000347,0.000061,0.478143,7,7,7,7,7,7,7,7,7,7,7,7,7,7,7,7,7,7,7,7,7,7,7,-31.255000,121.705000,300.000000,lev15,Almucantar
Lake_Lefroy,29:08:2020,12:00:00,242,242.000000,0.000109,0.000676,0.002460,0.005148,0.006251,0.004932,0.003297,0.002414,0.002233,0.002609,0.003339,0.004028,0.004538,0.004910,0.005129,0.005135,0.004757,0.003822,0.002475,0.001212,0.000430,0.000110,0.450417,12,12,12,12,12,12,12,12,12,12,12,12,12,12,12,12,12,12,12,12,12,12,12,-31.255000,121.705000,300.000000,lev15,Almucantar
Lake_Lefroy,30:08:2020,12:00:00,243,243.000000,0.000087,0.000416,0.001256,0.002415,0.003101,0.002927,0.002384,0.002056,0.002166,0.002729,0.003540,0.004304,0.004989,0.005731,0.006471,0.006718,0.005864,0.004098,0.002281,0.001005,0.000340,0.000086,0.439000,10,10,10,10,10,10,10,10,10,10,10,10,10,10,10,10,10,10,10,10,10,10,10,-31.255000,121.705000,300.000000,lev15,Almucantar
Lake_Lefroy,31:08:2020,12:00:00,244,244.000000,0.000101,0.000603,0.001980,0.003708,0.004342,0.003677,0.002749,0.002215,0.002147,0.002470,0.003065,0.003685,0.004034,0.004079,0.004026,0.004001,0.003897,0.003429,0.002442,0.001267,0.000443,0.000102,0.439000,12,12,12,12,12,12,12,12,12,12,12,12,12,12,12,12,12,12,12,12,12,12,12,-31.255000,121.705000,300.000000,lev15,Almucantar
Lake_Lefroy,01:09:2020,12:00:00,245,245.000000,0.000055,0.000329,0.001091,0.002068,0.002365,0.001846,0.001252,0.000977,0.001014,0.001338,0.001909,0.002551,0.003103,0.003611,0.003992,0.003974,0.003398,0.002427,0.001401,0.000625,0.000208,0.000052,0.439000,2,2,2,2,2,2,2,2,2,2,2,2,2,2,2,2,2,2,2,2,2,2,2,-31.255000,121.705000,300.000000,lev15,Almucantar
Lake_Lefroy,03:09:2020,12:00:00,247,247.000000,0.000194,0.001093,0.003642,0.007224,0.008809,0.007317,0.005125,0.003953,0.004036,0.005217,0.006838,0.008192,0.009515,0.011267,0.013067,0.013452,0.011236,0.007450,0.003983,0.001731,0.000613,0.000179,0.484667,6,6,6,6,6,6,6,6,6,6,6,6,6,6,6,6,6,6,6,6,6,6,6,-31.255000,121.705000,300.000000,lev15,Almucantar
Lake_Lefroy,04:09:2020,12:00:00,248,248.000000,0.000162,0.001140,0.004270,0.008563,0.009650,0.006980,0.004252,0.002966,0.002799,0.003479,0.004771,0.006230,0.007523,0.008560,0.009046,0.008365,0.006465,0.004218,0.002364,0.001125,0.000446,0.000146,0.439000,4,4,4,4,4,4,4,4,4,4,4,4,4,4,4,4,4,4,4,4,4,4,4,-31.255000,121.705000,300.000000,lev15,Almucantar
Lake_Lefroy,05:09:2020,12:00:00,249,249.000000,0.000092,0.000623,0.002353,0.005031,0.006344,0.005203,0.003331,0.002095,0.001548,0.001441,0.001615,0.001970,0.002398,0.002801,0.003106,0.003224,0.003022,0.002420,0.001557,0.000772,0.000293,0.000088,0.524625,8,8,8,8,8,8,8,8,8,8,8,8,8,8,8,8,8,8,8,8,8,8,8,-31.255000,121.705000,300.000000,lev15,Almucantar
Lake_Lefroy,06:09:2020,12:00:00,250,250.000000,0.000077,0.000523,0.001961,0.004128,0.005162,0.004280,0.002775,0.001702,0.001159,0.000954,0.000956,0.001116,0.001429,0.001886,0.002423,0.002866,0.002944,0.002475,0.001614,0.000784,0.000276,0.000070,0.576000,1,1,1,1,1,1,1,1,1,1,1,1,1,1,1,1,1,1,1,1,1,1,1,-31.255000,121.705000,300.000000,lev15,Almucantar
Lake_Lefroy,08:09:2020,12:00:00,252,252.000000,0.000121,0.000487,0.001307,0.002352,0.002992,0.002976,0.002734,0.002769,0.003325,0.004387,0.005548,0.006385,0.006908,0.007304,0.007535,0.007203,0.006000,0.004233,0.002490,0.001178,0.000427,0.000118,0.439000,10,10,10,10,10,10,10,10,10,10,10,10,10,10,10,10,10,10,10,10,10,10,10,-31.255000,121.705000,300.000000,lev15,Almucantar
Lake_Lefroy,09:09:2020,12:00:00,253,253.000000,0.000066,0.000441,0.001685,0.003721,0.004902,0.004177,0.002763,0.001811,0.001419,0.001426,0.001724,0.002156,0.002460,0.002504,0.002363,0.002110,0.001765,0.001337,0.000874,0.000470,0.000201,0.000068,0.521200,5,5,5,5,5,5,5,5,5,5,5,5,5,5,5,5,5,5,5,5,5,5,5,-31.255000,121.705000,300.000000,lev15,Almucantar
Lake_Lefroy,13:09:2020,12:00:00,257,257.000000,0.000065,0.000391,0.001355,0.002796,0.003623,0.003266,0.002400,0.001740,0.001459,0.001501,0.001790,0.002217,0.002615,0.002838,0.002825,0.002593,0.002176,0.001623,0.001028,0.000525,0.000208,0.000063,0.530333,3,3,3,3,3,3,3,3,3,3,3,3,3,3,3,3,3,3,3,3,3,3,3,-31.255000,121.705000,300.000000,lev15,Almucantar
Lake_Lefroy,07:11:2020,12:00:00,312,312.000000,0.000213,0.000896,0.002182,0.003146,0.002981,0.002311,0.001942,0.002167,0.003225,0.005247,0.007671,0.009874,0.011249,0.011629,0.011482,0.011153,0.010520,0.009087,0.006463,0.003277,0.001050,0.000208,0.439000,4,4,4,4,4,4,4,4,4,4,4,4,4,4,4,4,4,4,4,4,4,4,4,-31.255000,121.705000,300.000000,lev15,Almucantar
Lake_Lefroy,08:11:2020,12:00:00,313,313.000000,0.000141,0.000703,0.002140,0.004063,0.005071,0.004598,0.003530,0.002765,0.002558,0.002883,0.003631,0.004585,0.005432,0.005892,0.005887,0.005487,0.004742,0.003651,0.002345,0.001176,0.000446,0.000130,0.439000,7,7,7,7,7,7,7,7,7,7,7,7,7,7,7,7,7,7,7,7,7,7,7,-31.255000,121.705000,300.000000,lev15,Almucantar
Lake_Lefroy,09:11:2020,12:00:00,314,314.000000,0.000156,0.000634,0.001631,0.002711,0.003120,0.002831,0.002411,0.002262,0.002523,0.003252,0.004412,0.005796,0.007133,0.008306,0.009322,0.010102,0.010203,0.008768,0.005614,0.002407,0.000680,0.000137,0.439000,9,9,9,9,9,9,9,9,9,9,9,9,9,9,9,9,9,9,9,9,9,9,9,-31.255000,121.705000,300.000000,lev15,Almucantar
Lake_Lefroy,12:11:2020,12:00:00,317,317.000000,0.000107,0.000502,0.001424,0.002511,0.002947,0.002604,0.002050,0.001705,0.001673,0.001961,0.002560,0.003422,0.004445,0.005481,0.006335,0.006752,0.006429,0.005173,0.003250,0.001473,0.000459,0.000099,0.456125,8,8,8,8,8,8,8,8,8,8,8,8,8,8,8,8,8,8,8,8,8,8,8,-31.255000,121.705000,300.000000,lev15,Almucantar
Lake_Lefroy,13:11:2020,12:00:00,318,318.000000,0.000084,0.000539,0.001884,0.003659,0.004199,0.003225,0.002009,0.001272,0.000982,0.000984,0.001208,0.001628,0.002220,0.002962,0.003825,0.004646,0.004994,0.004355,0.002810,0.001253,0.000375,0.000076,0.507500,8,8,8,8,8,8,8,8,8,8,8,8,8,8,8,8,8,8,8,8,8,8,8,-31.255000,121.705000,300.000000,lev15,Almucantar
Lake_Lefroy,14:11:2020,12:00:00,319,319.000000,0.000073,0.000477,0.001694,0.003351,0.003933,0.003103,0.001981,0.001263,0.000962,0.000952,0.001186,0.001675,0.002373,0.003077,0.003485,0.003401,0.002847,0.002021,0.001191,0.000569,0.000217,0.000066,0.507500,2,2,2,2,2,2,2,2,2,2,2,2,2,2,2,2,2,2,2,2,2,2,2,-31.255000,121.705000,300.000000,lev15,Almucantar
Lake_Lefroy,15:11:2020,12:00:00,320,320.000000,0.000109,0.000455,0.001231,0.002176,0.002610,0.002349,0.001941,0.001867,0.002294,0.003210,0.004174,0.004823,0.005310,0.005737,0.005972,0.005840,0.005208,0.004024,0.002516,0.001200,0.000422,0.000108,0.439000,2,2,2,2,2,2,2,2,2,2,2,2,2,2,2,2,2,2,2,2,2,2,2,-31.255000,121.705000,300.000000,lev15,Almucantar
Lake_Lefroy,16:11:2020,12:00:00,321,321.000000,0.000095,0.000457,0.001346,0.002477,0.003027,0.002735,0.002121,0.001663,0.001492,0.001599,0.001965,0.002572,0.003382,0.004365,0.005480,0.006491,0.006812,0.005796,0.003644,0.001581,0.000458,0.000089,0.466400,10,10,10,10,10,10,10,10,10,10,10,10,10,10,10,10,10,10,10,10,10,10,10,-31.255000,121.705000,300.000000,lev15,Almucantar
Lake_Lefroy,18:11:2020,12:00:00,323,323.000000,0.000104,0.000505,0.001467,0.002628,0.003133,0.002816,0.002240,0.001851,0.001769,0.001996,0.002501,0.003193,0.003899,0.004445,0.004745,0.004747,0.004353,0.003471,0.002238,0.001088,0.000380,0.000094,0.439000,8,8,8,8,8,8,8,8,8,8,8,8,8,8,8,8,8,8,8,8,8,8,8,-31.255000,121.705000,300.000000,lev15,Almucantar
Lake_Lefroy,19:11:2020,12:00:00,324,324.000000,0.000104,0.000545,0.001656,0.003005,0.003518,0.003034,0.002295,0.001823,0.001718,0.001957,0.002491,0.003190,0.003847,0.004316,0.004565,0.004556,0.004176,0.003336,0.002168,0.001070,0.000380,0.000096,0.439000,5,5,5,5,5,5,5,5,5,5,5,5,5,5,5,5,5,5,5,5,5,5,5,-31.255000,121.705000,300.000000,lev15,Almucantar
Lake_Lefroy,20:11:2020,12:00:00,325,325.000000,0.000141,0.000633,0.001732,0.002953,0.003386,0.002987,0.002410,0.002103,0.002191,0.002718,0.003671,0.004908,0.006221,0.007484,0.008647,0.009549,0.009708,0.008393,0.005518,0.002482,0.000720,0.000135,0.439000,6,6,6,6,6,6,6,6,6,6,6,6,6,6,6,6,6,6,6,6,6,6,6,-31.255000,121.705000,300.000000,lev15,Almucantar
Lake_Lefroy,21:11:2020,12:00:00,326,326.000000,0.000150,0.000703,0.001920,0.003156,0.003392,0.002780,0.002136,0.001887,0.002154,0.003040,0.004482,0.006134,0.007788,0.009382,0.010731,0.011356,0.010556,0.008040,0.004674,0.001970,0.000589,0.000126,0.439000,6,6,6,6,6,6,6,6,6,6,6,6,6,6,6,6,6,6,6,6,6,6,6,-31.255000,121.705000,300.000000,lev15,Almucantar
Lake_Lefroy,22:11:2020,12:00:00,327,327.000000,0.000071,0.000327,0.001026,0.002102,0.002882,0.002818,0.002183,0.001573,0.001259,0.001249,0.001511,0.002002,0.002661,0.003430,0.004182,0.004607,0.004375,0.003436,0.002131,0.000985,0.000324,0.000075,0.553167,6,6,6,6,6,6,6,6,6,6,6,6,6,6,6,6,6,6,6,6,6,6,6,-31.255000,121.705000,300.000000,lev15,Almucantar
Lake_Lefroy,23:11:2020,12:00:00,328,328.000000,0.000073,0.000379,0.001205,0.002352,0.002922,0.002511,0.001738,0.001194,0.000985,0.001039,0.001293,0.001688,0.002144,0.002534,0.002712,0.002604,0.002247,0.001722,0.001120,0.000581,0.000231,0.000071,0.557200,10,10,10,10,10,10,10,10,10,10,10,10,10,10,10,10,10,10,10,10,10,10,10,-31.255000,121.705000,300.000000,lev15,Almucantar
Lake_Lefroy,24:11:2020,12:00:00,329,329.000000,0.000087,0.000437,0.001322,0.002458,0.002978,0.002616,0.001940,0.001436,0.001212,0.001226,0.001439,0.001834,0.002400,0.003129,0.003969,0.004709,0.004918,0.004185,0.002681,0.001215,0.000377,0.000080,0.507500,10,10,10,10,10,10,10,10,10,10,10,10,10,10,10,10,10,10,10,10,10,10,10,-31.255000,121.705000,300.000000,lev15,Almucantar
Lake_Lefroy,25:11:2020,12:00:00,330,330.000000,0.000195,0.000925,0.002580,0.004312,0.004705,0.003931,0.003090,0.002748,0.003036,0.004042,0.005817,0.008205,0.010827,0.013279,0.015203,0.016044,0.014921,0.011408,0.006661,0.002802,0.000821,0.000167,0.439000,2,2,2,2,2,2,2,2,2,2,2,2,2,2,2,2,2,2,2,2,2,2,2,-31.255000,121.705000,300.000000,lev15,Almucantar
Lake_Lefroy,26:11:2020,12:00:00,331,331.000000,0.000269,0.001045,0.002411,0.003372,0.003240,0.002691,0.002456,0.002867,0.004328,0.007168,0.010467,0.012988,0.015245,0.017772,0.019782,0.019974,0.017769,0.013455,0.008069,0.003510,0.001054,0.000223,0.439000,10,10,10,10,10,10,10,10,10,10,10,10,10,10,10,10,10,10,10,10,10,10,10,-31.255000,121.705000,300.000000,lev15,Almucantar
Lake_Lefroy,27:11:2020,12:00:00,332,332.000000,0.000296,0.001959,0.005224,0.006200,0.004723,0.003259,0.002513,0.002499,0.003235,0.004643,0.006547,0.008762,0.010409,0.010968,0.010672,0.009780,0.008273,0.006137,0.003742,0.001771,0.000627,0.000164,0.439000,5,5,5,5,5,5,5,5,5,5,5,5,5,5,5,5,5,5,5,5,5,5,5,-31.255000,121.705000,300.000000,lev15,Almucantar
Lake_Lefroy,28:11:2020,12:00:00,333,333.000000,0.000102,0.000468,0.001294,0.002173,0.002352,0.001877,0.001361,0.001156,0.001378,0.002082,0.002940,0.003635,0.004526,0.005991,0.007862,0.009149,0.008741,0.006567,0.003728,0.001530,0.000438,0.000087,0.535111,9,9,9,9,9,9,9,9,9,9,9,9,9,9,9,9,9,9,9,9,9,9,9,-31.255000,121.705000,300.000000,lev15,Almucantar
Lake_Lefroy,29:11:2020,12:00:00,334,334.000000,0.000143,0.000552,0.001267,0.001779,0.001680,0.001301,0.001099,0.001285,0.002113,0.003845,0.005898,0.007426,0.008848,0.010578,0.011876,0.011565,0.009437,0.006366,0.003459,0.001468,0.000476,0.000117,0.439000,2,2,2,2,2,2,2,2,2,2,2,2,2,2,2,2,2,2,2,2,2,2,2,-31.255000,121.705000,300.000000,lev15,Almucantar
Lake_Lefroy,30:11:2020,12:00:00,335,335.000000,0.000104,0.000420,0.001114,0.001918,0.002233,0.001971,0.001580,0.001379,0.001422,0.001661,0.002037,0.002535,0.003249,0.004395,0.006295,0.009072,0.011741,0.011736,0.007832,0.003136,0.000718,0.000095,0.461833,6,6,6,6,6,6,6,6,6,6,6,6,6,6,6,6,6,6,6,6,6,6,6,-31.255000,121.705000,300.000000,lev15,Almucantar
Lake_Lefroy,01:12:2020,12:00:00,336,336.000000,0.000104,0.000385,0.000949,0.001584,0.001897,0.001806,0.001584,0.001507,0.001746,0.002342,0.003019,0.003567,0.004188,0.005069,0.006176,0.007222,0.007612,0.006631,0.004311,0.001913,0.000551,0.000103,0.456125,8,8,8,8,8,8,8,8,8,8,8,8,8,8,8,8,8,8,8,8,8,8,8,-31.255000,121.705000,300.000000,lev15,Almucantar
Lake_Lefroy,02:12:2020,12:00:00,337,337.000000,0.000109,0.000388,0.000955,0.001641,0.002054,0.002049,0.001853,0.001740,0.001865,0.002297,0.003038,0.004013,0.005084,0.006083,0.006818,0.007050,0.006527,0.005129,0.003178,0.001445,0.000463,0.000105,0.439000,8,8,8,8,8,8,8,8,8,8,8,8,8,8,8,8,8,8,8,8,8,8,8,-31.255000,121.705000,300.000000,lev15,Almucantar
Lake_Lefroy,03:12:2020,12:00:00,338,338.000000,0.000149,0.000504,0.001196,0.002023,0.002548,0.002598,0.002404,0.002278,0.002410,0.002910,0.003853,0.005274,0.007106,0.009161,0.011047,0.012079,0.011459,0.008930,0.005362,0.002326,0.000697,0.000144,0.439000,4,4,4,4,4,4,4,4,4,4,4,4,4,4,4,4,4,4,4,4,4,4,4,-31.255000,121.705000,300.000000,lev15,Almucantar
Lake_Lefroy,04:12:2020,12:00:00,339,339.000000,0.000154,0.000576,0.001380,0.002183,0.002437,0.002132,0.001700,0.001475,0.001612,0.002246,0.003445,0.004943,0.006389,0.007918,0.009996,0.012905,0.015938,0.016471,0.011880,0.005037,0.001148,0.000145,0.478143,7,7,7,7,7,7,7,7,7,7,7,7,7,7,7,7,7,7,7,7,7,7,7,-31.255000,121.705000,300.000000,lev15,Almucantar
Lake_Lefroy,05:12:2020,12:00:00,340,340.000000,0.000110,0.000404,0.001008,0.001715,0.002098,0.002050,0.001850,0.001776,0.001971,0.002507,0.003333,0.004268,0.005144,0.005907,0.006473,0.006623,0.006085,0.004749,0.002938,0.001347,0.000441,0.000104,0.439000,8,8,8,8,8,8,8,8,8,8,8,8,8,8,8,8,8,8,8,8,8,8,8,-31.255000,121.705000,300.000000,lev15,Almucantar
