AERONET Data Download (Version 3 Direct Sun and Inversion Algorithms)
AERONET Version 3
Learmonth
Version 3: Almucantar Level 1.5 Inversion
The following data are cloud cleared and quality controls have been applied but these data may not have final calibration applied.  These data may change.
Daily Averages,Contact: PI=Ian_Lau; PI Email=ian.lau@csiro.au 
AERONET_AERONET_Site,Date(dd:mm:yyyy),Time(hh:mm:ss),Day_of_Year,Day_of_Year(fraction),AOD_Extinction-Total[440nm],AOD_Extinction-Total[675nm],AOD_Extinction-Total[870nm],AOD_Extinction-Total[1020nm],AOD_Extinction-Fine[440nm],AOD_Extinction-Fine[675nm],AOD_Extinction-Fine[870nm],AOD_Extinction-Fine[1020nm],AOD_Extinction-Coarse[440nm],AOD_Extinction-Coarse[675nm],AOD_Extinction-Coarse[870nm],AOD_Extinction-Coarse[1020nm],Extinction_Angstrom_Exponent_440-870nm-Total,N[AOD_Extinction-Total[440nm]],N[AOD_Extinction-Total[675nm]],N[AOD_Extinction-Total[870nm]],N[AOD_Extinction-Total[1020nm]],N[AOD_Extinction-Fine[440nm]],N[AOD_Extinction-Fine[675nm]],N[AOD_Extinction-Fine[870nm]],N[AOD_Extinction-Fine[1020nm]],N[AOD_Extinction-Coarse[440nm]],N[AOD_Extinction-Coarse[675nm]],N[AOD_Extinction-Coarse[870nm]],N[AOD_Extinction-Coarse[1020nm]],N[Extinction_Angstrom_Exponent_440-870nm-Total],Latitude(Degrees),Longitude(Degrees),Elevation(m),Level,Retrieval_Measurement_Scan_Type
Learmonth,01:01:2020,12:00:00,1,1.000000,0.155314,0.113971,0.098643,0.092186,0.099671,0.053243,0.032986,0.024200,0.055657,0.060700,0.065629,0.067957,0.680259,7,7,7,7,7,7,7,7,7,7,7,7,7,-22.240700,114.096700,9.000000,lev15,Almucantar
Learmonth,02:01:2020,12:00:00,2,2.000000,0.138067,0.107600,0.096700,0.091500,0.094733,0.060833,0.047500,0.041367,0.043333,0.046800,0.049200,0.050133,0.570074,3,3,3,3,3,3,3,3,3,3,3,3,3,-22.240700,114.096700,9.000000,lev15,Almucantar
Learmonth,03:01:2020,12:00:00,3,3.000000,0.158133,0.135400,0.128467,0.125833,0.059233,0.030333,0.018267,0.013067,0.098900,0.105100,0.110233,0.112800,0.318043,3,3,3,3,3,3,3,3,3,3,3,3,3,-22.240700,114.096700,9.000000,lev15,Almucantar
Learmonth,04:01:2020,12:00:00,4,4.000000,0.065633,0.053611,0.048400,0.046044,0.034044,0.019711,0.012622,0.009367,0.031600,0.033900,0.035778,0.036667,0.478751,9,9,9,9,9,9,9,9,9,9,9,9,9,-22.240700,114.096700,9.000000,lev15,Almucantar
Learmonth,05:01:2020,12:00:00,5,5.000000,0.093429,0.074943,0.067671,0.064529,0.050771,0.028314,0.017443,0.012814,0.042657,0.046643,0.050229,0.051714,0.473068,7,7,7,7,7,7,7,7,7,7,7,7,7,-22.240700,114.096700,9.000000,lev15,Almucantar
Learmonth,06:01:2020,12:00:00,6,6.000000,0.101800,0.086233,0.081000,0.078700,0.043767,0.023133,0.014233,0.010500,0.058033,0.063100,0.066767,0.068200,0.336081,3,3,3,3,3,3,3,3,3,3,3,3,3,-22.240700,114.096700,9.000000,lev15,Almucantar
Learmonth,07:01:2020,12:00:00,7,7.000000,0.102329,0.090614,0.085986,0.083714,0.047329,0.030229,0.020357,0.015700,0.055000,0.060400,0.065629,0.068029,0.256375,7,7,7,7,7,7,7,7,7,7,7,7,7,-22.240700,114.096700,9.000000,lev15,Almucantar
Learmonth,09:01:2020,12:00:00,9,9.000000,0.155767,0.147600,0.146467,0.146100,0.039100,0.022983,0.015333,0.011617,0.116650,0.124617,0.131133,0.134467,0.124936,6,6,6,6,6,6,6,6,6,6,6,6,6,-22.240700,114.096700,9.000000,lev15,Almucantar
Learmonth,10:01:2020,12:00:00,10,10.000000,0.083350,0.075850,0.073700,0.072450,0.029700,0.017350,0.011700,0.009000,0.053700,0.058550,0.062050,0.063450,0.184889,2,2,2,2,2,2,2,2,2,2,2,2,2,-22.240700,114.096700,9.000000,lev15,Almucantar
Learmonth,11:01:2020,12:00:00,11,11.000000,0.105300,0.092700,0.088050,0.085450,0.044000,0.026400,0.017300,0.013100,0.061250,0.066300,0.070750,0.072350,0.265824,2,2,2,2,2,2,2,2,2,2,2,2,2,-22.240700,114.096700,9.000000,lev15,Almucantar
Learmonth,12:01:2020,12:00:00,12,12.000000,0.123333,0.102867,0.093700,0.089033,0.064700,0.038900,0.025667,0.019433,0.058667,0.063967,0.068000,0.069700,0.416609,3,3,3,3,3,3,3,3,3,3,3,3,3,-22.240700,114.096700,9.000000,lev15,Almucantar
Learmonth,13:01:2020,12:00:00,13,13.000000,0.171900,0.140800,0.125900,0.118700,0.096900,0.059700,0.039200,0.029400,0.075000,0.081100,0.086600,0.089400,0.453899,1,1,1,1,1,1,1,1,1,1,1,1,1,-22.240700,114.096700,9.000000,lev15,Almucantar
Learmonth,14:01:2020,12:00:00,14,14.000000,0.075600,0.063750,0.059350,0.057350,0.036850,0.020350,0.012575,0.009400,0.038725,0.043400,0.046775,0.047950,0.359281,4,4,4,4,4,4,4,4,4,4,4,4,4,-22.240700,114.096700,9.000000,lev15,Almucantar
Learmonth,15:01:2020,12:00:00,15,15.000000,0.115850,0.088000,0.077300,0.072400,0.070750,0.037650,0.023200,0.017050,0.045150,0.050400,0.054150,0.055400,0.594114,2,2,2,2,2,2,2,2,2,2,2,2,2,-22.240700,114.096700,9.000000,lev15,Almucantar
Learmonth,16:01:2020,12:00:00,16,16.000000,0.168371,0.142371,0.134600,0.131271,0.075057,0.039014,0.023486,0.017200,0.093343,0.103371,0.111114,0.114071,0.334104,7,7,7,7,7,7,7,7,7,7,7,7,7,-22.240700,114.096700,9.000000,lev15,Almucantar
Learmonth,17:01:2020,12:00:00,17,17.000000,0.095600,0.082983,0.077933,0.075367,0.044550,0.025467,0.015583,0.011567,0.051067,0.057500,0.062350,0.063833,0.300915,6,6,6,6,6,6,6,6,6,6,6,6,6,-22.240700,114.096700,9.000000,lev15,Almucantar
Learmonth,18:01:2020,12:00:00,18,18.000000,0.113367,0.097083,0.090483,0.087300,0.055700,0.032067,0.020217,0.015167,0.057683,0.065000,0.070300,0.072133,0.334024,6,6,6,6,6,6,6,6,6,6,6,6,6,-22.240700,114.096700,9.000000,lev15,Almucantar
Learmonth,19:01:2020,12:00:00,19,19.000000,0.124883,0.110350,0.104717,0.101567,0.055000,0.030750,0.018900,0.013917,0.069917,0.079583,0.085800,0.087667,0.264965,6,6,6,6,6,6,6,6,6,6,6,6,6,-22.240700,114.096700,9.000000,lev15,Almucantar
Learmonth,20:01:2020,12:00:00,20,20.000000,0.081529,0.073671,0.068957,0.066357,0.038243,0.025343,0.016857,0.013043,0.043300,0.048357,0.052086,0.053300,0.255092,7,7,7,7,7,7,7,7,7,7,7,7,7,-22.240700,114.096700,9.000000,lev15,Almucantar
Learmonth,21:01:2020,12:00:00,21,21.000000,0.108643,0.089900,0.078429,0.072871,0.065271,0.041671,0.026657,0.019771,0.043386,0.048229,0.051786,0.053100,0.467685,7,7,7,7,7,7,7,7,7,7,7,7,7,-22.240700,114.096700,9.000000,lev15,Almucantar
Learmonth,22:01:2020,12:00:00,22,22.000000,0.093900,0.074257,0.060929,0.054314,0.068943,0.047114,0.031714,0.024229,0.024943,0.027129,0.029200,0.030100,0.617426,7,7,7,7,7,7,7,7,7,7,7,7,7,-22.240700,114.096700,9.000000,lev15,Almucantar
Learmonth,23:01:2020,12:00:00,23,23.000000,0.078987,0.063387,0.054762,0.050562,0.048912,0.030613,0.020037,0.015012,0.030087,0.032750,0.034725,0.035537,0.553717,8,8,8,8,8,8,8,8,8,8,8,8,8,-22.240700,114.096700,9.000000,lev15,Almucantar
Learmonth,24:01:2020,12:00:00,24,24.000000,0.111310,0.092970,0.083410,0.078790,0.059930,0.036860,0.023590,0.017510,0.051400,0.056100,0.059800,0.061290,0.418545,10,10,10,10,10,10,10,10,10,10,10,10,10,-22.240700,114.096700,9.000000,lev15,Almucantar
Learmonth,25:01:2020,12:00:00,25,25.000000,0.173960,0.151690,0.136350,0.128740,0.087160,0.058640,0.038230,0.028440,0.086800,0.093020,0.098120,0.100280,0.352964,10,10,10,10,10,10,10,10,10,10,10,10,10,-22.240700,114.096700,9.000000,lev15,Almucantar
Learmonth,26:01:2020,12:00:00,26,26.000000,0.165478,0.133644,0.106967,0.092911,0.129289,0.095644,0.066678,0.051189,0.036222,0.037978,0.040311,0.041756,0.619656,9,9,9,9,9,9,9,9,9,9,9,9,9,-22.240700,114.096700,9.000000,lev15,Almucantar
Learmonth,27:01:2020,12:00:00,27,27.000000,0.099014,0.084300,0.076000,0.071757,0.054486,0.034700,0.022843,0.017357,0.044529,0.049571,0.053129,0.054400,0.389012,7,7,7,7,7,7,7,7,7,7,7,7,7,-22.240700,114.096700,9.000000,lev15,Almucantar
Learmonth,28:01:2020,12:00:00,28,28.000000,0.089187,0.077550,0.071225,0.067975,0.044088,0.028188,0.018775,0.014313,0.045125,0.049362,0.052475,0.053663,0.338681,8,8,8,8,8,8,8,8,8,8,8,8,8,-22.240700,114.096700,9.000000,lev15,Almucantar
Learmonth,29:01:2020,12:00:00,29,29.000000,0.109775,0.098150,0.092200,0.088650,0.051950,0.034125,0.023250,0.017950,0.057800,0.064000,0.069000,0.070725,0.257079,4,4,4,4,4,4,4,4,4,4,4,4,4,-22.240700,114.096700,9.000000,lev15,Almucantar
Learmonth,30:01:2020,12:00:00,30,30.000000,0.113717,0.105083,0.102067,0.100533,0.036017,0.021867,0.014567,0.011100,0.077700,0.083217,0.087500,0.089450,0.205117,6,6,6,6,6,6,6,6,6,6,6,6,6,-22.240700,114.096700,9.000000,lev15,Almucantar
Learmonth,31:01:2020,12:00:00,31,31.000000,0.075929,0.067329,0.063100,0.061043,0.032586,0.020629,0.013629,0.010286,0.043371,0.046700,0.049457,0.050743,0.297666,7,7,7,7,7,7,7,7,7,7,7,7,7,-22.240700,114.096700,9.000000,lev15,Almucantar
Learmonth,01:02:2020,12:00:00,32,32.000000,0.048520,0.036420,0.030180,0.027240,0.034740,0.021380,0.014100,0.010640,0.013780,0.015040,0.016100,0.016620,0.691438,5,5,5,5,5,5,5,5,5,5,5,5,5,-22.240700,114.096700,9.000000,lev15,Almucantar
Learmonth,02:02:2020,12:00:00,33,33.000000,0.111633,0.103217,0.096117,0.091883,0.051200,0.034600,0.022667,0.016950,0.060433,0.068567,0.073467,0.074917,0.239841,6,6,6,6,6,6,6,6,6,6,6,6,6,-22.240700,114.096700,9.000000,lev15,Almucantar
Learmonth,03:02:2020,12:00:00,34,34.000000,0.118557,0.108343,0.101786,0.098057,0.050814,0.032243,0.020786,0.015857,0.067714,0.076114,0.080986,0.082200,0.221267,7,7,7,7,7,7,7,7,7,7,7,7,7,-22.240700,114.096700,9.000000,lev15,Almucantar
Learmonth,04:02:2020,12:00:00,35,35.000000,0.119100,0.109150,0.102250,0.098000,0.053900,0.036200,0.023900,0.018300,0.065200,0.072950,0.078350,0.079750,0.220679,2,2,2,2,2,2,2,2,2,2,2,2,2,-22.240700,114.096700,9.000000,lev15,Almucantar
Learmonth,05:02:2020,12:00:00,36,36.000000,0.117025,0.102725,0.095375,0.091225,0.057625,0.036925,0.025150,0.019325,0.059425,0.065850,0.070200,0.071875,0.297696,4,4,4,4,4,4,4,4,4,4,4,4,4,-22.240700,114.096700,9.000000,lev15,Almucantar
Learmonth,09:02:2020,12:00:00,40,40.000000,0.078050,0.068075,0.063350,0.061200,0.037175,0.022875,0.014550,0.010975,0.040850,0.045175,0.048850,0.050200,0.309073,4,4,4,4,4,4,4,4,4,4,4,4,4,-22.240700,114.096700,9.000000,lev15,Almucantar
Learmonth,10:02:2020,12:00:00,41,41.000000,0.152050,0.143175,0.138750,0.136175,0.050125,0.028075,0.016650,0.012325,0.101950,0.115125,0.122125,0.123875,0.134362,4,4,4,4,4,4,4,4,4,4,4,4,4,-22.240700,114.096700,9.000000,lev15,Almucantar
Learmonth,11:02:2020,12:00:00,42,42.000000,0.116675,0.103925,0.097425,0.093925,0.047700,0.025550,0.015000,0.010950,0.068975,0.078400,0.082400,0.082950,0.262671,4,4,4,4,4,4,4,4,4,4,4,4,4,-22.240700,114.096700,9.000000,lev15,Almucantar
Learmonth,12:02:2020,12:00:00,43,43.000000,0.093560,0.079600,0.071140,0.066800,0.050820,0.030820,0.019240,0.014400,0.042740,0.048800,0.051860,0.052400,0.397662,5,5,5,5,5,5,5,5,5,5,5,5,5,-22.240700,114.096700,9.000000,lev15,Almucantar
Learmonth,13:02:2020,12:00:00,44,44.000000,0.077467,0.066600,0.060367,0.057200,0.041333,0.025867,0.016650,0.012583,0.036117,0.040700,0.043717,0.044633,0.370942,6,6,6,6,6,6,6,6,6,6,6,6,6,-22.240700,114.096700,9.000000,lev15,Almucantar
Learmonth,14:02:2020,12:00:00,45,45.000000,0.063950,0.052800,0.045917,0.042483,0.040267,0.026200,0.017233,0.013150,0.023733,0.026617,0.028667,0.029350,0.489349,6,6,6,6,6,6,6,6,6,6,6,6,6,-22.240700,114.096700,9.000000,lev15,Almucantar
Learmonth,15:02:2020,12:00:00,46,46.000000,0.079360,0.066100,0.059300,0.056020,0.044680,0.027220,0.017260,0.012860,0.034700,0.038920,0.042040,0.043200,0.424100,5,5,5,5,5,5,5,5,5,5,5,5,5,-22.240700,114.096700,9.000000,lev15,Almucantar
Learmonth,16:02:2020,12:00:00,47,47.000000,0.099800,0.087717,0.082467,0.079867,0.043817,0.026817,0.017467,0.012983,0.056000,0.060900,0.065000,0.066883,0.281773,6,6,6,6,6,6,6,6,6,6,6,6,6,-22.240700,114.096700,9.000000,lev15,Almucantar
Learmonth,17:02:2020,12:00:00,48,48.000000,0.079775,0.066125,0.058263,0.054437,0.047500,0.030425,0.019938,0.015150,0.032262,0.035725,0.038288,0.039313,0.455650,8,8,8,8,8,8,8,8,8,8,8,8,8,-22.240700,114.096700,9.000000,lev15,Almucantar
Learmonth,18:02:2020,12:00:00,49,49.000000,0.109167,0.091467,0.084100,0.080500,0.057067,0.034167,0.022567,0.017133,0.052100,0.057333,0.061533,0.063367,0.389521,3,3,3,3,3,3,3,3,3,3,3,3,3,-22.240700,114.096700,9.000000,lev15,Almucantar
Learmonth,19:02:2020,12:00:00,50,50.000000,0.121150,0.108250,0.101300,0.097583,0.053217,0.032383,0.020067,0.014600,0.067933,0.075833,0.081250,0.082983,0.264102,6,6,6,6,6,6,6,6,6,6,6,6,6,-22.240700,114.096700,9.000000,lev15,Almucantar
Learmonth,20:02:2020,12:00:00,51,51.000000,0.118143,0.102971,0.097457,0.094957,0.048786,0.026043,0.015514,0.011286,0.069371,0.076914,0.081929,0.083657,0.283417,7,7,7,7,7,7,7,7,7,7,7,7,7,-22.240700,114.096700,9.000000,lev15,Almucantar
Learmonth,21:02:2020,12:00:00,52,52.000000,0.097100,0.082020,0.076320,0.073540,0.045840,0.023760,0.014000,0.009980,0.051260,0.058220,0.062340,0.063560,0.354047,5,5,5,5,5,5,5,5,5,5,5,5,5,-22.240700,114.096700,9.000000,lev15,Almucantar
Learmonth,22:02:2020,12:00:00,53,53.000000,0.061633,0.049833,0.043417,0.040267,0.037583,0.022467,0.014233,0.010550,0.024083,0.027333,0.029183,0.029733,0.523635,6,6,6,6,6,6,6,6,6,6,6,6,6,-22.240700,114.096700,9.000000,lev15,Almucantar
Learmonth,23:02:2020,12:00:00,54,54.000000,0.063040,0.050920,0.043960,0.040580,0.038340,0.022780,0.014200,0.010540,0.024700,0.028120,0.029800,0.030100,0.521753,5,5,5,5,5,5,5,5,5,5,5,5,5,-22.240700,114.096700,9.000000,lev15,Almucantar
Learmonth,24:02:2020,12:00:00,55,55.000000,0.052100,0.042271,0.036829,0.034129,0.032500,0.020600,0.013629,0.010371,0.019614,0.021671,0.023186,0.023800,0.519935,7,7,7,7,7,7,7,7,7,7,7,7,7,-22.240700,114.096700,9.000000,lev15,Almucantar
Learmonth,25:02:2020,12:00:00,56,56.000000,0.096229,0.087057,0.083414,0.081414,0.038686,0.023857,0.015486,0.011729,0.057543,0.063200,0.067929,0.069686,0.217471,7,7,7,7,7,7,7,7,7,7,7,7,7,-22.240700,114.096700,9.000000,lev15,Almucantar
Learmonth,26:02:2020,12:00:00,57,57.000000,0.105550,0.096900,0.094200,0.092950,0.039050,0.025400,0.017600,0.013750,0.066500,0.071550,0.076600,0.079200,0.168681,2,2,2,2,2,2,2,2,2,2,2,2,2,-22.240700,114.096700,9.000000,lev15,Almucantar
Learmonth,28:02:2020,12:00:00,59,59.000000,0.083783,0.073867,0.069017,0.066583,0.038817,0.023983,0.015533,0.011733,0.044967,0.049883,0.053500,0.054867,0.286346,6,6,6,6,6,6,6,6,6,6,6,6,6,-22.240700,114.096700,9.000000,lev15,Almucantar
Learmonth,29:02:2020,12:00:00,60,60.000000,0.086700,0.073575,0.068975,0.066950,0.040350,0.022950,0.014800,0.011175,0.046375,0.050625,0.054200,0.055775,0.337361,4,4,4,4,4,4,4,4,4,4,4,4,4,-22.240700,114.096700,9.000000,lev15,Almucantar
Learmonth,01:03:2020,12:00:00,61,61.000000,0.088529,0.075014,0.069686,0.067243,0.041514,0.023214,0.014486,0.010729,0.047029,0.051800,0.055186,0.056500,0.352078,7,7,7,7,7,7,7,7,7,7,7,7,7,-22.240700,114.096700,9.000000,lev15,Almucantar
Learmonth,02:03:2020,12:00:00,62,62.000000,0.076057,0.065043,0.060071,0.057571,0.038414,0.023071,0.014800,0.011086,0.037629,0.041986,0.045243,0.046486,0.347901,7,7,7,7,7,7,7,7,7,7,7,7,7,-22.240700,114.096700,9.000000,lev15,Almucantar
Learmonth,03:03:2020,12:00:00,63,63.000000,0.108360,0.098080,0.093260,0.090900,0.041940,0.024380,0.014900,0.011220,0.066460,0.073720,0.078360,0.079720,0.223988,5,5,5,5,5,5,5,5,5,5,5,5,5,-22.240700,114.096700,9.000000,lev15,Almucantar
Learmonth,04:03:2020,12:00:00,64,64.000000,0.107300,0.092900,0.088100,0.086000,0.047600,0.027300,0.017800,0.013400,0.059700,0.065600,0.070300,0.072700,0.291646,1,1,1,1,1,1,1,1,1,1,1,1,1,-22.240700,114.096700,9.000000,lev15,Almucantar
Learmonth,05:03:2020,12:00:00,65,65.000000,0.074014,0.064000,0.057500,0.054114,0.040457,0.025800,0.016586,0.012529,0.033571,0.038200,0.040900,0.041586,0.366778,7,7,7,7,7,7,7,7,7,7,7,7,7,-22.240700,114.096700,9.000000,lev15,Almucantar
Learmonth,06:03:2020,12:00:00,66,66.000000,0.077412,0.064613,0.058150,0.055075,0.042800,0.025863,0.016362,0.012150,0.034650,0.038738,0.041813,0.042925,0.416125,8,8,8,8,8,8,8,8,8,8,8,8,8,-22.240700,114.096700,9.000000,lev15,Almucantar
Learmonth,07:03:2020,12:00:00,67,67.000000,0.077700,0.065600,0.059589,0.056711,0.039933,0.024511,0.015944,0.011933,0.037744,0.041067,0.043656,0.044756,0.395439,9,9,9,9,9,9,9,9,9,9,9,9,9,-22.240700,114.096700,9.000000,lev15,Almucantar
Learmonth,04:05:2020,12:00:00,125,125.000000,0.093671,0.072129,0.065800,0.063129,0.047157,0.020929,0.011786,0.008257,0.046500,0.051200,0.054014,0.054886,0.524169,7,7,7,7,7,7,7,7,7,7,7,7,7,-22.240700,114.096700,9.000000,lev15,Almucantar
Learmonth,05:05:2020,12:00:00,126,126.000000,0.076100,0.060475,0.055200,0.053000,0.038300,0.019450,0.011800,0.008600,0.037800,0.040975,0.043400,0.044400,0.479138,4,4,4,4,4,4,4,4,4,4,4,4,4,-22.240700,114.096700,9.000000,lev15,Almucantar
Learmonth,06:05:2020,12:00:00,127,127.000000,0.054300,0.045983,0.041550,0.039250,0.028617,0.017483,0.011250,0.008383,0.025683,0.028533,0.030300,0.030883,0.391165,6,6,6,6,6,6,6,6,6,6,6,6,6,-22.240700,114.096700,9.000000,lev15,Almucantar
Learmonth,07:05:2020,12:00:00,128,128.000000,0.041117,0.035483,0.031433,0.029158,0.025417,0.017983,0.012525,0.009683,0.015692,0.017483,0.018917,0.019483,0.386139,12,12,12,12,12,12,12,12,12,12,12,12,12,-22.240700,114.096700,9.000000,lev15,Almucantar
Learmonth,11:05:2020,12:00:00,132,132.000000,0.051825,0.034075,0.026950,0.023938,0.039112,0.020212,0.012250,0.008913,0.012725,0.013850,0.014700,0.015038,0.956555,8,8,8,8,8,8,8,8,8,8,8,8,8,-22.240700,114.096700,9.000000,lev15,Almucantar
Learmonth,12:05:2020,12:00:00,133,133.000000,0.053808,0.033123,0.024923,0.021277,0.045115,0.023577,0.014762,0.010931,0.008677,0.009538,0.010131,0.010331,1.085128,13,13,13,13,13,13,13,13,13,13,13,13,13,-22.240700,114.096700,9.000000,lev15,Almucantar
Learmonth,13:05:2020,12:00:00,134,134.000000,0.036754,0.027654,0.023162,0.021038,0.025762,0.015562,0.010254,0.007808,0.011008,0.012085,0.012923,0.013215,0.674867,13,13,13,13,13,13,13,13,13,13,13,13,13,-22.240700,114.096700,9.000000,lev15,Almucantar
Learmonth,14:05:2020,12:00:00,135,135.000000,0.046820,0.036170,0.030810,0.028220,0.030740,0.018820,0.012500,0.009480,0.016070,0.017360,0.018320,0.018740,0.623464,10,10,10,10,10,10,10,10,10,10,10,10,10,-22.240700,114.096700,9.000000,lev15,Almucantar
Learmonth,15:05:2020,12:00:00,136,136.000000,0.036943,0.027286,0.022229,0.019757,0.027457,0.017114,0.011414,0.008686,0.009471,0.010214,0.010800,0.011086,0.747593,7,7,7,7,7,7,7,7,7,7,7,7,7,-22.240700,114.096700,9.000000,lev15,Almucantar
Learmonth,16:05:2020,12:00:00,137,137.000000,0.043540,0.029720,0.023040,0.019920,0.035410,0.021170,0.014040,0.010700,0.008130,0.008560,0.008960,0.009210,0.901767,10,10,10,10,10,10,10,10,10,10,10,10,10,-22.240700,114.096700,9.000000,lev15,Almucantar
Learmonth,19:05:2020,12:00:00,140,140.000000,0.055689,0.038256,0.030678,0.027289,0.040633,0.022000,0.013633,0.009967,0.015089,0.016267,0.017033,0.017344,0.873708,9,9,9,9,9,9,9,9,9,9,9,9,9,-22.240700,114.096700,9.000000,lev15,Almucantar
Learmonth,20:05:2020,12:00:00,141,141.000000,0.049009,0.034618,0.028736,0.026127,0.033309,0.017636,0.010882,0.007918,0.015709,0.016982,0.017864,0.018227,0.775866,11,11,11,11,11,11,11,11,11,11,11,11,11,-22.240700,114.096700,9.000000,lev15,Almucantar
Learmonth,21:05:2020,12:00:00,142,142.000000,0.042464,0.031855,0.026782,0.024400,0.028345,0.016445,0.010518,0.007773,0.014109,0.015418,0.016273,0.016618,0.671500,11,11,11,11,11,11,11,11,11,11,11,11,11,-22.240700,114.096700,9.000000,lev15,Almucantar
Learmonth,22:05:2020,12:00:00,143,143.000000,0.031309,0.024809,0.021282,0.019545,0.020100,0.012582,0.008291,0.006273,0.011200,0.012227,0.012982,0.013291,0.561066,11,11,11,11,11,11,11,11,11,11,11,11,11,-22.240700,114.096700,9.000000,lev15,Almucantar
Learmonth,23:05:2020,12:00:00,144,144.000000,0.034733,0.027783,0.024583,0.023100,0.019900,0.011500,0.007367,0.005567,0.014833,0.016217,0.017233,0.017550,0.542463,6,6,6,6,6,6,6,6,6,6,6,6,6,-22.240700,114.096700,9.000000,lev15,Almucantar
Learmonth,25:05:2020,12:00:00,146,146.000000,0.094400,0.088800,0.085400,0.083100,0.031400,0.018000,0.010500,0.007500,0.063000,0.070900,0.074900,0.075600,0.145295,1,1,1,1,1,1,1,1,1,1,1,1,1,-22.240700,114.096700,9.000000,lev15,Almucantar
Learmonth,26:05:2020,12:00:00,147,147.000000,0.051430,0.042880,0.038800,0.036570,0.029180,0.017280,0.011420,0.008830,0.022250,0.025620,0.027390,0.027740,0.405394,10,10,10,10,10,10,10,10,10,10,10,10,10,-22.240700,114.096700,9.000000,lev15,Almucantar
Learmonth,28:05:2020,12:00:00,149,149.000000,0.029673,0.022964,0.019073,0.017073,0.022291,0.014591,0.010073,0.007955,0.007391,0.008391,0.009000,0.009100,0.631538,11,11,11,11,11,11,11,11,11,11,11,11,11,-22.240700,114.096700,9.000000,lev15,Almucantar
Learmonth,29:05:2020,12:00:00,150,150.000000,0.028373,0.022209,0.018482,0.016564,0.022727,0.015918,0.011700,0.009691,0.005682,0.006318,0.006773,0.006891,0.616014,11,11,11,11,11,11,11,11,11,11,11,11,11,-22.240700,114.096700,9.000000,lev15,Almucantar
Learmonth,30:05:2020,12:00:00,151,151.000000,0.030309,0.021964,0.017836,0.015873,0.023418,0.014355,0.009727,0.007627,0.006882,0.007627,0.008100,0.008255,0.765128,11,11,11,11,11,11,11,11,11,11,11,11,11,-22.240700,114.096700,9.000000,lev15,Almucantar
Learmonth,03:06:2020,12:00:00,155,155.000000,0.028190,0.019580,0.015220,0.013180,0.024260,0.015410,0.010810,0.008640,0.003960,0.004170,0.004420,0.004550,0.887451,10,10,10,10,10,10,10,10,10,10,10,10,10,-22.240700,114.096700,9.000000,lev15,Almucantar
Learmonth,04:06:2020,12:00:00,156,156.000000,0.031620,0.023100,0.018730,0.016640,0.023820,0.014520,0.009610,0.007320,0.007800,0.008600,0.009120,0.009300,0.757396,10,10,10,10,10,10,10,10,10,10,10,10,10,-22.240700,114.096700,9.000000,lev15,Almucantar
Learmonth,05:06:2020,12:00:00,157,157.000000,0.029909,0.023018,0.019227,0.017345,0.021391,0.013718,0.009364,0.007255,0.008518,0.009291,0.009873,0.010091,0.636971,11,11,11,11,11,11,11,11,11,11,11,11,11,-22.240700,114.096700,9.000000,lev15,Almucantar
Learmonth,06:06:2020,12:00:00,158,158.000000,0.028780,0.021880,0.018220,0.016430,0.020270,0.012590,0.008420,0.006470,0.008530,0.009280,0.009780,0.009960,0.660598,10,10,10,10,10,10,10,10,10,10,10,10,10,-22.240700,114.096700,9.000000,lev15,Almucantar
Learmonth,07:06:2020,12:00:00,159,159.000000,0.026660,0.018100,0.013820,0.011840,0.024270,0.015510,0.011090,0.009070,0.002420,0.002570,0.002700,0.002780,0.949104,10,10,10,10,10,10,10,10,10,10,10,10,10,-22.240700,114.096700,9.000000,lev15,Almucantar
Learmonth,08:06:2020,12:00:00,160,160.000000,0.026755,0.018800,0.014455,0.012382,0.025045,0.017027,0.012627,0.010536,0.001709,0.001782,0.001818,0.001855,0.883160,11,11,11,11,11,11,11,11,11,11,11,11,11,-22.240700,114.096700,9.000000,lev15,Almucantar
Learmonth,31:08:2020,12:00:00,244,244.000000,0.026173,0.017445,0.013173,0.011082,0.023382,0.014436,0.010000,0.007791,0.002800,0.002991,0.003182,0.003282,1.019955,11,11,11,11,11,11,11,11,11,11,11,11,11,-22.240700,114.096700,9.000000,lev15,Almucantar
Learmonth,01:09:2020,12:00:00,245,245.000000,0.070378,0.058233,0.054367,0.052678,0.031300,0.016044,0.009789,0.007044,0.039100,0.042178,0.044600,0.045633,0.390387,9,9,9,9,9,9,9,9,9,9,9,9,9,-22.240700,114.096700,9.000000,lev15,Almucantar
Learmonth,02:09:2020,12:00:00,246,246.000000,0.056964,0.044409,0.038873,0.036182,0.035091,0.020055,0.012755,0.009509,0.021836,0.024355,0.026145,0.026691,0.591970,11,11,11,11,11,11,11,11,11,11,11,11,11,-22.240700,114.096700,9.000000,lev15,Almucantar
Learmonth,03:09:2020,12:00:00,247,247.000000,0.045233,0.030750,0.024183,0.021117,0.035708,0.020183,0.012758,0.009367,0.009533,0.010575,0.011442,0.011742,0.912445,12,12,12,12,12,12,12,12,12,12,12,12,12,-22.240700,114.096700,9.000000,lev15,Almucantar
Learmonth,04:09:2020,12:00:00,248,248.000000,0.065850,0.039542,0.028500,0.023483,0.058058,0.031025,0.019300,0.013958,0.007792,0.008558,0.009200,0.009550,1.198135,12,12,12,12,12,12,12,12,12,12,12,12,12,-22.240700,114.096700,9.000000,lev15,Almucantar
Learmonth,05:09:2020,12:00:00,249,249.000000,0.072836,0.046355,0.035373,0.030391,0.059418,0.031636,0.019627,0.014127,0.013436,0.014718,0.015773,0.016264,1.052683,11,11,11,11,11,11,11,11,11,11,11,11,11,-22.240700,114.096700,9.000000,lev15,Almucantar
Learmonth,06:09:2020,12:00:00,250,250.000000,0.052300,0.034460,0.026710,0.023300,0.041050,0.022030,0.013440,0.009680,0.011270,0.012440,0.013270,0.013620,0.984336,10,10,10,10,10,10,10,10,10,10,10,10,10,-22.240700,114.096700,9.000000,lev15,Almucantar
Learmonth,07:09:2020,12:00:00,251,251.000000,0.040943,0.029171,0.023529,0.020871,0.030014,0.017257,0.011000,0.008114,0.010957,0.011929,0.012543,0.012743,0.800539,7,7,7,7,7,7,7,7,7,7,7,7,7,-22.240700,114.096700,9.000000,lev15,Almucantar
Learmonth,08:09:2020,12:00:00,252,252.000000,0.070855,0.045482,0.037027,0.033500,0.050636,0.022882,0.013018,0.009055,0.020245,0.022600,0.024009,0.024436,0.968069,11,11,11,11,11,11,11,11,11,11,11,11,11,-22.240700,114.096700,9.000000,lev15,Almucantar
Learmonth,09:09:2020,12:00:00,253,253.000000,0.081155,0.047236,0.035891,0.031245,0.065300,0.029827,0.017327,0.012155,0.015864,0.017409,0.018591,0.019091,1.191290,11,11,11,11,11,11,11,11,11,11,11,11,11,-22.240700,114.096700,9.000000,lev15,Almucantar
Learmonth,10:09:2020,12:00:00,254,254.000000,0.085025,0.054050,0.043750,0.039575,0.061950,0.028350,0.016050,0.011175,0.023075,0.025700,0.027675,0.028425,0.989498,4,4,4,4,4,4,4,4,4,4,4,4,4,-22.240700,114.096700,9.000000,lev15,Almucantar
Learmonth,11:09:2020,12:00:00,255,255.000000,0.076750,0.050940,0.042690,0.039160,0.052780,0.024740,0.014670,0.010310,0.023950,0.026230,0.028010,0.028870,0.874228,10,10,10,10,10,10,10,10,10,10,10,10,10,-22.240700,114.096700,9.000000,lev15,Almucantar
Learmonth,12:09:2020,12:00:00,256,256.000000,0.041670,0.028510,0.023780,0.021650,0.029140,0.014630,0.009000,0.006460,0.012550,0.013850,0.014790,0.015190,0.821439,10,10,10,10,10,10,10,10,10,10,10,10,10,-22.240700,114.096700,9.000000,lev15,Almucantar
Learmonth,13:09:2020,12:00:00,257,257.000000,0.050410,0.034340,0.028240,0.025540,0.036120,0.018590,0.011450,0.008310,0.014290,0.015750,0.016820,0.017220,0.855507,10,10,10,10,10,10,10,10,10,10,10,10,10,-22.240700,114.096700,9.000000,lev15,Almucantar
Learmonth,14:09:2020,12:00:00,258,258.000000,0.062320,0.044530,0.038110,0.035260,0.040870,0.020970,0.012970,0.009480,0.021460,0.023560,0.025150,0.025790,0.720404,10,10,10,10,10,10,10,10,10,10,10,10,10,-22.240700,114.096700,9.000000,lev15,Almucantar
Learmonth,15:09:2020,12:00:00,259,259.000000,0.065089,0.044200,0.036900,0.033878,0.044456,0.021589,0.012867,0.009267,0.020622,0.022589,0.024022,0.024600,0.833685,9,9,9,9,9,9,9,9,9,9,9,9,9,-22.240700,114.096700,9.000000,lev15,Almucantar
Learmonth,16:09:2020,12:00:00,260,260.000000,0.077437,0.054038,0.046675,0.043775,0.048813,0.022963,0.013600,0.009737,0.028625,0.031100,0.033100,0.034025,0.748845,8,8,8,8,8,8,8,8,8,8,8,8,8,-22.240700,114.096700,9.000000,lev15,Almucantar
Learmonth,17:09:2020,12:00:00,261,261.000000,0.058830,0.040680,0.034290,0.031550,0.040060,0.020020,0.012100,0.008710,0.018760,0.020670,0.022180,0.022870,0.794133,10,10,10,10,10,10,10,10,10,10,10,10,10,-22.240700,114.096700,9.000000,lev15,Almucantar
Learmonth,18:09:2020,12:00:00,262,262.000000,0.047650,0.030910,0.024670,0.021980,0.035540,0.017510,0.010380,0.007380,0.012090,0.013400,0.014270,0.014580,0.970167,10,10,10,10,10,10,10,10,10,10,10,10,10,-22.240700,114.096700,9.000000,lev15,Almucantar
Learmonth,19:09:2020,12:00:00,263,263.000000,0.061643,0.049400,0.044657,0.042543,0.030871,0.015529,0.009100,0.006429,0.030814,0.033886,0.035571,0.036086,0.544199,7,7,7,7,7,7,7,7,7,7,7,7,7,-22.240700,114.096700,9.000000,lev15,Almucantar
Learmonth,20:09:2020,12:00:00,264,264.000000,0.055050,0.042437,0.037425,0.035175,0.031838,0.016887,0.010312,0.007475,0.023238,0.025525,0.027125,0.027737,0.571969,8,8,8,8,8,8,8,8,8,8,8,8,8,-22.240700,114.096700,9.000000,lev15,Almucantar
Learmonth,21:09:2020,12:00:00,265,265.000000,0.065540,0.039070,0.028660,0.024060,0.055300,0.027690,0.016370,0.011410,0.010240,0.011370,0.012300,0.012670,1.202813,10,10,10,10,10,10,10,10,10,10,10,10,10,-22.240700,114.096700,9.000000,lev15,Almucantar
Learmonth,22:09:2020,12:00:00,266,266.000000,0.065090,0.040770,0.031270,0.026980,0.051460,0.025970,0.015550,0.010870,0.013620,0.014800,0.015690,0.016120,1.076391,10,10,10,10,10,10,10,10,10,10,10,10,10,-22.240700,114.096700,9.000000,lev15,Almucantar
Learmonth,23:09:2020,12:00:00,267,267.000000,0.049225,0.034225,0.028425,0.025888,0.034412,0.018037,0.011200,0.008213,0.014812,0.016188,0.017225,0.017675,0.833040,8,8,8,8,8,8,8,8,8,8,8,8,8,-22.240700,114.096700,9.000000,lev15,Almucantar
Learmonth,24:09:2020,12:00:00,268,268.000000,0.110200,0.071300,0.057533,0.052033,0.077733,0.035100,0.018967,0.012600,0.032433,0.036167,0.038567,0.039400,0.955615,3,3,3,3,3,3,3,3,3,3,3,3,3,-22.240700,114.096700,9.000000,lev15,Almucantar
Learmonth,25:09:2020,12:00:00,269,269.000000,0.071350,0.040975,0.029100,0.023950,0.062100,0.030625,0.018000,0.012700,0.009325,0.010425,0.011075,0.011300,1.301117,4,4,4,4,4,4,4,4,4,4,4,4,4,-22.240700,114.096700,9.000000,lev15,Almucantar
Learmonth,26:09:2020,12:00:00,270,270.000000,0.046320,0.031980,0.025640,0.022820,0.033400,0.017600,0.010460,0.007480,0.012940,0.014360,0.015160,0.015340,0.866365,5,5,5,5,5,5,5,5,5,5,5,5,5,-22.240700,114.096700,9.000000,lev15,Almucantar
Learmonth,27:09:2020,12:00:00,271,271.000000,0.042689,0.026444,0.019778,0.016800,0.035578,0.018689,0.011511,0.008267,0.007078,0.007744,0.008267,0.008511,1.119504,9,9,9,9,9,9,9,9,9,9,9,9,9,-22.240700,114.096700,9.000000,lev15,Almucantar
Learmonth,28:09:2020,12:00:00,272,272.000000,0.075450,0.051250,0.042063,0.038363,0.050762,0.024538,0.013913,0.009587,0.024712,0.026713,0.028163,0.028788,0.867164,8,8,8,8,8,8,8,8,8,8,8,8,8,-22.240700,114.096700,9.000000,lev15,Almucantar
Learmonth,29:09:2020,12:00:00,273,273.000000,0.118880,0.063160,0.042170,0.033280,0.107180,0.050450,0.028630,0.019290,0.011700,0.012710,0.013570,0.013970,1.520507,10,10,10,10,10,10,10,10,10,10,10,10,10,-22.240700,114.096700,9.000000,lev15,Almucantar
Learmonth,30:09:2020,12:00:00,274,274.000000,0.100533,0.054967,0.036689,0.029189,0.091078,0.044800,0.025922,0.018111,0.009456,0.010167,0.010756,0.011078,1.457739,9,9,9,9,9,9,9,9,9,9,9,9,9,-22.240700,114.096700,9.000000,lev15,Almucantar
Learmonth,01:10:2020,12:00:00,275,275.000000,0.098490,0.057530,0.041420,0.034580,0.083260,0.040760,0.023380,0.015950,0.015240,0.016770,0.018030,0.018630,1.263847,10,10,10,10,10,10,10,10,10,10,10,10,10,-22.240700,114.096700,9.000000,lev15,Almucantar
Learmonth,02:10:2020,12:00:00,276,276.000000,0.101362,0.059338,0.044312,0.038325,0.081625,0.037325,0.020712,0.014163,0.019725,0.022025,0.023575,0.024162,1.208039,8,8,8,8,8,8,8,8,8,8,8,8,8,-22.240700,114.096700,9.000000,lev15,Almucantar
Learmonth,03:10:2020,12:00:00,277,277.000000,0.126100,0.097450,0.089600,0.086500,0.058950,0.026200,0.015400,0.010900,0.067150,0.071200,0.074200,0.075550,0.571420,2,2,2,2,2,2,2,2,2,2,2,2,2,-22.240700,114.096700,9.000000,lev15,Almucantar
Learmonth,04:10:2020,12:00:00,278,278.000000,0.044167,0.030300,0.024933,0.022567,0.030083,0.015300,0.009300,0.006667,0.014117,0.015033,0.015633,0.015917,0.929291,6,6,6,6,6,6,6,6,6,6,6,6,6,-22.240700,114.096700,9.000000,lev15,Almucantar
Learmonth,05:10:2020,12:00:00,279,279.000000,0.044030,0.029170,0.022940,0.020100,0.033560,0.017840,0.010950,0.007840,0.010450,0.011340,0.011990,0.012260,0.961684,10,10,10,10,10,10,10,10,10,10,10,10,10,-22.240700,114.096700,9.000000,lev15,Almucantar
Learmonth,06:10:2020,12:00:00,280,280.000000,0.047370,0.031400,0.025050,0.022220,0.035180,0.018180,0.011170,0.008080,0.012210,0.013210,0.013890,0.014140,0.945131,10,10,10,10,10,10,10,10,10,10,10,10,10,-22.240700,114.096700,9.000000,lev15,Almucantar
Learmonth,07:10:2020,12:00:00,281,281.000000,0.049000,0.031720,0.024710,0.021610,0.037740,0.019520,0.011850,0.008500,0.011280,0.012210,0.012880,0.013100,1.003634,10,10,10,10,10,10,10,10,10,10,10,10,10,-22.240700,114.096700,9.000000,lev15,Almucantar
Learmonth,08:10:2020,12:00:00,282,282.000000,0.044400,0.029287,0.023050,0.020275,0.033950,0.018075,0.011213,0.008163,0.010425,0.011238,0.011825,0.012125,0.962539,8,8,8,8,8,8,8,8,8,8,8,8,8,-22.240700,114.096700,9.000000,lev15,Almucantar
Learmonth,09:10:2020,12:00:00,283,283.000000,0.056189,0.036978,0.029100,0.025578,0.042844,0.022444,0.013767,0.009867,0.013356,0.014522,0.015322,0.015656,0.973115,9,9,9,9,9,9,9,9,9,9,9,9,9,-22.240700,114.096700,9.000000,lev15,Almucantar
Learmonth,10:10:2020,12:00:00,284,284.000000,0.079086,0.049800,0.038771,0.034143,0.060500,0.029314,0.016943,0.011829,0.018586,0.020500,0.021800,0.022271,1.042159,7,7,7,7,7,7,7,7,7,7,7,7,7,-22.240700,114.096700,9.000000,lev15,Almucantar
Learmonth,11:10:2020,12:00:00,285,285.000000,0.103357,0.061643,0.046557,0.040214,0.082786,0.039000,0.022329,0.015257,0.020557,0.022629,0.024243,0.025000,1.164567,7,7,7,7,7,7,7,7,7,7,7,7,7,-22.240700,114.096700,9.000000,lev15,Almucantar
Learmonth,12:10:2020,12:00:00,286,286.000000,0.071762,0.043625,0.033275,0.029025,0.057388,0.027712,0.016088,0.011262,0.014350,0.015925,0.017175,0.017750,1.120491,8,8,8,8,8,8,8,8,8,8,8,8,8,-22.240700,114.096700,9.000000,lev15,Almucantar
Learmonth,13:10:2020,12:00:00,287,287.000000,0.076057,0.045300,0.035014,0.030686,0.060943,0.028343,0.016700,0.011871,0.015114,0.016971,0.018300,0.018814,1.136106,7,7,7,7,7,7,7,7,7,7,7,7,7,-22.240700,114.096700,9.000000,lev15,Almucantar
Learmonth,14:10:2020,12:00:00,288,288.000000,0.082088,0.049750,0.039250,0.035162,0.061863,0.027387,0.015250,0.010412,0.020250,0.022363,0.024025,0.024725,1.082698,8,8,8,8,8,8,8,8,8,8,8,8,8,-22.240700,114.096700,9.000000,lev15,Almucantar
Learmonth,15:10:2020,12:00:00,289,289.000000,0.107400,0.079100,0.070450,0.067200,0.059700,0.028000,0.016400,0.011650,0.047750,0.051150,0.054050,0.055550,0.628961,2,2,2,2,2,2,2,2,2,2,2,2,2,-22.240700,114.096700,9.000000,lev15,Almucantar
Learmonth,16:10:2020,12:00:00,290,290.000000,0.079713,0.055488,0.046613,0.043288,0.052500,0.025038,0.013825,0.009750,0.027250,0.030488,0.032800,0.033513,0.801637,8,8,8,8,8,8,8,8,8,8,8,8,8,-22.240700,114.096700,9.000000,lev15,Almucantar
Learmonth,17:10:2020,12:00:00,291,291.000000,0.116975,0.098650,0.091550,0.087850,0.049875,0.023425,0.013575,0.009550,0.067125,0.075225,0.077975,0.078300,0.362260,4,4,4,4,4,4,4,4,4,4,4,4,4,-22.240700,114.096700,9.000000,lev15,Almucantar
Learmonth,19:10:2020,12:00:00,293,293.000000,0.115350,0.097400,0.090775,0.087600,0.051275,0.024900,0.014575,0.010550,0.064075,0.072500,0.076225,0.077050,0.353946,4,4,4,4,4,4,4,4,4,4,4,4,4,-22.240700,114.096700,9.000000,lev15,Almucantar
Learmonth,20:10:2020,12:00:00,294,294.000000,0.093614,0.067686,0.057443,0.053314,0.060129,0.030186,0.017229,0.012200,0.033486,0.037514,0.040243,0.041129,0.713941,7,7,7,7,7,7,7,7,7,7,7,7,7,-22.240700,114.096700,9.000000,lev15,Almucantar
Learmonth,21:10:2020,12:00:00,295,295.000000,0.081375,0.060150,0.052375,0.049100,0.048513,0.023438,0.013638,0.009775,0.032837,0.036700,0.038725,0.039350,0.676355,8,8,8,8,8,8,8,8,8,8,8,8,8,-22.240700,114.096700,9.000000,lev15,Almucantar
Learmonth,22:10:2020,12:00:00,296,296.000000,0.086350,0.055538,0.045012,0.040950,0.061563,0.028288,0.015887,0.011125,0.024800,0.027262,0.029125,0.029812,0.936644,8,8,8,8,8,8,8,8,8,8,8,8,8,-22.240700,114.096700,9.000000,lev15,Almucantar
Learmonth,23:10:2020,12:00:00,297,297.000000,0.076586,0.060186,0.053443,0.050643,0.041871,0.021200,0.012186,0.008800,0.034729,0.039000,0.041271,0.041857,0.523108,7,7,7,7,7,7,7,7,7,7,7,7,7,-22.240700,114.096700,9.000000,lev15,Almucantar
Learmonth,24:10:2020,12:00:00,298,298.000000,0.053513,0.040037,0.034550,0.032212,0.033287,0.017237,0.010163,0.007275,0.020213,0.022787,0.024400,0.024950,0.684749,8,8,8,8,8,8,8,8,8,8,8,8,8,-22.240700,114.096700,9.000000,lev15,Almucantar
Learmonth,25:10:2020,12:00:00,299,299.000000,0.100033,0.077483,0.069533,0.065967,0.053017,0.024717,0.014117,0.009800,0.047017,0.052800,0.055417,0.056167,0.534632,6,6,6,6,6,6,6,6,6,6,6,6,6,-22.240700,114.096700,9.000000,lev15,Almucantar
Learmonth,26:10:2020,12:00:00,300,300.000000,0.097000,0.076686,0.070243,0.067657,0.049514,0.024314,0.014371,0.010286,0.047514,0.052371,0.055886,0.057371,0.487690,7,7,7,7,7,7,7,7,7,7,7,7,7,-22.240700,114.096700,9.000000,lev15,Almucantar
Learmonth,27:10:2020,12:00:00,301,301.000000,0.075367,0.055267,0.048233,0.045367,0.046567,0.023533,0.014300,0.010467,0.028833,0.031733,0.033933,0.034900,0.656412,3,3,3,3,3,3,3,3,3,3,3,3,3,-22.240700,114.096700,9.000000,lev15,Almucantar
Learmonth,31:10:2020,12:00:00,305,305.000000,0.118225,0.095800,0.089650,0.087425,0.049325,0.020450,0.011050,0.007775,0.068875,0.075350,0.078600,0.079625,0.414185,4,4,4,4,4,4,4,4,4,4,4,4,4,-22.240700,114.096700,9.000000,lev15,Almucantar
Learmonth,01:11:2020,12:00:00,306,306.000000,0.071000,0.052500,0.045300,0.042200,0.041700,0.020200,0.011700,0.008400,0.029200,0.032300,0.033600,0.033900,0.658314,1,1,1,1,1,1,1,1,1,1,1,1,1,-22.240700,114.096700,9.000000,lev15,Almucantar
Learmonth,02:11:2020,12:00:00,307,307.000000,0.092662,0.073662,0.067050,0.064125,0.044275,0.020150,0.011300,0.007938,0.048412,0.053525,0.055775,0.056175,0.477165,8,8,8,8,8,8,8,8,8,8,8,8,8,-22.240700,114.096700,9.000000,lev15,Almucantar
Learmonth,03:11:2020,12:00:00,308,308.000000,0.064640,0.050770,0.045920,0.043900,0.031970,0.015490,0.009140,0.006540,0.032660,0.035250,0.036820,0.037370,0.514363,10,10,10,10,10,10,10,10,10,10,10,10,10,-22.240700,114.096700,9.000000,lev15,Almucantar
Learmonth,05:11:2020,12:00:00,310,310.000000,0.066133,0.053033,0.048167,0.045900,0.032344,0.015911,0.009378,0.006689,0.033800,0.037133,0.038778,0.039222,0.463722,9,9,9,9,9,9,9,9,9,9,9,9,9,-22.240700,114.096700,9.000000,lev15,Almucantar
Learmonth,06:11:2020,12:00:00,311,311.000000,0.072286,0.058686,0.053771,0.051543,0.034357,0.016871,0.009871,0.007086,0.037957,0.041814,0.043843,0.044443,0.440322,7,7,7,7,7,7,7,7,7,7,7,7,7,-22.240700,114.096700,9.000000,lev15,Almucantar
Learmonth,07:11:2020,12:00:00,312,312.000000,0.091000,0.078457,0.074171,0.071986,0.034871,0.016529,0.009514,0.006700,0.056100,0.061943,0.064629,0.065286,0.311264,7,7,7,7,7,7,7,7,7,7,7,7,7,-22.240700,114.096700,9.000000,lev15,Almucantar
Learmonth,08:11:2020,12:00:00,313,313.000000,0.062887,0.050850,0.046500,0.044562,0.029487,0.014312,0.008337,0.005975,0.033437,0.036513,0.038187,0.038625,0.446872,8,8,8,8,8,8,8,8,8,8,8,8,8,-22.240700,114.096700,9.000000,lev15,Almucantar
Learmonth,10:11:2020,12:00:00,315,315.000000,0.065888,0.060862,0.057950,0.056187,0.025225,0.015913,0.010625,0.008050,0.040688,0.044987,0.047325,0.048163,0.230797,8,8,8,8,8,8,8,8,8,8,8,8,8,-22.240700,114.096700,9.000000,lev15,Almucantar
Learmonth,11:11:2020,12:00:00,316,316.000000,0.036578,0.028978,0.025344,0.023533,0.022833,0.013889,0.009178,0.006878,0.013767,0.015100,0.016178,0.016678,0.537878,9,9,9,9,9,9,9,9,9,9,9,9,9,-22.240700,114.096700,9.000000,lev15,Almucantar
Learmonth,12:11:2020,12:00:00,317,317.000000,0.035950,0.027640,0.024030,0.022240,0.022950,0.013310,0.008720,0.006460,0.013020,0.014350,0.015310,0.015770,0.599437,10,10,10,10,10,10,10,10,10,10,10,10,10,-22.240700,114.096700,9.000000,lev15,Almucantar
Learmonth,13:11:2020,12:00:00,318,318.000000,0.032087,0.021100,0.016663,0.014550,0.025575,0.013938,0.008987,0.006625,0.006538,0.007175,0.007663,0.007950,0.963948,8,8,8,8,8,8,8,8,8,8,8,8,8,-22.240700,114.096700,9.000000,lev15,Almucantar
Learmonth,14:11:2020,12:00:00,319,319.000000,0.048140,0.034160,0.029160,0.026860,0.031880,0.016180,0.010000,0.007280,0.016280,0.018000,0.019140,0.019580,0.739177,5,5,5,5,5,5,5,5,5,5,5,5,5,-22.240700,114.096700,9.000000,lev15,Almucantar
Learmonth,15:11:2020,12:00:00,320,320.000000,0.053788,0.044637,0.041087,0.039262,0.027325,0.015388,0.009938,0.007450,0.026475,0.029300,0.031137,0.031813,0.422929,8,8,8,8,8,8,8,8,8,8,8,8,8,-22.240700,114.096700,9.000000,lev15,Almucantar
Learmonth,16:11:2020,12:00:00,321,321.000000,0.035890,0.024530,0.019550,0.017170,0.028410,0.016290,0.010580,0.007890,0.007490,0.008260,0.008960,0.009300,0.899822,10,10,10,10,10,10,10,10,10,10,10,10,10,-22.240700,114.096700,9.000000,lev15,Almucantar
Learmonth,17:11:2020,12:00:00,322,322.000000,0.044000,0.033100,0.028338,0.026050,0.029950,0.017525,0.011475,0.008550,0.014037,0.015575,0.016887,0.017500,0.651524,8,8,8,8,8,8,8,8,8,8,8,8,8,-22.240700,114.096700,9.000000,lev15,Almucantar
Learmonth,18:11:2020,12:00:00,323,323.000000,0.058775,0.043800,0.037650,0.034850,0.037975,0.021025,0.013250,0.009725,0.020775,0.022800,0.024400,0.025125,0.658929,4,4,4,4,4,4,4,4,4,4,4,4,4,-22.240700,114.096700,9.000000,lev15,Almucantar
Learmonth,19:11:2020,12:00:00,324,324.000000,0.054325,0.038800,0.032575,0.029725,0.037800,0.020625,0.013000,0.009525,0.016550,0.018200,0.019550,0.020250,0.750403,4,4,4,4,4,4,4,4,4,4,4,4,4,-22.240700,114.096700,9.000000,lev15,Almucantar
Learmonth,21:11:2020,12:00:00,326,326.000000,0.057122,0.042744,0.037078,0.034467,0.035611,0.019322,0.012222,0.008944,0.021511,0.023433,0.024867,0.025511,0.657722,9,9,9,9,9,9,9,9,9,9,9,9,9,-22.240700,114.096700,9.000000,lev15,Almucantar
Learmonth,22:11:2020,12:00:00,327,327.000000,0.064075,0.051650,0.046675,0.044325,0.034125,0.019275,0.012475,0.009200,0.029925,0.032375,0.034225,0.035150,0.471871,4,4,4,4,4,4,4,4,4,4,4,4,4,-22.240700,114.096700,9.000000,lev15,Almucantar
Learmonth,23:11:2020,12:00:00,328,328.000000,0.079743,0.068557,0.064586,0.062700,0.036314,0.020029,0.012686,0.009357,0.043443,0.048543,0.051914,0.053357,0.340125,7,7,7,7,7,7,7,7,7,7,7,7,7,-22.240700,114.096700,9.000000,lev15,Almucantar
Learmonth,24:11:2020,12:00:00,329,329.000000,0.064367,0.050567,0.045817,0.043667,0.036483,0.019950,0.012900,0.009633,0.027867,0.030633,0.032933,0.034017,0.518678,6,6,6,6,6,6,6,6,6,6,6,6,6,-22.240700,114.096700,9.000000,lev15,Almucantar
Learmonth,25:11:2020,12:00:00,330,330.000000,0.082100,0.062900,0.056733,0.054433,0.045900,0.023467,0.014433,0.010433,0.036200,0.039433,0.042300,0.043967,0.541351,3,3,3,3,3,3,3,3,3,3,3,3,3,-22.240700,114.096700,9.000000,lev15,Almucantar
Learmonth,26:11:2020,12:00:00,331,331.000000,0.092100,0.075960,0.070220,0.067560,0.048520,0.027380,0.018040,0.013860,0.043580,0.048580,0.052140,0.053700,0.404196,5,5,5,5,5,5,5,5,5,5,5,5,5,-22.240700,114.096700,9.000000,lev15,Almucantar
Learmonth,27:11:2020,12:00:00,332,332.000000,0.134733,0.120083,0.117100,0.115900,0.045533,0.023683,0.014900,0.011233,0.089250,0.096400,0.102183,0.104683,0.245024,6,6,6,6,6,6,6,6,6,6,6,6,6,-22.240700,114.096700,9.000000,lev15,Almucantar
Learmonth,28:11:2020,12:00:00,333,333.000000,0.062250,0.050475,0.046000,0.043812,0.032875,0.018525,0.012125,0.009100,0.029425,0.031938,0.033863,0.034750,0.448979,8,8,8,8,8,8,8,8,8,8,8,8,8,-22.240700,114.096700,9.000000,lev15,Almucantar
Learmonth,29:11:2020,12:00:00,334,334.000000,0.062086,0.050943,0.046429,0.044314,0.033186,0.018786,0.012129,0.009043,0.028900,0.032129,0.034314,0.035243,0.442297,7,7,7,7,7,7,7,7,7,7,7,7,7,-22.240700,114.096700,9.000000,lev15,Almucantar
Learmonth,30:11:2020,12:00:00,335,335.000000,0.086771,0.080586,0.079029,0.078300,0.024557,0.014114,0.009300,0.007014,0.062243,0.066457,0.069729,0.071329,0.160527,7,7,7,7,7,7,7,7,7,7,7,7,7,-22.240700,114.096700,9.000000,lev15,Almucantar
Learmonth,01:12:2020,12:00:00,336,336.000000,0.044456,0.037867,0.034589,0.032922,0.022489,0.014100,0.009444,0.007089,0.021989,0.023789,0.025189,0.025833,0.417675,9,9,9,9,9,9,9,9,9,9,9,9,9,-22.240700,114.096700,9.000000,lev15,Almucantar
Learmonth,02:12:2020,12:00:00,337,337.000000,0.054212,0.044475,0.040425,0.038413,0.029200,0.016987,0.011200,0.008438,0.025013,0.027475,0.029225,0.029975,0.445465,8,8,8,8,8,8,8,8,8,8,8,8,8,-22.240700,114.096700,9.000000,lev15,Almucantar
Learmonth,03:12:2020,12:00:00,338,338.000000,0.060989,0.053911,0.051022,0.049444,0.026911,0.016611,0.011367,0.008689,0.034044,0.037322,0.039656,0.040744,0.264498,9,9,9,9,9,9,9,9,9,9,9,9,9,-22.240700,114.096700,9.000000,lev15,Almucantar
Learmonth,04:12:2020,12:00:00,339,339.000000,0.087314,0.075114,0.070171,0.067657,0.041071,0.024671,0.016471,0.012443,0.046243,0.050443,0.053700,0.055214,0.325272,7,7,7,7,7,7,7,7,7,7,7,7,7,-22.240700,114.096700,9.000000,lev15,Almucantar
Learmonth,09:12:2020,12:00:00,344,344.000000,0.126900,0.112925,0.107838,0.104637,0.060837,0.040400,0.029450,0.023575,0.066062,0.072525,0.078400,0.081062,0.265252,8,8,8,8,8,8,8,8,8,8,8,8,8,-22.240700,114.096700,9.000000,lev15,Almucantar
Learmonth,10:12:2020,12:00:00,345,345.000000,0.173700,0.162650,0.159950,0.158150,0.065150,0.044500,0.032400,0.025650,0.108550,0.118150,0.127600,0.132500,0.124101,2,2,2,2,2,2,2,2,2,2,2,2,2,-22.240700,114.096700,9.000000,lev15,Almucantar
Learmonth,14:12:2020,12:00:00,349,349.000000,0.093433,0.084144,0.080267,0.077811,0.042767,0.029256,0.021522,0.017244,0.050678,0.054900,0.058744,0.060567,0.221768,9,9,9,9,9,9,9,9,9,9,9,9,9,-22.240700,114.096700,9.000000,lev15,Almucantar
Learmonth,15:12:2020,12:00:00,350,350.000000,0.157789,0.113733,0.096689,0.088689,0.108933,0.060378,0.039878,0.030244,0.048867,0.053333,0.056811,0.058433,0.696922,9,9,9,9,9,9,9,9,9,9,9,9,9,-22.240700,114.096700,9.000000,lev15,Almucantar
Learmonth,16:12:2020,12:00:00,351,351.000000,0.092800,0.084233,0.080922,0.079056,0.039556,0.025000,0.017200,0.013367,0.053244,0.059200,0.063733,0.065689,0.215673,9,9,9,9,9,9,9,9,9,9,9,9,9,-22.240700,114.096700,9.000000,lev15,Almucantar
Learmonth,17:12:2020,12:00:00,352,352.000000,0.086389,0.078789,0.075722,0.073867,0.036056,0.022878,0.015800,0.012211,0.050322,0.055911,0.059956,0.061644,0.199022,9,9,9,9,9,9,9,9,9,9,9,9,9,-22.240700,114.096700,9.000000,lev15,Almucantar
Learmonth,18:12:2020,12:00:00,353,353.000000,0.068786,0.063386,0.060243,0.058200,0.031829,0.022171,0.015557,0.012057,0.036986,0.041214,0.044700,0.046129,0.200275,7,7,7,7,7,7,7,7,7,7,7,7,7,-22.240700,114.096700,9.000000,lev15,Almucantar
Learmonth,19:12:2020,12:00:00,354,354.000000,0.081400,0.077375,0.074775,0.072500,0.032150,0.022225,0.016075,0.012650,0.049275,0.055150,0.058725,0.059900,0.132289,4,4,4,4,4,4,4,4,4,4,4,4,4,-22.240700,114.096700,9.000000,lev15,Almucantar
Learmonth,24:12:2020,12:00:00,359,359.000000,0.089560,0.085060,0.082500,0.080640,0.034480,0.023580,0.016700,0.013240,0.055080,0.061500,0.065820,0.067420,0.120448,5,5,5,5,5,5,5,5,5,5,5,5,5,-22.240700,114.096700,9.000000,lev15,Almucantar
Learmonth,25:12:2020,12:00:00,360,360.000000,0.078200,0.075040,0.072860,0.071200,0.029780,0.021780,0.016000,0.012840,0.048400,0.053280,0.056880,0.058360,0.103798,5,5,5,5,5,5,5,5,5,5,5,5,5,-22.240700,114.096700,9.000000,lev15,Almucantar
Learmonth,27:12:2020,12:00:00,362,362.000000,0.121243,0.114529,0.111300,0.109043,0.046329,0.032786,0.023786,0.018771,0.074929,0.081771,0.087500,0.090300,0.128006,7,7,7,7,7,7,7,7,7,7,7,7,7,-22.240700,114.096700,9.000000,lev15,Almucantar
Learmonth,02:01:2021,12:00:00,2,2.000000,0.079875,0.073600,0.070950,0.069212,0.034163,0.022988,0.016438,0.013025,0.045725,0.050625,0.054463,0.056187,0.177767,8,8,8,8,8,8,8,8,8,8,8,8,8,-22.240700,114.096700,9.000000,lev15,Almucantar
Learmonth,22:01:2021,12:00:00,22,22.000000,0.071217,0.066967,0.064883,0.063433,0.027717,0.019350,0.014083,0.011233,0.043533,0.047617,0.050800,0.052217,0.134717,6,6,6,6,6,6,6,6,6,6,6,6,6,-22.240700,114.096700,9.000000,lev15,Almucantar
Learmonth,23:01:2021,12:00:00,23,23.000000,0.065233,0.060233,0.057367,0.055600,0.027533,0.019167,0.013733,0.010800,0.037733,0.041067,0.043667,0.044833,0.188389,3,3,3,3,3,3,3,3,3,3,3,3,3,-22.240700,114.096700,9.000000,lev15,Almucantar
Learmonth,24:01:2021,12:00:00,24,24.000000,0.039900,0.033133,0.029533,0.027433,0.024000,0.016167,0.011767,0.009300,0.015933,0.016967,0.017767,0.018167,0.433901,3,3,3,3,3,3,3,3,3,3,3,3,3,-22.240700,114.096700,9.000000,lev15,Almucantar
Learmonth,26:01:2021,12:00:00,26,26.000000,0.074350,0.067988,0.065750,0.064600,0.025462,0.015938,0.010988,0.008463,0.048900,0.052050,0.054763,0.056150,0.203634,8,8,8,8,8,8,8,8,8,8,8,8,8,-22.240700,114.096700,9.000000,lev15,Almucantar
Learmonth,27:01:2021,12:00:00,27,27.000000,0.070317,0.065850,0.064183,0.063150,0.023417,0.015800,0.011283,0.008817,0.046900,0.050100,0.052900,0.054333,0.163657,6,6,6,6,6,6,6,6,6,6,6,6,6,-22.240700,114.096700,9.000000,lev15,Almucantar
Learmonth,28:01:2021,12:00:00,28,28.000000,0.060067,0.051683,0.047817,0.045717,0.028333,0.017800,0.012117,0.009150,0.031733,0.033883,0.035683,0.036583,0.343119,6,6,6,6,6,6,6,6,6,6,6,6,6,-22.240700,114.096700,9.000000,lev15,Almucantar
Learmonth,07:02:2021,12:00:00,38,38.000000,0.071950,0.068850,0.067867,0.066850,0.023467,0.014800,0.010250,0.007967,0.048500,0.054067,0.057633,0.058883,0.093439,6,6,6,6,6,6,6,6,6,6,6,6,6,-22.240700,114.096700,9.000000,lev15,Almucantar
Learmonth,08:02:2021,12:00:00,39,39.000000,0.070914,0.069186,0.068443,0.067571,0.020671,0.013014,0.008786,0.006871,0.050243,0.056186,0.059686,0.060714,0.053588,7,7,7,7,7,7,7,7,7,7,7,7,7,-22.240700,114.096700,9.000000,lev15,Almucantar
Learmonth,09:02:2021,12:00:00,40,40.000000,0.054820,0.050200,0.048400,0.047240,0.022420,0.014540,0.010420,0.008240,0.032460,0.035660,0.037980,0.038980,0.183930,5,5,5,5,5,5,5,5,5,5,5,5,5,-22.240700,114.096700,9.000000,lev15,Almucantar
Learmonth,10:02:2021,12:00:00,41,41.000000,0.055800,0.049600,0.047300,0.045850,0.024425,0.015400,0.011000,0.008675,0.031325,0.034225,0.036325,0.037175,0.243622,4,4,4,4,4,4,4,4,4,4,4,4,4,-22.240700,114.096700,9.000000,lev15,Almucantar
Learmonth,11:02:2021,12:00:00,42,42.000000,0.059275,0.053288,0.050463,0.048863,0.025975,0.017150,0.012037,0.009375,0.033263,0.036187,0.038425,0.039475,0.238060,8,8,8,8,8,8,8,8,8,8,8,8,8,-22.240700,114.096700,9.000000,lev15,Almucantar
Learmonth,12:02:2021,12:00:00,43,43.000000,0.087683,0.085600,0.085083,0.084450,0.025400,0.017050,0.012083,0.009717,0.062300,0.068567,0.073017,0.074733,0.046067,6,6,6,6,6,6,6,6,6,6,6,6,6,-22.240700,114.096700,9.000000,lev15,Almucantar
Learmonth,14:02:2021,12:00:00,45,45.000000,0.082200,0.080700,0.080475,0.079925,0.024525,0.015900,0.010875,0.008625,0.057700,0.064800,0.069650,0.071300,0.042782,4,4,4,4,4,4,4,4,4,4,4,4,4,-22.240700,114.096700,9.000000,lev15,Almucantar
Learmonth,15:02:2021,12:00:00,46,46.000000,0.065933,0.064256,0.063378,0.062300,0.022089,0.015478,0.011056,0.008711,0.043844,0.048800,0.052322,0.053578,0.056986,9,9,9,9,9,9,9,9,9,9,9,9,9,-22.240700,114.096700,9.000000,lev15,Almucantar
Learmonth,18:02:2021,12:00:00,49,49.000000,0.084129,0.079171,0.077543,0.076429,0.027700,0.017743,0.012386,0.009771,0.056414,0.061486,0.065157,0.066657,0.127694,7,7,7,7,7,7,7,7,7,7,7,7,7,-22.240700,114.096700,9.000000,lev15,Almucantar
Learmonth,19:02:2021,12:00:00,50,50.000000,0.067450,0.059790,0.056730,0.055020,0.030280,0.018950,0.013230,0.010340,0.037180,0.040830,0.043500,0.044690,0.275603,10,10,10,10,10,10,10,10,10,10,10,10,10,-22.240700,114.096700,9.000000,lev15,Almucantar
Learmonth,20:02:2021,12:00:00,51,51.000000,0.075567,0.070300,0.067067,0.064800,0.029967,0.018033,0.011933,0.009033,0.045600,0.052267,0.055200,0.055733,0.174529,3,3,3,3,3,3,3,3,3,3,3,3,3,-22.240700,114.096700,9.000000,lev15,Almucantar
Learmonth,22:02:2021,12:00:00,53,53.000000,0.085420,0.081900,0.080140,0.078580,0.031740,0.021300,0.015040,0.011760,0.053680,0.060580,0.065080,0.066860,0.100581,5,5,5,5,5,5,5,5,5,5,5,5,5,-22.240700,114.096700,9.000000,lev15,Almucantar
Learmonth,24:02:2021,12:00:00,55,55.000000,0.086867,0.073867,0.070133,0.068600,0.033100,0.016533,0.010200,0.007433,0.053800,0.057333,0.059933,0.061167,0.323879,3,3,3,3,3,3,3,3,3,3,3,3,3,-22.240700,114.096700,9.000000,lev15,Almucantar
Learmonth,25:02:2021,12:00:00,56,56.000000,0.046650,0.036150,0.031575,0.029400,0.028150,0.015925,0.010175,0.007450,0.018550,0.020175,0.021400,0.021975,0.574769,4,4,4,4,4,4,4,4,4,4,4,4,4,-22.240700,114.096700,9.000000,lev15,Almucantar
Learmonth,26:02:2021,12:00:00,57,57.000000,0.048212,0.042075,0.039350,0.037825,0.024462,0.015413,0.010500,0.008063,0.023775,0.026662,0.028850,0.029763,0.305268,8,8,8,8,8,8,8,8,8,8,8,8,8,-22.240700,114.096700,9.000000,lev15,Almucantar
Learmonth,27:02:2021,12:00:00,58,58.000000,0.074080,0.067840,0.065580,0.064230,0.026920,0.014980,0.009570,0.007250,0.047170,0.052860,0.056030,0.057000,0.189751,10,10,10,10,10,10,10,10,10,10,10,10,10,-22.240700,114.096700,9.000000,lev15,Almucantar
Learmonth,03:03:2021,12:00:00,62,62.000000,0.044800,0.041340,0.039340,0.038240,0.018620,0.012340,0.008340,0.006400,0.026200,0.029020,0.031000,0.031820,0.198248,5,5,5,5,5,5,5,5,5,5,5,5,5,-22.240700,114.096700,9.000000,lev15,Almucantar
Learmonth,05:03:2021,12:00:00,64,64.000000,0.043478,0.037578,0.035078,0.033700,0.021356,0.012800,0.008489,0.006500,0.022111,0.024767,0.026578,0.027200,0.325941,9,9,9,9,9,9,9,9,9,9,9,9,9,-22.240700,114.096700,9.000000,lev15,Almucantar
Learmonth,10:03:2021,12:00:00,69,69.000000,0.047225,0.038675,0.035750,0.034200,0.025750,0.014775,0.010025,0.007600,0.021500,0.023850,0.025725,0.026625,0.417569,4,4,4,4,4,4,4,4,4,4,4,4,4,-22.240700,114.096700,9.000000,lev15,Almucantar
Learmonth,11:03:2021,12:00:00,70,70.000000,0.049975,0.039600,0.036175,0.034400,0.028575,0.015550,0.010225,0.007800,0.021425,0.024050,0.025925,0.026625,0.481667,4,4,4,4,4,4,4,4,4,4,4,4,4,-22.240700,114.096700,9.000000,lev15,Almucantar
Learmonth,13:03:2021,12:00:00,72,72.000000,0.049700,0.040700,0.037500,0.036000,0.026700,0.016000,0.010800,0.008200,0.023000,0.024800,0.026700,0.027800,0.418536,1,1,1,1,1,1,1,1,1,1,1,1,1,-22.240700,114.096700,9.000000,lev15,Almucantar
Learmonth,27:03:2021,12:00:00,86,86.000000,0.036900,0.028700,0.025600,0.024100,0.022200,0.012600,0.008300,0.006200,0.014700,0.016100,0.017300,0.017900,0.541307,1,1,1,1,1,1,1,1,1,1,1,1,1,-22.240700,114.096700,9.000000,lev15,Almucantar
Learmonth,28:03:2021,12:00:00,87,87.000000,0.035567,0.024833,0.020600,0.018633,0.026067,0.014333,0.009333,0.007033,0.009467,0.010467,0.011267,0.011600,0.809849,3,3,3,3,3,3,3,3,3,3,3,3,3,-22.240700,114.096700,9.000000,lev15,Almucantar
Learmonth,02:04:2021,12:00:00,92,92.000000,0.049575,0.032050,0.025425,0.022600,0.036550,0.018025,0.010625,0.007450,0.013025,0.014050,0.014800,0.015150,0.989858,4,4,4,4,4,4,4,4,4,4,4,4,4,-22.240700,114.096700,9.000000,lev15,Almucantar
Learmonth,03:04:2021,12:00:00,93,93.000000,0.047480,0.036420,0.032320,0.030480,0.026240,0.013380,0.008140,0.005800,0.021220,0.023060,0.024200,0.024680,0.589850,5,5,5,5,5,5,5,5,5,5,5,5,5,-22.240700,114.096700,9.000000,lev15,Almucantar
Learmonth,04:04:2021,12:00:00,94,94.000000,0.049200,0.032400,0.025933,0.023167,0.035500,0.017667,0.010433,0.007367,0.013700,0.014733,0.015467,0.015800,0.943375,3,3,3,3,3,3,3,3,3,3,3,3,3,-22.240700,114.096700,9.000000,lev15,Almucantar
Learmonth,05:04:2021,12:00:00,95,95.000000,0.053300,0.042125,0.037550,0.035250,0.029400,0.015300,0.009375,0.006825,0.023925,0.026875,0.028200,0.028475,0.627644,4,4,4,4,4,4,4,4,4,4,4,4,4,-22.240700,114.096700,9.000000,lev15,Almucantar
Learmonth,06:04:2021,12:00:00,96,96.000000,0.053860,0.046960,0.044240,0.042680,0.026600,0.017800,0.013700,0.011600,0.027260,0.029180,0.030520,0.031120,0.314314,5,5,5,5,5,5,5,5,5,5,5,5,5,-22.240700,114.096700,9.000000,lev15,Almucantar
Learmonth,07:04:2021,12:00:00,97,97.000000,0.047900,0.036900,0.032600,0.030600,0.029400,0.016600,0.011100,0.008700,0.018600,0.020300,0.021500,0.021900,0.568820,1,1,1,1,1,1,1,1,1,1,1,1,1,-22.240700,114.096700,9.000000,lev15,Almucantar
Learmonth,08:04:2021,12:00:00,98,98.000000,0.082600,0.071950,0.067650,0.065350,0.036200,0.021500,0.014350,0.010850,0.046450,0.050450,0.053300,0.054500,0.292726,2,2,2,2,2,2,2,2,2,2,2,2,2,-22.240700,114.096700,9.000000,lev15,Almucantar
Learmonth,13:04:2021,12:00:00,103,103.000000,0.049200,0.043100,0.040600,0.039200,0.024200,0.015600,0.010900,0.008700,0.025000,0.027500,0.029700,0.030500,0.284523,1,1,1,1,1,1,1,1,1,1,1,1,1,-22.240700,114.096700,9.000000,lev15,Almucantar
Learmonth,15:04:2021,12:00:00,105,105.000000,0.034622,0.022133,0.016911,0.014533,0.028511,0.015511,0.009844,0.007244,0.006133,0.006622,0.007056,0.007300,1.048415,9,9,9,9,9,9,9,9,9,9,9,9,9,-22.240700,114.096700,9.000000,lev15,Almucantar
Learmonth,16:04:2021,12:00:00,106,106.000000,0.035720,0.025990,0.021690,0.019640,0.025110,0.014350,0.009210,0.006780,0.010610,0.011650,0.012470,0.012860,0.739455,10,10,10,10,10,10,10,10,10,10,10,10,10,-22.240700,114.096700,9.000000,lev15,Almucantar
Learmonth,17:04:2021,12:00:00,107,107.000000,0.029400,0.020617,0.016667,0.014783,0.022317,0.012733,0.008167,0.005933,0.007100,0.007867,0.008533,0.008833,0.828708,6,6,6,6,6,6,6,6,6,6,6,6,6,-22.240700,114.096700,9.000000,lev15,Almucantar
Learmonth,18:04:2021,12:00:00,108,108.000000,0.028133,0.018833,0.014700,0.012733,0.023067,0.013200,0.008600,0.006433,0.005033,0.005633,0.006100,0.006333,0.954636,3,3,3,3,3,3,3,3,3,3,3,3,3,-22.240700,114.096700,9.000000,lev15,Almucantar
Learmonth,20:04:2021,12:00:00,110,110.000000,0.077720,0.048280,0.037180,0.032520,0.061340,0.030440,0.018220,0.013080,0.016360,0.017840,0.018960,0.019460,1.085761,5,5,5,5,5,5,5,5,5,5,5,5,5,-22.240700,114.096700,9.000000,lev15,Almucantar
Learmonth,21:04:2021,12:00:00,111,111.000000,0.061230,0.045180,0.038620,0.035610,0.039900,0.021930,0.013910,0.010230,0.021310,0.023260,0.024690,0.025380,0.674976,10,10,10,10,10,10,10,10,10,10,10,10,10,-22.240700,114.096700,9.000000,lev15,Almucantar
Learmonth,22:04:2021,12:00:00,112,112.000000,0.030900,0.022250,0.018350,0.016500,0.021750,0.012250,0.007750,0.005650,0.009200,0.010000,0.010600,0.010850,0.763221,2,2,2,2,2,2,2,2,2,2,2,2,2,-22.240700,114.096700,9.000000,lev15,Almucantar
Learmonth,23:04:2021,12:00:00,113,113.000000,0.037340,0.025940,0.021020,0.018760,0.027120,0.014860,0.009260,0.006700,0.010240,0.011100,0.011780,0.012080,0.839418,5,5,5,5,5,5,5,5,5,5,5,5,5,-22.240700,114.096700,9.000000,lev15,Almucantar
Learmonth,24:04:2021,12:00:00,114,114.000000,0.038014,0.024686,0.019043,0.016500,0.030757,0.016986,0.010857,0.008086,0.007257,0.007714,0.008171,0.008414,1.014656,7,7,7,7,7,7,7,7,7,7,7,7,7,-22.240700,114.096700,9.000000,lev15,Almucantar
Learmonth,25:04:2021,12:00:00,115,115.000000,0.069163,0.040075,0.029450,0.025000,0.058175,0.028200,0.016862,0.012050,0.011000,0.011888,0.012600,0.012950,1.243180,8,8,8,8,8,8,8,8,8,8,8,8,8,-22.240700,114.096700,9.000000,lev15,Almucantar
Learmonth,26:04:2021,12:00:00,116,116.000000,0.075444,0.047267,0.036967,0.032611,0.058011,0.028433,0.017056,0.012200,0.017422,0.018822,0.019922,0.020411,1.050909,9,9,9,9,9,9,9,9,9,9,9,9,9,-22.240700,114.096700,9.000000,lev15,Almucantar
Learmonth,27:04:2021,12:00:00,117,117.000000,0.042100,0.028650,0.023050,0.020513,0.031050,0.016625,0.010275,0.007400,0.011063,0.012012,0.012762,0.013112,0.887574,8,8,8,8,8,8,8,8,8,8,8,8,8,-22.240700,114.096700,9.000000,lev15,Almucantar
Learmonth,28:04:2021,12:00:00,118,118.000000,0.041013,0.027750,0.022213,0.019700,0.030212,0.016125,0.009975,0.007188,0.010788,0.011625,0.012263,0.012512,0.903011,8,8,8,8,8,8,8,8,8,8,8,8,8,-22.240700,114.096700,9.000000,lev15,Almucantar
Learmonth,29:04:2021,12:00:00,119,119.000000,0.046744,0.028356,0.021400,0.018356,0.037989,0.018900,0.011367,0.008044,0.008744,0.009489,0.010022,0.010322,1.131899,9,9,9,9,9,9,9,9,9,9,9,9,9,-22.240700,114.096700,9.000000,lev15,Almucantar
Learmonth,01:05:2021,12:00:00,121,121.000000,0.079100,0.043740,0.030960,0.025740,0.068320,0.031840,0.018260,0.012640,0.010820,0.011900,0.012720,0.013060,1.377265,5,5,5,5,5,5,5,5,5,5,5,5,5,-22.240700,114.096700,9.000000,lev15,Almucantar
Learmonth,05:05:2021,12:00:00,125,125.000000,0.041160,0.030880,0.026560,0.024360,0.031300,0.020240,0.015200,0.012680,0.009880,0.010680,0.011320,0.011640,0.644035,5,5,5,5,5,5,5,5,5,5,5,5,5,-22.240700,114.096700,9.000000,lev15,Almucantar
Learmonth,07:05:2021,12:00:00,127,127.000000,0.031000,0.021660,0.017640,0.015620,0.023760,0.013680,0.008960,0.006680,0.007260,0.008000,0.008660,0.008980,0.827976,5,5,5,5,5,5,5,5,5,5,5,5,5,-22.240700,114.096700,9.000000,lev15,Almucantar
Learmonth,08:05:2021,12:00:00,128,128.000000,0.028873,0.019609,0.015836,0.014055,0.022255,0.012282,0.007909,0.005800,0.006636,0.007327,0.007964,0.008245,0.888366,11,11,11,11,11,11,11,11,11,11,11,11,11,-22.240700,114.096700,9.000000,lev15,Almucantar
Learmonth,10:05:2021,12:00:00,130,130.000000,0.046300,0.027200,0.019900,0.016800,0.038300,0.018500,0.010700,0.007400,0.008000,0.008700,0.009200,0.009400,1.238192,1,1,1,1,1,1,1,1,1,1,1,1,1,-22.240700,114.096700,9.000000,lev15,Almucantar
Learmonth,11:05:2021,12:00:00,131,131.000000,0.039112,0.023900,0.017962,0.015413,0.032213,0.016438,0.010025,0.007213,0.006900,0.007463,0.007950,0.008188,1.150626,8,8,8,8,8,8,8,8,8,8,8,8,8,-22.240700,114.096700,9.000000,lev15,Almucantar
Learmonth,12:05:2021,12:00:00,132,132.000000,0.045220,0.025780,0.018770,0.015820,0.038120,0.018070,0.010590,0.007430,0.007070,0.007710,0.008170,0.008390,1.289522,10,10,10,10,10,10,10,10,10,10,10,10,10,-22.240700,114.096700,9.000000,lev15,Almucantar
Learmonth,13:05:2021,12:00:00,133,133.000000,0.046227,0.027509,0.020700,0.017809,0.037155,0.017727,0.010391,0.007282,0.009073,0.009791,0.010309,0.010518,1.182750,11,11,11,11,11,11,11,11,11,11,11,11,11,-22.240700,114.096700,9.000000,lev15,Almucantar
Learmonth,14:05:2021,12:00:00,134,134.000000,0.042818,0.028018,0.022327,0.019836,0.031909,0.016200,0.009809,0.007045,0.010900,0.011827,0.012500,0.012800,0.954713,11,11,11,11,11,11,11,11,11,11,11,11,11,-22.240700,114.096700,9.000000,lev15,Almucantar
Learmonth,15:05:2021,12:00:00,135,135.000000,0.043933,0.032033,0.027000,0.024700,0.029700,0.016567,0.010467,0.007633,0.014233,0.015467,0.016500,0.017033,0.722701,3,3,3,3,3,3,3,3,3,3,3,3,3,-22.240700,114.096700,9.000000,lev15,Almucantar
Learmonth,16:05:2021,12:00:00,136,136.000000,0.044244,0.032833,0.027944,0.025644,0.028978,0.016222,0.010333,0.007567,0.015256,0.016589,0.017611,0.018056,0.687545,9,9,9,9,9,9,9,9,9,9,9,9,9,-22.240700,114.096700,9.000000,lev15,Almucantar
Learmonth,17:05:2021,12:00:00,137,137.000000,0.044500,0.031225,0.025225,0.022425,0.033650,0.019450,0.012625,0.009400,0.010825,0.011750,0.012575,0.013025,0.833839,4,4,4,4,4,4,4,4,4,4,4,4,4,-22.240700,114.096700,9.000000,lev15,Almucantar
Learmonth,18:05:2021,12:00:00,138,138.000000,0.046300,0.031900,0.026450,0.024000,0.032700,0.017000,0.010600,0.007750,0.013600,0.014950,0.015900,0.016250,0.826135,2,2,2,2,2,2,2,2,2,2,2,2,2,-22.240700,114.096700,9.000000,lev15,Almucantar
Learmonth,19:05:2021,12:00:00,139,139.000000,0.056060,0.034800,0.027120,0.023800,0.043820,0.021480,0.012990,0.009280,0.012250,0.013300,0.014130,0.014520,1.067806,10,10,10,10,10,10,10,10,10,10,10,10,10,-22.240700,114.096700,9.000000,lev15,Almucantar
Learmonth,21:05:2021,12:00:00,141,141.000000,0.045720,0.028730,0.021980,0.019020,0.036640,0.018920,0.011590,0.008380,0.009070,0.009820,0.010360,0.010640,1.075594,10,10,10,10,10,10,10,10,10,10,10,10,10,-22.240700,114.096700,9.000000,lev15,Almucantar
Learmonth,22:05:2021,12:00:00,142,142.000000,0.037390,0.023520,0.017690,0.015120,0.031370,0.017200,0.011060,0.008240,0.006010,0.006310,0.006650,0.006860,1.094072,10,10,10,10,10,10,10,10,10,10,10,10,10,-22.240700,114.096700,9.000000,lev15,Almucantar
Learmonth,23:05:2021,12:00:00,143,143.000000,0.053340,0.039680,0.034680,0.032400,0.032440,0.016820,0.010520,0.007700,0.020880,0.022860,0.024160,0.024680,0.636346,5,5,5,5,5,5,5,5,5,5,5,5,5,-22.240700,114.096700,9.000000,lev15,Almucantar
Learmonth,24:05:2021,12:00:00,144,144.000000,0.047150,0.038700,0.034950,0.033017,0.026467,0.015867,0.010567,0.008050,0.020650,0.022850,0.024367,0.024967,0.442205,6,6,6,6,6,6,6,6,6,6,6,6,6,-22.240700,114.096700,9.000000,lev15,Almucantar
Learmonth,25:05:2021,12:00:00,145,145.000000,0.040360,0.027670,0.022260,0.019780,0.030760,0.017070,0.010920,0.008060,0.009590,0.010570,0.011370,0.011720,0.873793,10,10,10,10,10,10,10,10,10,10,10,10,10,-22.240700,114.096700,9.000000,lev15,Almucantar
Learmonth,26:05:2021,12:00:00,146,146.000000,0.043643,0.026771,0.020314,0.017543,0.035400,0.017843,0.010786,0.007729,0.008214,0.008929,0.009500,0.009800,1.122328,7,7,7,7,7,7,7,7,7,7,7,7,7,-22.240700,114.096700,9.000000,lev15,Almucantar
Learmonth,28:05:2021,12:00:00,148,148.000000,0.075025,0.048150,0.038675,0.034750,0.056250,0.027525,0.016625,0.012150,0.018775,0.020700,0.022025,0.022575,0.981959,4,4,4,4,4,4,4,4,4,4,4,4,4,-22.240700,114.096700,9.000000,lev15,Almucantar
Learmonth,30:05:2021,12:00:00,150,150.000000,0.044320,0.037800,0.034930,0.033360,0.022890,0.014040,0.009460,0.007180,0.021420,0.023770,0.025460,0.026180,0.394740,10,10,10,10,10,10,10,10,10,10,10,10,10,-22.240700,114.096700,9.000000,lev15,Almucantar
Learmonth,04:06:2021,12:00:00,155,155.000000,0.034200,0.020267,0.014767,0.012200,0.030133,0.015733,0.009900,0.007167,0.004067,0.004533,0.004867,0.005033,1.227929,3,3,3,3,3,3,3,3,3,3,3,3,3,-22.240700,114.096700,9.000000,lev15,Almucantar
Learmonth,05:06:2021,12:00:00,156,156.000000,0.033700,0.020040,0.014800,0.012440,0.028880,0.014900,0.009360,0.006860,0.004800,0.005180,0.005460,0.005600,1.206834,5,5,5,5,5,5,5,5,5,5,5,5,5,-22.240700,114.096700,9.000000,lev15,Almucantar
Learmonth,11:06:2021,12:00:00,162,162.000000,0.050867,0.043400,0.040233,0.038500,0.032233,0.023100,0.018700,0.016400,0.018633,0.020333,0.021600,0.022133,0.349626,3,3,3,3,3,3,3,3,3,3,3,3,3,-22.240700,114.096700,9.000000,lev15,Almucantar
Learmonth,12:06:2021,12:00:00,163,163.000000,0.069800,0.062500,0.058700,0.056200,0.032300,0.020900,0.014700,0.011600,0.037500,0.041600,0.044000,0.044600,0.254296,1,1,1,1,1,1,1,1,1,1,1,1,1,-22.240700,114.096700,9.000000,lev15,Almucantar
Learmonth,13:06:2021,12:00:00,164,164.000000,0.042020,0.030920,0.025480,0.022760,0.031760,0.019860,0.013740,0.010680,0.010240,0.011060,0.011740,0.012100,0.773851,5,5,5,5,5,5,5,5,5,5,5,5,5,-22.240700,114.096700,9.000000,lev15,Almucantar
Learmonth,14:06:2021,12:00:00,165,165.000000,0.031240,0.018270,0.012840,0.010400,0.029140,0.016020,0.010450,0.007920,0.002120,0.002230,0.002410,0.002490,1.292224,10,10,10,10,10,10,10,10,10,10,10,10,10,-22.240700,114.096700,9.000000,lev15,Almucantar
Learmonth,18:06:2021,12:00:00,169,169.000000,0.037790,0.024310,0.018840,0.016380,0.029810,0.015720,0.009760,0.007050,0.007960,0.008610,0.009090,0.009310,1.027673,10,10,10,10,10,10,10,10,10,10,10,10,10,-22.240700,114.096700,9.000000,lev15,Almucantar
Learmonth,19:06:2021,12:00:00,170,170.000000,0.036520,0.023070,0.017640,0.015190,0.029900,0.015790,0.009850,0.007180,0.006630,0.007290,0.007790,0.008040,1.071181,10,10,10,10,10,10,10,10,10,10,10,10,10,-22.240700,114.096700,9.000000,lev15,Almucantar
