AERONET Data Download (Version 3 Direct Sun and Inversion Algorithms)
AERONET Version 3
Learmonth
Version 3: Almucantar Level 1.5 Inversion
The following data are cloud cleared and quality controls have been applied but these data may not have final calibration applied.  These data may change.
Daily Averages,Contact: PI=Ian_Lau; PI Email=ian.lau@csiro.au 
AERONET_AERONET_Site,Date(dd:mm:yyyy),Time(hh:mm:ss),Day_of_Year,Day_of_Year(fraction),VolC-T,REff-T,VMR-T,Std-T,VolC-F,REff-F,VMR-F,Std-F,VolC-C,REff-C,VMR-C,Std-C,N[VolC-T],N[REff-T],N[VMR-T],N[Std-T],N[VolC-F],N[REff-F],N[VMR-F],N[Std-F],N[VolC-C],N[REff-C],N[VMR-C],N[Std-C],Latitude(Degrees),Longitude(Degrees),Elevation(m),Level,Retrieval_Measurement_Scan_Type
Learmonth,27:10:2019,12:00:00,300,300.000000,0.029000,0.397000,1.153857,1.457143,0.008000,0.129714,0.147571,0.526857,0.021143,1.795286,2.502429,0.798571,7,7,7,7,7,7,7,7,7,7,7,7,-22.240700,114.096700,9.000000,lev15,Almucantar
Learmonth,28:10:2019,12:00:00,301,301.000000,0.035714,0.480286,1.343286,1.373857,0.008143,0.133714,0.152429,0.534714,0.027571,1.842714,2.514714,0.770714,7,7,7,7,7,7,7,7,7,7,7,7,-22.240700,114.096700,9.000000,lev15,Almucantar
Learmonth,29:10:2019,12:00:00,302,302.000000,0.041222,0.417556,1.211667,1.424444,0.010333,0.122556,0.138444,0.516222,0.030889,1.837333,2.467667,0.751333,9,9,9,9,9,9,9,9,9,9,9,9,-22.240700,114.096700,9.000000,lev15,Almucantar
Learmonth,30:10:2019,12:00:00,303,303.000000,0.037400,0.379600,1.057600,1.449600,0.011000,0.128800,0.143600,0.483800,0.026600,1.806600,2.404000,0.747600,5,5,5,5,5,5,5,5,5,5,5,5,-22.240700,114.096700,9.000000,lev15,Almucantar
Learmonth,31:10:2019,12:00:00,304,304.000000,0.034600,0.551400,1.318200,1.244600,0.006800,0.145400,0.166000,0.519600,0.027600,1.709200,2.218400,0.717600,5,5,5,5,5,5,5,5,5,5,5,5,-22.240700,114.096700,9.000000,lev15,Almucantar
Learmonth,01:11:2019,12:00:00,305,305.000000,0.069000,1.146000,2.462600,1.000000,0.004400,0.152200,0.178800,0.574800,0.064400,2.221000,2.972600,0.720000,5,5,5,5,5,5,5,5,5,5,5,5,-22.240700,114.096700,9.000000,lev15,Almucantar
Learmonth,02:11:2019,12:00:00,306,306.000000,0.037000,0.948000,1.789500,1.005000,0.004000,0.194000,0.229000,0.543500,0.033500,1.708500,2.265500,0.743500,2,2,2,2,2,2,2,2,2,2,2,2,-22.240700,114.096700,9.000000,lev15,Almucantar
Learmonth,03:11:2019,12:00:00,307,307.000000,0.023600,0.709700,1.709700,1.240900,0.003600,0.156700,0.182500,0.556000,0.020000,1.910300,2.625900,0.787600,10,10,10,10,10,10,10,10,10,10,10,10,-22.240700,114.096700,9.000000,lev15,Almucantar
Learmonth,04:11:2019,12:00:00,308,308.000000,0.035500,0.898000,2.408500,1.170500,0.003667,0.138500,0.159000,0.536167,0.031667,2.588667,3.401833,0.679667,6,6,6,6,6,6,6,6,6,6,6,6,-22.240700,114.096700,9.000000,lev15,Almucantar
Learmonth,05:11:2019,12:00:00,309,309.000000,0.067833,0.977500,2.581000,1.083000,0.006000,0.126667,0.142167,0.502167,0.061833,2.728167,3.406500,0.615833,6,6,6,6,6,6,6,6,6,6,6,6,-22.240700,114.096700,9.000000,lev15,Almucantar
Learmonth,06:11:2019,12:00:00,310,310.000000,0.076000,1.112750,2.584000,1.004500,0.005000,0.125500,0.144500,0.544750,0.070750,2.550750,3.207000,0.634000,4,4,4,4,4,4,4,4,4,4,4,4,-22.240700,114.096700,9.000000,lev15,Almucantar
Learmonth,07:11:2019,12:00:00,311,311.000000,0.101875,0.974000,2.232750,1.010500,0.006750,0.118375,0.138125,0.580750,0.095125,2.221750,2.794875,0.644625,8,8,8,8,8,8,8,8,8,8,8,8,-22.240700,114.096700,9.000000,lev15,Almucantar
Learmonth,08:11:2019,12:00:00,312,312.000000,0.080500,0.653250,1.695750,1.169875,0.010125,0.117750,0.133625,0.527750,0.070500,1.961125,2.462625,0.662500,8,8,8,8,8,8,8,8,8,8,8,8,-22.240700,114.096700,9.000000,lev15,Almucantar
Learmonth,09:11:2019,12:00:00,313,313.000000,0.062000,0.525857,1.290143,1.211000,0.011143,0.124714,0.143714,0.554857,0.051143,1.643714,2.066714,0.678429,7,7,7,7,7,7,7,7,7,7,7,7,-22.240700,114.096700,9.000000,lev15,Almucantar
Learmonth,10:11:2019,12:00:00,314,314.000000,0.034200,0.380000,1.038000,1.397200,0.009200,0.121800,0.136600,0.501400,0.024800,1.728200,2.208000,0.695800,5,5,5,5,5,5,5,5,5,5,5,5,-22.240700,114.096700,9.000000,lev15,Almucantar
Learmonth,11:11:2019,12:00:00,315,315.000000,0.040857,0.348000,0.914857,1.420000,0.013143,0.121571,0.134143,0.454143,0.027857,1.684429,2.130143,0.685714,7,7,7,7,7,7,7,7,7,7,7,7,-22.240700,114.096700,9.000000,lev15,Almucantar
Learmonth,12:11:2019,12:00:00,316,316.000000,0.030875,0.369000,0.885250,1.325750,0.009000,0.130750,0.146125,0.488875,0.021750,1.506625,1.884000,0.678625,8,8,8,8,8,8,8,8,8,8,8,8,-22.240700,114.096700,9.000000,lev15,Almucantar
Learmonth,13:11:2019,12:00:00,317,317.000000,0.031000,0.429625,0.956500,1.207250,0.007250,0.140875,0.162375,0.550000,0.023750,1.344750,1.704125,0.703125,8,8,8,8,8,8,8,8,8,8,8,8,-22.240700,114.096700,9.000000,lev15,Almucantar
Learmonth,14:11:2019,12:00:00,318,318.000000,0.060875,0.736375,1.690125,1.088125,0.007500,0.134625,0.155500,0.555875,0.053750,1.865125,2.335250,0.654500,8,8,8,8,8,8,8,8,8,8,8,8,-22.240700,114.096700,9.000000,lev15,Almucantar
Learmonth,15:11:2019,12:00:00,319,319.000000,0.076667,0.849333,1.988500,1.111000,0.007833,0.141000,0.164167,0.567333,0.069167,1.978667,2.642833,0.742167,6,6,6,6,6,6,6,6,6,6,6,6,-22.240700,114.096700,9.000000,lev15,Almucantar
Learmonth,16:11:2019,12:00:00,320,320.000000,0.100000,0.765167,1.929667,1.151000,0.010333,0.124667,0.146667,0.596000,0.089500,1.949167,2.615667,0.751333,6,6,6,6,6,6,6,6,6,6,6,6,-22.240700,114.096700,9.000000,lev15,Almucantar
Learmonth,17:11:2019,12:00:00,321,321.000000,0.114857,1.134571,2.465714,1.013000,0.007571,0.142571,0.168000,0.582857,0.107571,2.245429,2.989714,0.720286,7,7,7,7,7,7,7,7,7,7,7,7,-22.240700,114.096700,9.000000,lev15,Almucantar
Learmonth,18:11:2019,12:00:00,322,322.000000,0.105833,1.021833,2.426667,1.057500,0.007667,0.129000,0.152667,0.603500,0.098500,2.244000,3.012500,0.730000,6,6,6,6,6,6,6,6,6,6,6,6,-22.240700,114.096700,9.000000,lev15,Almucantar
Learmonth,19:11:2019,12:00:00,323,323.000000,0.087167,0.878500,2.020667,1.086333,0.008333,0.138333,0.161833,0.577333,0.079000,1.978500,2.627667,0.732333,6,6,6,6,6,6,6,6,6,6,6,6,-22.240700,114.096700,9.000000,lev15,Almucantar
Learmonth,20:11:2019,12:00:00,324,324.000000,0.067400,0.857200,1.996200,1.096200,0.006800,0.139200,0.161600,0.557200,0.060800,2.018800,2.647200,0.715600,5,5,5,5,5,5,5,5,5,5,5,5,-22.240700,114.096700,9.000000,lev15,Almucantar
Learmonth,21:11:2019,12:00:00,325,325.000000,0.044900,0.680300,1.658600,1.181900,0.006200,0.141200,0.162500,0.544000,0.038700,1.835800,2.431400,0.737900,10,10,10,10,10,10,10,10,10,10,10,10,-22.240700,114.096700,9.000000,lev15,Almucantar
Learmonth,22:11:2019,12:00:00,326,326.000000,0.045000,0.535100,1.298800,1.254600,0.009100,0.145400,0.164500,0.508700,0.036100,1.666000,2.190400,0.742100,10,10,10,10,10,10,10,10,10,10,10,10,-22.240700,114.096700,9.000000,lev15,Almucantar
Learmonth,23:11:2019,12:00:00,327,327.000000,0.044857,0.374857,0.940714,1.378714,0.013571,0.135857,0.151143,0.473286,0.031286,1.610857,2.092857,0.730286,7,7,7,7,7,7,7,7,7,7,7,7,-22.240700,114.096700,9.000000,lev15,Almucantar
Learmonth,24:11:2019,12:00:00,328,328.000000,0.040125,0.380500,0.921375,1.353500,0.012000,0.138500,0.154625,0.486625,0.028125,1.511000,1.979125,0.749750,8,8,8,8,8,8,8,8,8,8,8,8,-22.240700,114.096700,9.000000,lev15,Almucantar
Learmonth,25:11:2019,12:00:00,329,329.000000,0.025000,0.367714,0.814286,1.302857,0.008000,0.147714,0.166857,0.501857,0.016857,1.340143,1.759000,0.769143,7,7,7,7,7,7,7,7,7,7,7,7,-22.240700,114.096700,9.000000,lev15,Almucantar
Learmonth,26:11:2019,12:00:00,330,330.000000,0.043667,0.405833,1.003000,1.336500,0.011667,0.134333,0.150000,0.483500,0.032000,1.560667,2.019500,0.733500,6,6,6,6,6,6,6,6,6,6,6,6,-22.240700,114.096700,9.000000,lev15,Almucantar
Learmonth,27:11:2019,12:00:00,331,331.000000,0.073667,0.558667,1.251833,1.183333,0.013333,0.143000,0.162000,0.511500,0.060000,1.552167,1.984000,0.710833,6,6,6,6,6,6,6,6,6,6,6,6,-22.240700,114.096700,9.000000,lev15,Almucantar
Learmonth,28:11:2019,12:00:00,332,332.000000,0.049333,0.660500,1.365500,1.152500,0.008833,0.174833,0.201500,0.519000,0.040333,1.509333,2.036000,0.790167,6,6,6,6,6,6,6,6,6,6,6,6,-22.240700,114.096700,9.000000,lev15,Almucantar
Learmonth,29:11:2019,12:00:00,333,333.000000,0.055500,0.864167,1.903167,1.116833,0.006333,0.165167,0.194333,0.560500,0.049333,1.848667,2.544667,0.785833,6,6,6,6,6,6,6,6,6,6,6,6,-22.240700,114.096700,9.000000,lev15,Almucantar
Learmonth,30:11:2019,12:00:00,334,334.000000,0.275667,1.289667,2.361167,0.840167,0.011000,0.119000,0.142833,0.637167,0.264833,2.159000,2.649833,0.615667,6,6,6,6,6,6,6,6,6,6,6,6,-22.240700,114.096700,9.000000,lev15,Almucantar
Learmonth,01:12:2019,12:00:00,335,335.000000,0.211500,1.172500,2.261750,0.884000,0.010125,0.119000,0.139875,0.597000,0.201250,2.125500,2.605875,0.620750,8,8,8,8,8,8,8,8,8,8,8,8,-22.240700,114.096700,9.000000,lev15,Almucantar
Learmonth,02:12:2019,12:00:00,336,336.000000,0.122778,1.044000,2.241111,0.986556,0.008444,0.132333,0.152444,0.544556,0.114333,2.164778,2.742667,0.663556,9,9,9,9,9,9,9,9,9,9,9,9,-22.240700,114.096700,9.000000,lev15,Almucantar
Learmonth,03:12:2019,12:00:00,337,337.000000,0.048333,0.913167,2.101000,1.098167,0.005000,0.155167,0.178833,0.533833,0.043167,2.093000,2.790500,0.729667,6,6,6,6,6,6,6,6,6,6,6,6,-22.240700,114.096700,9.000000,lev15,Almucantar
Learmonth,04:12:2019,12:00:00,338,338.000000,0.045286,0.917714,2.116286,1.095429,0.004571,0.151429,0.173571,0.530286,0.040714,2.121286,2.806571,0.719429,7,7,7,7,7,7,7,7,7,7,7,7,-22.240700,114.096700,9.000000,lev15,Almucantar
Learmonth,05:12:2019,12:00:00,339,339.000000,0.050000,0.896000,1.859600,1.044800,0.005000,0.157400,0.182000,0.540400,0.045200,1.837400,2.396600,0.724000,5,5,5,5,5,5,5,5,5,5,5,5,-22.240700,114.096700,9.000000,lev15,Almucantar
Learmonth,06:12:2019,12:00:00,340,340.000000,0.045333,0.878833,1.858667,1.069333,0.004500,0.159833,0.184333,0.534000,0.040667,1.877667,2.463167,0.723333,6,6,6,6,6,6,6,6,6,6,6,6,-22.240700,114.096700,9.000000,lev15,Almucantar
Learmonth,07:12:2019,12:00:00,341,341.000000,0.043889,0.800667,1.736111,1.071667,0.004667,0.144333,0.165667,0.533556,0.039111,1.836444,2.335889,0.684000,9,9,9,9,9,9,9,9,9,9,9,9,-22.240700,114.096700,9.000000,lev15,Almucantar
Learmonth,08:12:2019,12:00:00,342,342.000000,0.070571,0.990286,1.980571,0.999571,0.005286,0.141286,0.165000,0.567000,0.065286,1.906714,2.440143,0.694571,7,7,7,7,7,7,7,7,7,7,7,7,-22.240700,114.096700,9.000000,lev15,Almucantar
Learmonth,09:12:2019,12:00:00,343,343.000000,0.033000,0.889143,1.833714,1.072857,0.003429,0.170286,0.199143,0.548857,0.029714,1.780286,2.395143,0.766286,7,7,7,7,7,7,7,7,7,7,7,7,-22.240700,114.096700,9.000000,lev15,Almucantar
Learmonth,10:12:2019,12:00:00,344,344.000000,0.035444,0.669222,1.671222,1.214111,0.005333,0.146778,0.169222,0.546778,0.030111,1.836556,2.500000,0.773222,9,9,9,9,9,9,9,9,9,9,9,9,-22.240700,114.096700,9.000000,lev15,Almucantar
Learmonth,11:12:2019,12:00:00,345,345.000000,0.044857,0.600000,1.399000,1.203571,0.007714,0.148857,0.172143,0.548286,0.037000,1.617714,2.158714,0.766714,7,7,7,7,7,7,7,7,7,7,7,7,-22.240700,114.096700,9.000000,lev15,Almucantar
Learmonth,12:12:2019,12:00:00,346,346.000000,0.073714,0.868429,1.966429,1.086429,0.007286,0.142286,0.164714,0.554143,0.066571,1.978143,2.596571,0.717714,7,7,7,7,7,7,7,7,7,7,7,7,-22.240700,114.096700,9.000000,lev15,Almucantar
Learmonth,13:12:2019,12:00:00,347,347.000000,0.071600,0.867800,1.914400,1.080600,0.007000,0.142800,0.169200,0.592200,0.064800,1.860200,2.476600,0.751200,5,5,5,5,5,5,5,5,5,5,5,5,-22.240700,114.096700,9.000000,lev15,Almucantar
Learmonth,14:12:2019,12:00:00,348,348.000000,0.037222,0.682556,1.577222,1.161444,0.005444,0.149778,0.171778,0.531000,0.032000,1.753111,2.307000,0.739444,9,9,9,9,9,9,9,9,9,9,9,9,-22.240700,114.096700,9.000000,lev15,Almucantar
Learmonth,15:12:2019,12:00:00,349,349.000000,0.048400,0.678600,1.422800,1.087200,0.007000,0.151400,0.175200,0.546000,0.041600,1.574600,2.002400,0.701600,5,5,5,5,5,5,5,5,5,5,5,5,-22.240700,114.096700,9.000000,lev15,Almucantar
Learmonth,16:12:2019,12:00:00,350,350.000000,0.028333,0.475333,1.055667,1.216167,0.006500,0.147833,0.168167,0.517500,0.021500,1.453167,1.853167,0.710667,6,6,6,6,6,6,6,6,6,6,6,6,-22.240700,114.096700,9.000000,lev15,Almucantar
Learmonth,17:12:2019,12:00:00,351,351.000000,0.028833,0.571333,1.251500,1.219167,0.006333,0.163333,0.184667,0.488333,0.022333,1.595500,2.101167,0.750667,6,6,6,6,6,6,6,6,6,6,6,6,-22.240700,114.096700,9.000000,lev15,Almucantar
Learmonth,18:12:2019,12:00:00,352,352.000000,0.042333,0.774833,1.882667,1.166500,0.005000,0.143833,0.164333,0.525833,0.037000,2.018000,2.674833,0.731000,6,6,6,6,6,6,6,6,6,6,6,6,-22.240700,114.096700,9.000000,lev15,Almucantar
Learmonth,19:12:2019,12:00:00,353,353.000000,0.056750,0.748500,1.700000,1.126500,0.007000,0.141750,0.161500,0.520750,0.050250,1.848000,2.382500,0.705500,4,4,4,4,4,4,4,4,4,4,4,4,-22.240700,114.096700,9.000000,lev15,Almucantar
Learmonth,20:12:2019,12:00:00,354,354.000000,0.025000,0.828500,1.733750,1.123000,0.003250,0.191750,0.217000,0.478250,0.021500,1.755000,2.410500,0.794750,4,4,4,4,4,4,4,4,4,4,4,4,-22.240700,114.096700,9.000000,lev15,Almucantar
Learmonth,21:12:2019,12:00:00,355,355.000000,0.044500,0.725667,1.549500,1.126833,0.006167,0.163000,0.191000,0.555833,0.038167,1.607000,2.163667,0.782000,6,6,6,6,6,6,6,6,6,6,6,6,-22.240700,114.096700,9.000000,lev15,Almucantar
Learmonth,22:12:2019,12:00:00,356,356.000000,0.070200,0.928200,1.896600,1.035800,0.006200,0.154600,0.182000,0.570000,0.063800,1.789600,2.378400,0.750600,5,5,5,5,5,5,5,5,5,5,5,5,-22.240700,114.096700,9.000000,lev15,Almucantar
Learmonth,23:12:2019,12:00:00,357,357.000000,0.055333,0.552833,1.375000,1.267000,0.010833,0.142500,0.161667,0.512667,0.044333,1.725333,2.292667,0.754000,6,6,6,6,6,6,6,6,6,6,6,6,-22.240700,114.096700,9.000000,lev15,Almucantar
Learmonth,24:12:2019,12:00:00,358,358.000000,0.061000,0.546833,1.391833,1.300667,0.012167,0.146667,0.165000,0.496000,0.048667,1.749833,2.384500,0.785333,6,6,6,6,6,6,6,6,6,6,6,6,-22.240700,114.096700,9.000000,lev15,Almucantar
Learmonth,25:12:2019,12:00:00,359,359.000000,0.066200,0.447400,1.209600,1.376200,0.016200,0.133800,0.147800,0.467400,0.050200,1.848800,2.416400,0.723200,5,5,5,5,5,5,5,5,5,5,5,5,-22.240700,114.096700,9.000000,lev15,Almucantar
Learmonth,26:12:2019,12:00:00,360,360.000000,0.084000,0.368500,1.013500,1.501000,0.027000,0.138500,0.149000,0.387000,0.056000,1.856500,2.562500,0.794000,2,2,2,2,2,2,2,2,2,2,2,2,-22.240700,114.096700,9.000000,lev15,Almucantar
Learmonth,27:12:2019,12:00:00,361,361.000000,0.154714,0.619571,1.695143,1.327143,0.026857,0.133857,0.145429,0.417714,0.127857,2.244143,2.932571,0.709429,7,7,7,7,7,7,7,7,7,7,7,7,-22.240700,114.096700,9.000000,lev15,Almucantar
Learmonth,28:12:2019,12:00:00,362,362.000000,0.096667,0.479667,1.370667,1.407667,0.023000,0.139667,0.150667,0.395000,0.073667,2.072667,2.752000,0.729333,3,3,3,3,3,3,3,3,3,3,3,3,-22.240700,114.096700,9.000000,lev15,Almucantar
Learmonth,30:12:2019,12:00:00,364,364.000000,0.076000,0.624800,1.587200,1.248200,0.013000,0.148000,0.164600,0.466000,0.063000,1.936200,2.559000,0.729600,5,5,5,5,5,5,5,5,5,5,5,5,-22.240700,114.096700,9.000000,lev15,Almucantar
Learmonth,31:12:2019,12:00:00,365,365.000000,0.087000,0.652778,1.658222,1.230444,0.013222,0.143111,0.161778,0.507111,0.073667,1.876556,2.533556,0.758667,9,9,9,9,9,9,9,9,9,9,9,9,-22.240700,114.096700,9.000000,lev15,Almucantar
Learmonth,01:01:2020,12:00:00,1,1.000000,0.067286,0.651857,1.589286,1.215286,0.010571,0.148857,0.171000,0.533429,0.056429,1.781000,2.415857,0.765429,7,7,7,7,7,7,7,7,7,7,7,7,-22.240700,114.096700,9.000000,lev15,Almucantar
Learmonth,02:01:2020,12:00:00,2,2.000000,0.066000,0.676000,1.602333,1.173667,0.013333,0.181667,0.230333,0.614000,0.052667,2.128000,2.605000,0.661333,3,3,3,3,3,3,3,3,3,3,3,3,-22.240700,114.096700,9.000000,lev15,Almucantar
Learmonth,03:01:2020,12:00:00,3,3.000000,0.140333,1.437000,2.874667,0.905333,0.006333,0.141000,0.164000,0.556000,0.134333,2.580667,3.302000,0.658667,3,3,3,3,3,3,3,3,3,3,3,3,-22.240700,114.096700,9.000000,lev15,Almucantar
Learmonth,04:01:2020,12:00:00,4,4.000000,0.043667,1.110889,2.439111,1.046222,0.003444,0.163444,0.188000,0.525667,0.040444,2.337111,3.103111,0.708667,9,9,9,9,9,9,9,9,9,9,9,9,-22.240700,114.096700,9.000000,lev15,Almucantar
Learmonth,05:01:2020,12:00:00,5,5.000000,0.051429,0.873286,1.942714,1.109714,0.005429,0.160143,0.184857,0.534714,0.045714,1.893714,2.580571,0.773429,7,7,7,7,7,7,7,7,7,7,7,7,-22.240700,114.096700,9.000000,lev15,Almucantar
Learmonth,06:01:2020,12:00:00,6,6.000000,0.075333,1.173000,2.575667,1.038667,0.005333,0.151667,0.177333,0.562667,0.070000,2.270333,3.125000,0.757667,3,3,3,3,3,3,3,3,3,3,3,3,-22.240700,114.096700,9.000000,lev15,Almucantar
Learmonth,07:01:2020,12:00:00,7,7.000000,0.059857,0.927000,1.909143,1.061143,0.005571,0.165857,0.199571,0.595286,0.054429,1.740000,2.401143,0.796714,7,7,7,7,7,7,7,7,7,7,7,7,-22.240700,114.096700,9.000000,lev15,Almucantar
Learmonth,09:01:2020,12:00:00,9,9.000000,0.145167,1.488667,2.628833,0.865667,0.004500,0.142333,0.174167,0.640333,0.140833,2.251500,2.918000,0.688833,6,6,6,6,6,6,6,6,6,6,6,6,-22.240700,114.096700,9.000000,lev15,Almucantar
Learmonth,10:01:2020,12:00:00,10,10.000000,0.087000,1.609500,3.604000,0.972000,0.003500,0.141500,0.174000,0.647500,0.083500,2.874500,4.086500,0.744500,2,2,2,2,2,2,2,2,2,2,2,2,-22.240700,114.096700,9.000000,lev15,Almucantar
Learmonth,11:01:2020,12:00:00,11,11.000000,0.094500,1.370500,2.943500,0.989500,0.005000,0.152500,0.184000,0.614500,0.089000,2.523500,3.456500,0.734000,2,2,2,2,2,2,2,2,2,2,2,2,-22.240700,114.096700,9.000000,lev15,Almucantar
Learmonth,12:01:2020,12:00:00,12,12.000000,0.075333,1.021333,2.313667,1.075333,0.007000,0.162000,0.190333,0.560333,0.068667,2.190000,2.976333,0.739667,3,3,3,3,3,3,3,3,3,3,3,3,-22.240700,114.096700,9.000000,lev15,Almucantar
Learmonth,13:01:2020,12:00:00,13,13.000000,0.089000,0.894000,1.871000,1.053000,0.010000,0.171000,0.198000,0.536000,0.079000,1.897000,2.475000,0.711000,1,1,1,1,1,1,1,1,1,1,1,1,-22.240700,114.096700,9.000000,lev15,Almucantar
Learmonth,14:01:2020,12:00:00,14,14.000000,0.044000,0.895750,1.845500,1.075000,0.004500,0.167250,0.194000,0.536750,0.039500,1.762500,2.391500,0.778500,4,4,4,4,4,4,4,4,4,4,4,4,-22.240700,114.096700,9.000000,lev15,Almucantar
Learmonth,15:01:2020,12:00:00,15,15.000000,0.047500,0.614500,1.415500,1.199500,0.008000,0.152500,0.175500,0.542500,0.039000,1.594500,2.156000,0.784500,2,2,2,2,2,2,2,2,2,2,2,2,-22.240700,114.096700,9.000000,lev15,Almucantar
Learmonth,16:01:2020,12:00:00,16,16.000000,0.085429,0.732000,1.441714,1.015143,0.009429,0.142143,0.167000,0.580429,0.076286,1.506571,1.884714,0.682000,7,7,7,7,7,7,7,7,7,7,7,7,-22.240700,114.096700,9.000000,lev15,Almucantar
Learmonth,17:01:2020,12:00:00,17,17.000000,0.040667,0.707667,1.259500,0.981833,0.005000,0.168833,0.199500,0.567833,0.035667,1.311833,1.643500,0.703667,6,6,6,6,6,6,6,6,6,6,6,6,-22.240700,114.096700,9.000000,lev15,Almucantar
Learmonth,18:01:2020,12:00:00,18,18.000000,0.051833,0.729500,1.380667,1.038167,0.006500,0.169333,0.198833,0.557333,0.045167,1.413667,1.834500,0.748333,6,6,6,6,6,6,6,6,6,6,6,6,-22.240700,114.096700,9.000000,lev15,Almucantar
Learmonth,19:01:2020,12:00:00,19,19.000000,0.060833,0.760833,1.396500,1.004000,0.006833,0.166167,0.197833,0.578667,0.054000,1.392667,1.790667,0.738833,6,6,6,6,6,6,6,6,6,6,6,6,-22.240700,114.096700,9.000000,lev15,Almucantar
Learmonth,20:01:2020,12:00:00,20,20.000000,0.036714,0.800571,1.360286,0.948714,0.004286,0.196571,0.228714,0.523714,0.032429,1.377000,1.736143,0.701857,7,7,7,7,7,7,7,7,7,7,7,7,-22.240700,114.096700,9.000000,lev15,Almucantar
Learmonth,21:01:2020,12:00:00,21,21.000000,0.047000,0.796714,1.583857,1.094714,0.007000,0.197143,0.222143,0.471571,0.040286,1.652571,2.215714,0.770714,7,7,7,7,7,7,7,7,7,7,7,7,-22.240700,114.096700,9.000000,lev15,Almucantar
Learmonth,22:01:2020,12:00:00,22,22.000000,0.033000,0.723571,1.513571,1.183286,0.007143,0.220143,0.244857,0.440429,0.026143,1.848857,2.491286,0.767000,7,7,7,7,7,7,7,7,7,7,7,7,-22.240700,114.096700,9.000000,lev15,Almucantar
Learmonth,23:01:2020,12:00:00,23,23.000000,0.039375,0.908000,1.971250,1.136000,0.004875,0.186000,0.211000,0.485125,0.034750,2.044000,2.782000,0.758500,8,8,8,8,8,8,8,8,8,8,8,8,-22.240700,114.096700,9.000000,lev15,Almucantar
Learmonth,24:01:2020,12:00:00,24,24.000000,0.059600,0.948900,1.990000,1.069800,0.006200,0.177300,0.205200,0.523900,0.053500,1.927800,2.595100,0.755300,10,10,10,10,10,10,10,10,10,10,10,10,-22.240700,114.096700,9.000000,lev15,Almucantar
Learmonth,25:01:2020,12:00:00,25,25.000000,0.112600,1.210200,2.297900,0.966400,0.009400,0.198500,0.228100,0.514000,0.103000,2.239700,2.874500,0.680800,10,10,10,10,10,10,10,10,10,10,10,10,-22.240700,114.096700,9.000000,lev15,Almucantar
Learmonth,26:01:2020,12:00:00,26,26.000000,0.061000,0.796778,1.690889,1.181111,0.014444,0.255222,0.283667,0.438000,0.046556,2.291111,2.943222,0.695444,9,9,9,9,9,9,9,9,9,9,9,9,-22.240700,114.096700,9.000000,lev15,Almucantar
Learmonth,27:01:2020,12:00:00,27,27.000000,0.048571,0.883714,1.796571,1.084429,0.006000,0.192571,0.221571,0.506857,0.042857,1.753714,2.398429,0.785714,7,7,7,7,7,7,7,7,7,7,7,7,-22.240700,114.096700,9.000000,lev15,Almucantar
Learmonth,28:01:2020,12:00:00,28,28.000000,0.065250,1.236625,2.771750,1.065250,0.004625,0.180125,0.211125,0.541750,0.060625,2.381375,3.410250,0.788625,8,8,8,8,8,8,8,8,8,8,8,8,-22.240700,114.096700,9.000000,lev15,Almucantar
Learmonth,29:01:2020,12:00:00,29,29.000000,0.074000,1.138000,2.402750,1.054750,0.005750,0.180750,0.214250,0.562000,0.068250,2.088500,2.959500,0.796000,4,4,4,4,4,4,4,4,4,4,4,4,-22.240700,114.096700,9.000000,lev15,Almucantar
Learmonth,30:01:2020,12:00:00,30,30.000000,0.095000,1.385167,2.426833,0.897667,0.003667,0.162167,0.193667,0.585000,0.091000,2.151333,2.778500,0.690500,6,6,6,6,6,6,6,6,6,6,6,6,-22.240700,114.096700,9.000000,lev15,Almucantar
Learmonth,31:01:2020,12:00:00,31,31.000000,0.053714,1.217143,2.335286,0.984571,0.003286,0.176429,0.206714,0.542286,0.050286,2.105286,2.811714,0.733429,7,7,7,7,7,7,7,7,7,7,7,7,-22.240700,114.096700,9.000000,lev15,Almucantar
Learmonth,01:02:2020,12:00:00,32,32.000000,0.016800,0.636600,1.435000,1.213400,0.003400,0.184400,0.209400,0.493800,0.013000,1.773600,2.376400,0.753600,5,5,5,5,5,5,5,5,5,5,5,5,-22.240700,114.096700,9.000000,lev15,Almucantar
Learmonth,02:02:2020,12:00:00,33,33.000000,0.064167,0.992667,1.740167,0.960667,0.005833,0.218500,0.248500,0.470667,0.058333,1.620000,2.146000,0.738500,6,6,6,6,6,6,6,6,6,6,6,6,-22.240700,114.096700,9.000000,lev15,Almucantar
Learmonth,03:02:2020,12:00:00,34,34.000000,0.071857,1.093857,2.040857,0.991143,0.005714,0.199143,0.232000,0.523143,0.066143,1.795857,2.460143,0.775429,7,7,7,7,7,7,7,7,7,7,7,7,-22.240700,114.096700,9.000000,lev15,Almucantar
Learmonth,04:02:2020,12:00:00,35,35.000000,0.064000,0.971500,1.837000,1.019000,0.006000,0.192500,0.229000,0.555000,0.058000,1.665000,2.276000,0.788000,2,2,2,2,2,2,2,2,2,2,2,2,-22.240700,114.096700,9.000000,lev15,Almucantar
Learmonth,05:02:2020,12:00:00,36,36.000000,0.061250,0.943250,1.965000,1.073750,0.006000,0.175500,0.209250,0.569250,0.055250,1.816000,2.516000,0.792000,4,4,4,4,4,4,4,4,4,4,4,4,-22.240700,114.096700,9.000000,lev15,Almucantar
Learmonth,09:02:2020,12:00:00,40,40.000000,0.043000,0.885000,1.763000,1.055250,0.004250,0.171250,0.202000,0.563500,0.039000,1.664500,2.250750,0.780750,4,4,4,4,4,4,4,4,4,4,4,4,-22.240700,114.096700,9.000000,lev15,Almucantar
Learmonth,10:02:2020,12:00:00,41,41.000000,0.107000,1.147250,1.930000,0.891000,0.006500,0.186250,0.220000,0.554000,0.100500,1.729250,2.221000,0.705500,4,4,4,4,4,4,4,4,4,4,4,4,-22.240700,114.096700,9.000000,lev15,Almucantar
Learmonth,11:02:2020,12:00:00,42,42.000000,0.071000,1.018500,1.731250,0.908250,0.006250,0.198000,0.228500,0.501500,0.065250,1.653750,2.089500,0.679500,4,4,4,4,4,4,4,4,4,4,4,4,-22.240700,114.096700,9.000000,lev15,Almucantar
Learmonth,12:02:2020,12:00:00,43,43.000000,0.041600,0.777000,1.393400,0.998000,0.006000,0.203600,0.232000,0.485600,0.036000,1.471800,1.878400,0.704200,5,5,5,5,5,5,5,5,5,5,5,5,-22.240700,114.096700,9.000000,lev15,Almucantar
Learmonth,13:02:2020,12:00:00,44,44.000000,0.034333,0.756167,1.357667,1.000500,0.004500,0.195000,0.224167,0.502000,0.029667,1.432833,1.825167,0.711667,6,6,6,6,6,6,6,6,6,6,6,6,-22.240700,114.096700,9.000000,lev15,Almucantar
Learmonth,14:02:2020,12:00:00,45,45.000000,0.022333,0.635000,1.144333,1.052667,0.004167,0.205167,0.229500,0.456167,0.018000,1.341333,1.716500,0.726500,6,6,6,6,6,6,6,6,6,6,6,6,-22.240700,114.096700,9.000000,lev15,Almucantar
Learmonth,15:02:2020,12:00:00,46,46.000000,0.032200,0.703200,1.274400,1.017200,0.005000,0.189800,0.218000,0.503600,0.027400,1.387800,1.758200,0.709600,5,5,5,5,5,5,5,5,5,5,5,5,-22.240700,114.096700,9.000000,lev15,Almucantar
Learmonth,16:02:2020,12:00:00,47,47.000000,0.060667,1.051833,1.995833,0.982000,0.004667,0.172833,0.203667,0.557667,0.056333,1.831167,2.417833,0.736000,6,6,6,6,6,6,6,6,6,6,6,6,-22.240700,114.096700,9.000000,lev15,Almucantar
Learmonth,17:02:2020,12:00:00,48,48.000000,0.032125,0.739875,1.438375,1.074125,0.005000,0.192375,0.219625,0.493000,0.027125,1.535750,2.020625,0.752875,8,8,8,8,8,8,8,8,8,8,8,8,-22.240700,114.096700,9.000000,lev15,Almucantar
Learmonth,18:02:2020,12:00:00,49,49.000000,0.049333,0.750000,1.502667,1.055667,0.006333,0.162667,0.192000,0.569667,0.043333,1.562000,2.020667,0.730000,3,3,3,3,3,3,3,3,3,3,3,3,-22.240700,114.096700,9.000000,lev15,Almucantar
Learmonth,19:02:2020,12:00:00,50,50.000000,0.065167,0.946667,1.713667,0.989333,0.006000,0.189000,0.220333,0.530667,0.059167,1.604667,2.114333,0.757000,6,6,6,6,6,6,6,6,6,6,6,6,-22.240700,114.096700,9.000000,lev15,Almucantar
Learmonth,20:02:2020,12:00:00,51,51.000000,0.071429,0.949571,1.813000,0.985714,0.006286,0.160429,0.187143,0.551857,0.065429,1.730714,2.234571,0.712143,7,7,7,7,7,7,7,7,7,7,7,7,-22.240700,114.096700,9.000000,lev15,Almucantar
Learmonth,21:02:2020,12:00:00,52,52.000000,0.049600,0.768600,1.428000,1.000200,0.006000,0.171800,0.196800,0.512800,0.043400,1.493600,1.881600,0.691000,5,5,5,5,5,5,5,5,5,5,5,5,-22.240700,114.096700,9.000000,lev15,Almucantar
Learmonth,22:02:2020,12:00:00,53,53.000000,0.024167,0.644667,1.218500,1.078667,0.004333,0.201000,0.224167,0.451333,0.019667,1.413167,1.836667,0.738833,6,6,6,6,6,6,6,6,6,6,6,6,-22.240700,114.096700,9.000000,lev15,Almucantar
Learmonth,23:02:2020,12:00:00,54,54.000000,0.026200,0.731000,1.394000,1.072000,0.004200,0.207000,0.231800,0.451200,0.021400,1.532400,2.013400,0.742200,5,5,5,5,5,5,5,5,5,5,5,5,-22.240700,114.096700,9.000000,lev15,Almucantar
Learmonth,24:02:2020,12:00:00,55,55.000000,0.018857,0.649714,1.240571,1.090143,0.003286,0.187000,0.213714,0.497000,0.015571,1.430857,1.852857,0.745714,7,7,7,7,7,7,7,7,7,7,7,7,-22.240700,114.096700,9.000000,lev15,Almucantar
Learmonth,25:02:2020,12:00:00,56,56.000000,0.058857,0.992857,1.868143,0.974857,0.004286,0.166143,0.200429,0.595571,0.054714,1.702000,2.250000,0.740571,7,7,7,7,7,7,7,7,7,7,7,7,-22.240700,114.096700,9.000000,lev15,Almucantar
Learmonth,26:02:2020,12:00:00,57,57.000000,0.072500,1.104500,2.041500,0.936000,0.004500,0.158500,0.194500,0.630000,0.067500,1.836500,2.389000,0.716500,2,2,2,2,2,2,2,2,2,2,2,2,-22.240700,114.096700,9.000000,lev15,Almucantar
Learmonth,28:02:2020,12:00:00,59,59.000000,0.046000,0.941333,1.805667,1.020333,0.004167,0.181833,0.213333,0.544333,0.041333,1.685333,2.260833,0.768000,6,6,6,6,6,6,6,6,6,6,6,6,-22.240700,114.096700,9.000000,lev15,Almucantar
Learmonth,29:02:2020,12:00:00,60,60.000000,0.051250,0.938750,1.954750,1.042500,0.004750,0.154750,0.183250,0.581750,0.046500,1.841500,2.458250,0.750750,4,4,4,4,4,4,4,4,4,4,4,4,-22.240700,114.096700,9.000000,lev15,Almucantar
Learmonth,01:03:2020,12:00:00,61,61.000000,0.052143,0.967143,1.955714,1.029571,0.004571,0.166000,0.193571,0.546143,0.047286,1.851429,2.459000,0.744000,7,7,7,7,7,7,7,7,7,7,7,7,-22.240700,114.096700,9.000000,lev15,Almucantar
Learmonth,02:03:2020,12:00:00,62,62.000000,0.037000,0.814000,1.585857,1.049571,0.004429,0.176429,0.206286,0.544429,0.032857,1.570571,2.080429,0.762429,7,7,7,7,7,7,7,7,7,7,7,7,-22.240700,114.096700,9.000000,lev15,Almucantar
Learmonth,03:03:2020,12:00:00,63,63.000000,0.061600,0.944400,1.736600,0.960400,0.004800,0.163000,0.197400,0.605800,0.056600,1.635800,2.102200,0.719000,5,5,5,5,5,5,5,5,5,5,5,5,-22.240700,114.096700,9.000000,lev15,Almucantar
Learmonth,04:03:2020,12:00:00,64,64.000000,0.046000,0.727000,1.301000,0.952000,0.005000,0.153000,0.183000,0.590000,0.041000,1.364000,1.663000,0.660000,1,1,1,1,1,1,1,1,1,1,1,1,-22.240700,114.096700,9.000000,lev15,Almucantar
Learmonth,05:03:2020,12:00:00,65,65.000000,0.029143,0.718429,1.249857,1.001286,0.004714,0.207000,0.236286,0.485571,0.024714,1.331429,1.703000,0.730143,7,7,7,7,7,7,7,7,7,7,7,7,-22.240700,114.096700,9.000000,lev15,Almucantar
Learmonth,06:03:2020,12:00:00,66,66.000000,0.031875,0.708500,1.319750,1.035250,0.004750,0.183125,0.212125,0.523250,0.027125,1.416500,1.813625,0.725250,8,8,8,8,8,8,8,8,8,8,8,8,-22.240700,114.096700,9.000000,lev15,Almucantar
Learmonth,07:03:2020,12:00:00,67,67.000000,0.041778,0.914778,1.769222,1.010444,0.004111,0.181000,0.208111,0.512111,0.037667,1.756556,2.275111,0.715889,9,9,9,9,9,9,9,9,9,9,9,9,-22.240700,114.096700,9.000000,lev15,Almucantar
Learmonth,04:05:2020,12:00:00,125,125.000000,0.069000,0.799000,2.158000,1.164571,0.007429,0.123714,0.139857,0.521143,0.061571,2.295286,2.996714,0.692000,7,7,7,7,7,7,7,7,7,7,7,7,-22.240700,114.096700,9.000000,lev15,Almucantar
Learmonth,05:05:2020,12:00:00,126,126.000000,0.046000,0.914750,2.117000,1.075250,0.004250,0.140250,0.162500,0.557500,0.041750,2.112000,2.766250,0.701250,4,4,4,4,4,4,4,4,4,4,4,4,-22.240700,114.096700,9.000000,lev15,Almucantar
Learmonth,06:05:2020,12:00:00,127,127.000000,0.031167,0.967167,1.944500,1.040667,0.003167,0.189167,0.218167,0.510167,0.027833,1.884833,2.515667,0.742167,6,6,6,6,6,6,6,6,6,6,6,6,-22.240700,114.096700,9.000000,lev15,Almucantar
Learmonth,07:05:2020,12:00:00,128,128.000000,0.016250,0.768917,1.465583,1.096500,0.002833,0.220667,0.247750,0.452667,0.013500,1.555833,2.109417,0.792750,12,12,12,12,12,12,12,12,12,12,12,12,-22.240700,114.096700,9.000000,lev15,Almucantar
Learmonth,11:05:2020,12:00:00,132,132.000000,0.016625,0.530625,1.367875,1.323250,0.003750,0.152000,0.170750,0.483125,0.013000,1.894875,2.522375,0.737250,8,8,8,8,8,8,8,8,8,8,8,8,-22.240700,114.096700,9.000000,lev15,Almucantar
Learmonth,12:05:2020,12:00:00,133,133.000000,0.013000,0.384462,0.983385,1.439538,0.004538,0.148154,0.166000,0.480000,0.008385,1.757462,2.425077,0.790154,13,13,13,13,13,13,13,13,13,13,13,13,-22.240700,114.096700,9.000000,lev15,Almucantar
Learmonth,13:05:2020,12:00:00,134,134.000000,0.013846,0.664385,1.547769,1.233846,0.002769,0.178769,0.201769,0.483769,0.011308,1.811385,2.498615,0.785385,13,13,13,13,13,13,13,13,13,13,13,13,-22.240700,114.096700,9.000000,lev15,Almucantar
Learmonth,14:05:2020,12:00:00,135,135.000000,0.022100,0.836000,1.916900,1.163700,0.003000,0.181300,0.208000,0.514200,0.018800,2.155700,2.852400,0.720400,10,10,10,10,10,10,10,10,10,10,10,10,-22.240700,114.096700,9.000000,lev15,Almucantar
Learmonth,15:05:2020,12:00:00,136,136.000000,0.014000,0.694286,1.627714,1.243714,0.003000,0.196857,0.221429,0.483143,0.011000,2.143000,2.821571,0.720143,7,7,7,7,7,7,7,7,7,7,7,7,-22.240700,114.096700,9.000000,lev15,Almucantar
Learmonth,16:05:2020,12:00:00,137,137.000000,0.014700,0.658800,1.676300,1.306500,0.003700,0.191300,0.216400,0.496100,0.011200,2.489400,3.169500,0.666200,10,10,10,10,10,10,10,10,10,10,10,10,-22.240700,114.096700,9.000000,lev15,Almucantar
Learmonth,19:05:2020,12:00:00,140,140.000000,0.022222,0.695000,1.803889,1.247444,0.004000,0.163444,0.184778,0.491222,0.018111,2.294333,2.965444,0.679778,9,9,9,9,9,9,9,9,9,9,9,9,-22.240700,114.096700,9.000000,lev15,Almucantar
Learmonth,20:05:2020,12:00:00,141,141.000000,0.022455,0.755182,1.929545,1.207818,0.003364,0.155545,0.176091,0.497727,0.018818,2.225273,2.927091,0.703091,11,11,11,11,11,11,11,11,11,11,11,11,-22.240700,114.096700,9.000000,lev15,Almucantar
Learmonth,21:05:2020,12:00:00,142,142.000000,0.019364,0.830091,1.962364,1.181636,0.003000,0.177545,0.200182,0.480273,0.016818,2.139455,2.897364,0.741727,11,11,11,11,11,11,11,11,11,11,11,11,-22.240700,114.096700,9.000000,lev15,Almucantar
Learmonth,22:05:2020,12:00:00,143,143.000000,0.015182,0.892364,1.980455,1.140818,0.002000,0.189455,0.212909,0.469818,0.013182,2.061818,2.803727,0.753182,11,11,11,11,11,11,11,11,11,11,11,11,-22.240700,114.096700,9.000000,lev15,Almucantar
Learmonth,23:05:2020,12:00:00,144,144.000000,0.018833,0.903667,1.939667,1.105833,0.002167,0.176000,0.201167,0.505500,0.016833,2.010167,2.674000,0.729667,6,6,6,6,6,6,6,6,6,6,6,6,-22.240700,114.096700,9.000000,lev15,Almucantar
Learmonth,25:05:2020,12:00:00,146,146.000000,0.077000,1.354000,2.372000,0.919000,0.004000,0.197000,0.229000,0.519000,0.073000,2.013000,2.703000,0.745000,1,1,1,1,1,1,1,1,1,1,1,1,-22.240700,114.096700,9.000000,lev15,Almucantar
Learmonth,26:05:2020,12:00:00,147,147.000000,0.021900,0.638400,1.229500,1.078100,0.004100,0.198000,0.228600,0.534100,0.018100,1.440600,1.864400,0.742000,10,10,10,10,10,10,10,10,10,10,10,10,-22.240700,114.096700,9.000000,lev15,Almucantar
Learmonth,28:05:2020,12:00:00,149,149.000000,0.008636,0.539182,1.116455,1.251909,0.002636,0.212364,0.240364,0.476182,0.006000,1.542000,2.142182,0.844818,11,11,11,11,11,11,11,11,11,11,11,11,-22.240700,114.096700,9.000000,lev15,Almucantar
Learmonth,29:05:2020,12:00:00,150,150.000000,0.008091,0.542545,1.092818,1.226000,0.002818,0.231909,0.270909,0.521364,0.005364,1.756091,2.317364,0.774818,11,11,11,11,11,11,11,11,11,11,11,11,-22.240700,114.096700,9.000000,lev15,Almucantar
Learmonth,30:05:2020,12:00:00,151,151.000000,0.009727,0.547727,1.223818,1.250909,0.002727,0.201273,0.231000,0.511091,0.006909,1.874909,2.424818,0.720182,11,11,11,11,11,11,11,11,11,11,11,11,-22.240700,114.096700,9.000000,lev15,Almucantar
Learmonth,03:06:2020,12:00:00,155,155.000000,0.007000,0.464800,1.069100,1.338500,0.002500,0.200000,0.226700,0.502300,0.004400,2.022100,2.623000,0.720100,10,10,10,10,10,10,10,10,10,10,10,10,-22.240700,114.096700,9.000000,lev15,Almucantar
Learmonth,04:06:2020,12:00:00,156,156.000000,0.010600,0.609400,1.450000,1.285800,0.002200,0.186700,0.208600,0.464700,0.008100,1.863300,2.582600,0.789100,10,10,10,10,10,10,10,10,10,10,10,10,-22.240700,114.096700,9.000000,lev15,Almucantar
Learmonth,05:06:2020,12:00:00,157,157.000000,0.011273,0.701000,1.614909,1.223636,0.002000,0.198091,0.222364,0.472455,0.009273,1.945909,2.659364,0.772909,11,11,11,11,11,11,11,11,11,11,11,11,-22.240700,114.096700,9.000000,lev15,Almucantar
Learmonth,06:06:2020,12:00:00,158,158.000000,0.012200,0.785700,1.861300,1.207300,0.002000,0.194900,0.217700,0.462000,0.010100,2.156700,2.918600,0.741500,10,10,10,10,10,10,10,10,10,10,10,10,-22.240700,114.096700,9.000000,lev15,Almucantar
Learmonth,07:06:2020,12:00:00,159,159.000000,0.005900,0.388400,0.803600,1.340200,0.003000,0.213900,0.248800,0.552900,0.002800,2.123200,2.700600,0.709000,10,10,10,10,10,10,10,10,10,10,10,10,-22.240700,114.096700,9.000000,lev15,Almucantar
Learmonth,08:06:2020,12:00:00,160,160.000000,0.005364,0.403909,0.818727,1.335909,0.003000,0.238000,0.277000,0.555818,0.002455,2.480909,3.064727,0.651818,11,11,11,11,11,11,11,11,11,11,11,11,-22.240700,114.096700,9.000000,lev15,Almucantar
Learmonth,31:08:2020,12:00:00,244,244.000000,0.005545,0.399818,0.803000,1.296091,0.002636,0.209091,0.239000,0.518636,0.003000,1.996455,2.548273,0.716455,11,11,11,11,11,11,11,11,11,11,11,11,-22.240700,114.096700,9.000000,lev15,Almucantar
Learmonth,01:09:2020,12:00:00,245,245.000000,0.055444,1.132889,2.479889,1.025111,0.003889,0.145444,0.167444,0.539222,0.051556,2.341000,3.069778,0.697556,9,9,9,9,9,9,9,9,9,9,9,9,-22.240700,114.096700,9.000000,lev15,Almucantar
Learmonth,02:09:2020,12:00:00,246,246.000000,0.028273,0.730091,1.749182,1.199091,0.003818,0.162091,0.187273,0.536455,0.024364,1.871545,2.594273,0.786636,11,11,11,11,11,11,11,11,11,11,11,11,-22.240700,114.096700,9.000000,lev15,Almucantar
Learmonth,03:09:2020,12:00:00,247,247.000000,0.011333,0.450917,0.929833,1.242583,0.003583,0.179500,0.201083,0.470333,0.007750,1.454167,1.899333,0.754917,12,12,12,12,12,12,12,12,12,12,12,12,-22.240700,114.096700,9.000000,lev15,Almucantar
Learmonth,04:09:2020,12:00:00,248,248.000000,0.012000,0.332417,0.683167,1.324833,0.005583,0.168667,0.187333,0.457583,0.006583,1.492417,1.951500,0.762583,12,12,12,12,12,12,12,12,12,12,12,12,-22.240700,114.096700,9.000000,lev15,Almucantar
Learmonth,05:09:2020,12:00:00,249,249.000000,0.018000,0.440273,1.042818,1.352091,0.005727,0.165091,0.182727,0.448636,0.012545,1.668455,2.259909,0.779636,11,11,11,11,11,11,11,11,11,11,11,11,-22.240700,114.096700,9.000000,lev15,Almucantar
Learmonth,06:09:2020,12:00:00,250,250.000000,0.015100,0.488400,1.142700,1.306300,0.004100,0.169600,0.189100,0.463500,0.010700,1.720700,2.279200,0.749300,10,10,10,10,10,10,10,10,10,10,10,10,-22.240700,114.096700,9.000000,lev15,Almucantar
Learmonth,07:09:2020,12:00:00,251,251.000000,0.018571,0.790429,1.863429,1.193000,0.003429,0.204286,0.231286,0.481429,0.015286,2.376286,3.034429,0.663143,7,7,7,7,7,7,7,7,7,7,7,7,-22.240700,114.096700,9.000000,lev15,Almucantar
Learmonth,08:09:2020,12:00:00,252,252.000000,0.026455,0.534636,1.345818,1.307273,0.005545,0.146273,0.165091,0.500455,0.021091,1.798364,2.396182,0.747727,11,11,11,11,11,11,11,11,11,11,11,11,-22.240700,114.096700,9.000000,lev15,Almucantar
Learmonth,09:09:2020,12:00:00,253,253.000000,0.023182,0.416818,1.153455,1.442545,0.006818,0.140182,0.156273,0.475818,0.016545,1.877455,2.557636,0.770455,11,11,11,11,11,11,11,11,11,11,11,11,-22.240700,114.096700,9.000000,lev15,Almucantar
Learmonth,10:09:2020,12:00:00,254,254.000000,0.029000,0.479000,1.161750,1.310250,0.007000,0.149750,0.167500,0.478000,0.022000,1.657000,2.198750,0.757500,4,4,4,4,4,4,4,4,4,4,4,4,-22.240700,114.096700,9.000000,lev15,Almucantar
Learmonth,11:09:2020,12:00:00,255,255.000000,0.031200,0.572200,1.451700,1.297300,0.005800,0.140200,0.158600,0.507500,0.025600,1.828500,2.452000,0.761700,10,10,10,10,10,10,10,10,10,10,10,10,-22.240700,114.096700,9.000000,lev15,Almucantar
Learmonth,12:09:2020,12:00:00,256,256.000000,0.016700,0.631500,1.599300,1.277800,0.003200,0.157800,0.178100,0.496400,0.013600,1.921700,2.630100,0.772400,10,10,10,10,10,10,10,10,10,10,10,10,-22.240700,114.096700,9.000000,lev15,Almucantar
Learmonth,13:09:2020,12:00:00,257,257.000000,0.018700,0.615200,1.539100,1.278800,0.003600,0.160500,0.181600,0.496700,0.015400,1.893400,2.586800,0.770600,10,10,10,10,10,10,10,10,10,10,10,10,-22.240700,114.096700,9.000000,lev15,Almucantar
Learmonth,14:09:2020,12:00:00,258,258.000000,0.027500,0.695200,1.803600,1.239400,0.004300,0.150600,0.172900,0.532700,0.023200,1.997100,2.749400,0.770600,10,10,10,10,10,10,10,10,10,10,10,10,-22.240700,114.096700,9.000000,lev15,Almucantar
Learmonth,15:09:2020,12:00:00,259,259.000000,0.026889,0.628444,1.656889,1.271222,0.004667,0.146889,0.166333,0.508111,0.022222,1.986111,2.679111,0.749778,9,9,9,9,9,9,9,9,9,9,9,9,-22.240700,114.096700,9.000000,lev15,Almucantar
Learmonth,16:09:2020,12:00:00,260,260.000000,0.037750,0.709875,1.892625,1.232000,0.005125,0.138125,0.157375,0.521250,0.032625,2.087500,2.823000,0.748250,8,8,8,8,8,8,8,8,8,8,8,8,-22.240700,114.096700,9.000000,lev15,Almucantar
Learmonth,17:09:2020,12:00:00,261,261.000000,0.021100,0.561900,1.325400,1.235200,0.004100,0.151400,0.172600,0.520700,0.016900,1.649300,2.180500,0.751300,10,10,10,10,10,10,10,10,10,10,10,10,-22.240700,114.096700,9.000000,lev15,Almucantar
Learmonth,18:09:2020,12:00:00,262,262.000000,0.015200,0.514900,1.227400,1.291800,0.003700,0.160100,0.179200,0.477200,0.011800,1.714100,2.277400,0.750500,10,10,10,10,10,10,10,10,10,10,10,10,-22.240700,114.096700,9.000000,lev15,Almucantar
Learmonth,19:09:2020,12:00:00,263,263.000000,0.040143,0.819143,1.808571,1.098857,0.004429,0.166000,0.187429,0.490429,0.035857,1.953571,2.525571,0.698286,7,7,7,7,7,7,7,7,7,7,7,7,-22.240700,114.096700,9.000000,lev15,Almucantar
Learmonth,20:09:2020,12:00:00,264,264.000000,0.031125,0.891125,1.959875,1.100875,0.003750,0.166375,0.190000,0.513250,0.027750,2.011250,2.657875,0.723000,8,8,8,8,8,8,8,8,8,8,8,8,-22.240700,114.096700,9.000000,lev15,Almucantar
Learmonth,21:09:2020,12:00:00,265,265.000000,0.014800,0.397100,0.937300,1.394600,0.005300,0.166400,0.184500,0.452200,0.009400,1.660700,2.290900,0.807500,10,10,10,10,10,10,10,10,10,10,10,10,-22.240700,114.096700,9.000000,lev15,Almucantar
Learmonth,22:09:2020,12:00:00,266,266.000000,0.020700,0.569100,1.409800,1.323400,0.004700,0.164600,0.182200,0.449300,0.016000,1.998100,2.685500,0.753800,10,10,10,10,10,10,10,10,10,10,10,10,-22.240700,114.096700,9.000000,lev15,Almucantar
Learmonth,23:09:2020,12:00:00,267,267.000000,0.019250,0.629375,1.543125,1.263500,0.003375,0.162250,0.184875,0.515500,0.015750,1.983375,2.659500,0.747625,8,8,8,8,8,8,8,8,8,8,8,8,-22.240700,114.096700,9.000000,lev15,Almucantar
Learmonth,24:09:2020,12:00:00,268,268.000000,0.042000,0.578000,1.348333,1.221000,0.009000,0.165333,0.183333,0.451667,0.033000,1.756000,2.283000,0.712000,3,3,3,3,3,3,3,3,3,3,3,3,-22.240700,114.096700,9.000000,lev15,Almucantar
Learmonth,25:09:2020,12:00:00,269,269.000000,0.014750,0.354250,0.750250,1.335500,0.006250,0.174000,0.192000,0.440750,0.008500,1.584250,2.076000,0.744000,4,4,4,4,4,4,4,4,4,4,4,4,-22.240700,114.096700,9.000000,lev15,Almucantar
Learmonth,26:09:2020,12:00:00,270,270.000000,0.018200,0.676600,1.491000,1.194600,0.003800,0.191800,0.214400,0.454800,0.014400,1.915400,2.481400,0.702600,5,5,5,5,5,5,5,5,5,5,5,5,-22.240700,114.096700,9.000000,lev15,Almucantar
Learmonth,27:09:2020,12:00:00,271,271.000000,0.010778,0.450000,1.106222,1.383667,0.003444,0.169889,0.187778,0.446444,0.007444,1.865444,2.510556,0.761556,9,9,9,9,9,9,9,9,9,9,9,9,-22.240700,114.096700,9.000000,lev15,Almucantar
Learmonth,28:09:2020,12:00:00,272,272.000000,0.036125,0.742125,1.837250,1.212625,0.005375,0.154375,0.171000,0.455500,0.030625,2.185375,2.839000,0.694250,8,8,8,8,8,8,8,8,8,8,8,8,-22.240700,114.096700,9.000000,lev15,Almucantar
Learmonth,29:09:2020,12:00:00,273,273.000000,0.021500,0.322300,0.723000,1.371500,0.009200,0.156800,0.169000,0.383500,0.012200,1.692400,2.282400,0.785400,10,10,10,10,10,10,10,10,10,10,10,10,-22.240700,114.096700,9.000000,lev15,Almucantar
Learmonth,30:09:2020,12:00:00,274,274.000000,0.019000,0.339000,0.851556,1.512222,0.008222,0.159444,0.173778,0.416778,0.011000,2.080556,2.800222,0.757778,9,9,9,9,9,9,9,9,9,9,9,9,-22.240700,114.096700,9.000000,lev15,Almucantar
Learmonth,01:10:2020,12:00:00,275,275.000000,0.022200,0.386400,0.931300,1.415900,0.007800,0.159000,0.174400,0.431000,0.014400,1.704100,2.337100,0.795800,10,10,10,10,10,10,10,10,10,10,10,10,-22.240700,114.096700,9.000000,lev15,Almucantar
Learmonth,02:10:2020,12:00:00,276,276.000000,0.024500,0.387250,0.865375,1.310000,0.008250,0.152875,0.169250,0.454250,0.016375,1.502500,1.929625,0.717125,8,8,8,8,8,8,8,8,8,8,8,8,-22.240700,114.096700,9.000000,lev15,Almucantar
Learmonth,03:10:2020,12:00:00,277,277.000000,0.118500,1.321000,2.908500,1.034000,0.006500,0.133000,0.150000,0.509500,0.111500,2.812500,3.605500,0.661500,2,2,2,2,2,2,2,2,2,2,2,2,-22.240700,114.096700,9.000000,lev15,Almucantar
Learmonth,04:10:2020,12:00:00,278,278.000000,0.024500,0.803833,2.015333,1.257000,0.002833,0.157333,0.176167,0.476167,0.021667,2.524000,3.281667,0.680833,6,6,6,6,6,6,6,6,6,6,6,6,-22.240700,114.096700,9.000000,lev15,Almucantar
Learmonth,05:10:2020,12:00:00,279,279.000000,0.018300,0.734000,1.901100,1.281100,0.003000,0.170500,0.189300,0.455400,0.015000,2.360900,3.170800,0.735400,10,10,10,10,10,10,10,10,10,10,10,10,-22.240700,114.096700,9.000000,lev15,Almucantar
Learmonth,06:10:2020,12:00:00,280,280.000000,0.019500,0.728800,1.886900,1.280200,0.003500,0.169500,0.188300,0.453200,0.016300,2.354300,3.156600,0.722700,10,10,10,10,10,10,10,10,10,10,10,10,-22.240700,114.096700,9.000000,lev15,Almucantar
Learmonth,07:10:2020,12:00:00,281,281.000000,0.019100,0.676500,1.814700,1.297400,0.003900,0.173600,0.193100,0.454100,0.015500,2.410000,3.180800,0.697200,10,10,10,10,10,10,10,10,10,10,10,10,-22.240700,114.096700,9.000000,lev15,Almucantar
Learmonth,08:10:2020,12:00:00,282,282.000000,0.016375,0.658000,1.680750,1.284500,0.003125,0.174625,0.194375,0.463250,0.013125,2.260000,2.952375,0.703250,8,8,8,8,8,8,8,8,8,8,8,8,-22.240700,114.096700,9.000000,lev15,Almucantar
Learmonth,09:10:2020,12:00:00,283,283.000000,0.020889,0.648556,1.717111,1.312000,0.004111,0.168667,0.187556,0.456889,0.016667,2.241333,3.018667,0.735000,9,9,9,9,9,9,9,9,9,9,9,9,-22.240700,114.096700,9.000000,lev15,Almucantar
Learmonth,10:10:2020,12:00:00,284,284.000000,0.025714,0.542286,1.397429,1.324429,0.005857,0.160286,0.178857,0.466857,0.019857,1.910714,2.583857,0.758286,7,7,7,7,7,7,7,7,7,7,7,7,-22.240700,114.096700,9.000000,lev15,Almucantar
Learmonth,11:10:2020,12:00:00,285,285.000000,0.027429,0.459571,1.132714,1.356286,0.007857,0.158000,0.175000,0.448571,0.019714,1.739714,2.340857,0.770857,7,7,7,7,7,7,7,7,7,7,7,7,-22.240700,114.096700,9.000000,lev15,Almucantar
Learmonth,12:10:2020,12:00:00,286,286.000000,0.017125,0.390125,0.893625,1.333250,0.005625,0.154375,0.172000,0.470375,0.011625,1.479750,1.967375,0.775375,8,8,8,8,8,8,8,8,8,8,8,8,-22.240700,114.096700,9.000000,lev15,Almucantar
Learmonth,13:10:2020,12:00:00,287,287.000000,0.017286,0.358143,0.778143,1.301286,0.006143,0.150429,0.169143,0.490286,0.011286,1.358286,1.758000,0.748429,7,7,7,7,7,7,7,7,7,7,7,7,-22.240700,114.096700,9.000000,lev15,Almucantar
Learmonth,14:10:2020,12:00:00,288,288.000000,0.025375,0.447750,1.136875,1.354625,0.006375,0.142125,0.159125,0.482875,0.019000,1.680625,2.244500,0.763125,8,8,8,8,8,8,8,8,8,8,8,8,-22.240700,114.096700,9.000000,lev15,Almucantar
Learmonth,15:10:2020,12:00:00,289,289.000000,0.059000,0.801500,1.960000,1.128000,0.006000,0.132500,0.149500,0.517500,0.053000,2.066000,2.680000,0.704500,2,2,2,2,2,2,2,2,2,2,2,2,-22.240700,114.096700,9.000000,lev15,Almucantar
Learmonth,16:10:2020,12:00:00,290,290.000000,0.031000,0.569625,1.309000,1.224000,0.005750,0.151750,0.172500,0.511625,0.025125,1.619500,2.134125,0.748125,8,8,8,8,8,8,8,8,8,8,8,8,-22.240700,114.096700,9.000000,lev15,Almucantar
Learmonth,17:10:2020,12:00:00,291,291.000000,0.082000,0.899500,1.948500,1.050500,0.008000,0.148500,0.172750,0.561500,0.074000,1.958500,2.530250,0.685750,4,4,4,4,4,4,4,4,4,4,4,4,-22.240700,114.096700,9.000000,lev15,Almucantar
Learmonth,19:10:2020,12:00:00,293,293.000000,0.068750,0.879000,1.659000,0.977250,0.007000,0.168250,0.194500,0.534250,0.061500,1.687500,2.117500,0.667250,4,4,4,4,4,4,4,4,4,4,4,4,-22.240700,114.096700,9.000000,lev15,Almucantar
Learmonth,20:10:2020,12:00:00,294,294.000000,0.035000,0.598429,1.264571,1.145286,0.006571,0.163000,0.185857,0.512143,0.028571,1.532857,1.964714,0.715714,7,7,7,7,7,7,7,7,7,7,7,7,-22.240700,114.096700,9.000000,lev15,Almucantar
Learmonth,21:10:2020,12:00:00,295,295.000000,0.037875,0.637125,1.372000,1.142000,0.006250,0.160625,0.182375,0.502250,0.031750,1.650000,2.102125,0.694375,8,8,8,8,8,8,8,8,8,8,8,8,-22.240700,114.096700,9.000000,lev15,Almucantar
Learmonth,22:10:2020,12:00:00,296,296.000000,0.031000,0.555125,1.369125,1.256875,0.006250,0.149000,0.167625,0.494250,0.024375,1.772250,2.322000,0.729625,8,8,8,8,8,8,8,8,8,8,8,8,-22.240700,114.096700,9.000000,lev15,Almucantar
Learmonth,23:10:2020,12:00:00,297,297.000000,0.036571,0.743857,1.483000,1.060857,0.005143,0.172571,0.197143,0.506429,0.031429,1.626857,2.074286,0.692571,7,7,7,7,7,7,7,7,7,7,7,7,-22.240700,114.096700,9.000000,lev15,Almucantar
Learmonth,24:10:2020,12:00:00,298,298.000000,0.021250,0.612875,1.299000,1.156250,0.003750,0.169500,0.191500,0.488875,0.017500,1.587625,2.065875,0.722625,8,8,8,8,8,8,8,8,8,8,8,8,-22.240700,114.096700,9.000000,lev15,Almucantar
Learmonth,25:10:2020,12:00:00,299,299.000000,0.053333,0.744000,1.563167,1.068167,0.007167,0.157833,0.181333,0.527000,0.046000,1.728500,2.180167,0.671333,6,6,6,6,6,6,6,6,6,6,6,6,-22.240700,114.096700,9.000000,lev15,Almucantar
Learmonth,26:10:2020,12:00:00,300,300.000000,0.054286,0.781857,1.706143,1.096714,0.006143,0.146286,0.169143,0.546429,0.047857,1.784429,2.316429,0.719714,7,7,7,7,7,7,7,7,7,7,7,7,-22.240700,114.096700,9.000000,lev15,Almucantar
Learmonth,27:10:2020,12:00:00,301,301.000000,0.033333,0.601000,1.665000,1.295667,0.005333,0.130667,0.153333,0.583667,0.027667,1.860667,2.605667,0.812333,3,3,3,3,3,3,3,3,3,3,3,3,-22.240700,114.096700,9.000000,lev15,Almucantar
Learmonth,31:10:2020,12:00:00,305,305.000000,0.093500,0.949750,2.192750,1.047000,0.008250,0.138000,0.156250,0.507000,0.085500,2.248750,2.843750,0.652250,4,4,4,4,4,4,4,4,4,4,4,4,-22.240700,114.096700,9.000000,lev15,Almucantar
Learmonth,01:11:2020,12:00:00,306,306.000000,0.039000,0.843000,1.782000,1.059000,0.005000,0.175000,0.198000,0.479000,0.034000,1.989000,2.485000,0.642000,1,1,1,1,1,1,1,1,1,1,1,1,-22.240700,114.096700,9.000000,lev15,Almucantar
Learmonth,02:11:2020,12:00:00,307,307.000000,0.072125,0.969000,2.267875,1.079625,0.007000,0.149750,0.171125,0.525875,0.065250,2.330625,3.001375,0.666750,8,8,8,8,8,8,8,8,8,8,8,8,-22.240700,114.096700,9.000000,lev15,Almucantar
Learmonth,03:11:2020,12:00:00,308,308.000000,0.050800,1.164900,2.545400,0.982700,0.003900,0.155000,0.176300,0.506700,0.046900,2.559900,3.187800,0.611700,10,10,10,10,10,10,10,10,10,10,10,10,-22.240700,114.096700,9.000000,lev15,Almucantar
Learmonth,05:11:2020,12:00:00,310,310.000000,0.049444,1.059000,2.419222,1.044444,0.004444,0.159889,0.182222,0.510889,0.045222,2.393556,3.107222,0.673000,9,9,9,9,9,9,9,9,9,9,9,9,-22.240700,114.096700,9.000000,lev15,Almucantar
Learmonth,06:11:2020,12:00:00,311,311.000000,0.052857,1.017000,2.261571,1.038571,0.004714,0.158286,0.181143,0.517714,0.048286,2.237714,2.902571,0.680143,7,7,7,7,7,7,7,7,7,7,7,7,-22.240700,114.096700,9.000000,lev15,Almucantar
Learmonth,07:11:2020,12:00:00,312,312.000000,0.080714,1.156286,2.383286,0.970286,0.005286,0.152143,0.176429,0.546429,0.075000,2.266286,2.895286,0.664286,7,7,7,7,7,7,7,7,7,7,7,7,-22.240700,114.096700,9.000000,lev15,Almucantar
Learmonth,08:11:2020,12:00:00,313,313.000000,0.049875,1.109375,2.468625,1.004000,0.003625,0.156375,0.177875,0.512750,0.046250,2.429750,3.100375,0.647375,8,8,8,8,8,8,8,8,8,8,8,8,-22.240700,114.096700,9.000000,lev15,Almucantar
Learmonth,10:11:2020,12:00:00,315,315.000000,0.052125,1.158000,2.265875,0.984750,0.003250,0.176125,0.208750,0.569125,0.048750,2.031125,2.726125,0.739625,8,8,8,8,8,8,8,8,8,8,8,8,-22.240700,114.096700,9.000000,lev15,Almucantar
Learmonth,11:11:2020,12:00:00,316,316.000000,0.015556,0.725000,1.549667,1.125556,0.002444,0.171889,0.198333,0.528333,0.013333,1.706667,2.244111,0.735444,9,9,9,9,9,9,9,9,9,9,9,9,-22.240700,114.096700,9.000000,lev15,Almucantar
Learmonth,12:11:2020,12:00:00,317,317.000000,0.014700,0.650300,1.441200,1.166000,0.002300,0.163700,0.188700,0.531500,0.012000,1.668700,2.196200,0.742100,10,10,10,10,10,10,10,10,10,10,10,10,-22.240700,114.096700,9.000000,lev15,Almucantar
Learmonth,13:11:2020,12:00:00,318,318.000000,0.008500,0.439625,1.031750,1.312500,0.002750,0.163625,0.185250,0.501000,0.005875,1.653875,2.173000,0.742500,8,8,8,8,8,8,8,8,8,8,8,8,-22.240700,114.096700,9.000000,lev15,Almucantar
Learmonth,14:11:2020,12:00:00,319,319.000000,0.020800,0.648200,1.641200,1.224600,0.003600,0.147400,0.168800,0.530800,0.017400,1.927000,2.560600,0.728800,5,5,5,5,5,5,5,5,5,5,5,5,-22.240700,114.096700,9.000000,lev15,Almucantar
Learmonth,15:11:2020,12:00:00,320,320.000000,0.030875,0.809000,1.769500,1.125375,0.003500,0.151375,0.177000,0.558375,0.027375,1.839500,2.436750,0.738125,8,8,8,8,8,8,8,8,8,8,8,8,-22.240700,114.096700,9.000000,lev15,Almucantar
Learmonth,16:11:2020,12:00:00,321,321.000000,0.009100,0.421700,0.949700,1.305000,0.002900,0.165700,0.190300,0.526000,0.006300,1.561400,2.060000,0.758600,10,10,10,10,10,10,10,10,10,10,10,10,-22.240700,114.096700,9.000000,lev15,Almucantar
Learmonth,17:11:2020,12:00:00,322,322.000000,0.014125,0.534750,1.130875,1.181875,0.003000,0.165125,0.191125,0.532750,0.011125,1.418500,1.864500,0.759250,8,8,8,8,8,8,8,8,8,8,8,8,-22.240700,114.096700,9.000000,lev15,Almucantar
Learmonth,18:11:2020,12:00:00,323,323.000000,0.021500,0.602000,1.313250,1.149250,0.004000,0.156750,0.180250,0.528500,0.017500,1.585500,2.028250,0.705750,4,4,4,4,4,4,4,4,4,4,4,4,-22.240700,114.096700,9.000000,lev15,Almucantar
Learmonth,19:11:2020,12:00:00,324,324.000000,0.017500,0.516250,1.161750,1.217750,0.003500,0.154000,0.176500,0.528250,0.013750,1.519000,1.976250,0.738500,4,4,4,4,4,4,4,4,4,4,4,4,-22.240700,114.096700,9.000000,lev15,Almucantar
Learmonth,21:11:2020,12:00:00,326,326.000000,0.025667,0.715444,1.677000,1.173111,0.003444,0.152889,0.175889,0.532778,0.022111,1.883556,2.482333,0.727889,9,9,9,9,9,9,9,9,9,9,9,9,-22.240700,114.096700,9.000000,lev15,Almucantar
Learmonth,22:11:2020,12:00:00,327,327.000000,0.037500,0.971750,2.164000,1.063250,0.003500,0.156750,0.182500,0.548750,0.034000,2.119500,2.801000,0.716000,4,4,4,4,4,4,4,4,4,4,4,4,-22.240700,114.096700,9.000000,lev15,Almucantar
Learmonth,23:11:2020,12:00:00,328,328.000000,0.040286,0.832857,1.516429,0.999143,0.004000,0.175286,0.204429,0.539429,0.035857,1.524286,1.960429,0.721714,7,7,7,7,7,7,7,7,7,7,7,7,-22.240700,114.096700,9.000000,lev15,Almucantar
Learmonth,24:11:2020,12:00:00,329,329.000000,0.028333,0.678167,1.516500,1.156167,0.004167,0.152333,0.177500,0.560333,0.024500,1.623833,2.181333,0.777500,6,6,6,6,6,6,6,6,6,6,6,6,-22.240700,114.096700,9.000000,lev15,Almucantar
Learmonth,25:11:2020,12:00:00,330,330.000000,0.035000,0.638667,1.360333,1.112333,0.005000,0.141333,0.163333,0.552333,0.030000,1.522333,1.941667,0.719667,3,3,3,3,3,3,3,3,3,3,3,3,-22.240700,114.096700,9.000000,lev15,Almucantar
Learmonth,26:11:2020,12:00:00,331,331.000000,0.044600,0.741400,1.584000,1.115400,0.005600,0.157000,0.186800,0.585000,0.039000,1.604600,2.160200,0.785200,5,5,5,5,5,5,5,5,5,5,5,5,-22.240700,114.096700,9.000000,lev15,Almucantar
Learmonth,27:11:2020,12:00:00,332,332.000000,0.103333,1.052167,2.183500,1.010667,0.006000,0.125500,0.150833,0.632667,0.097333,2.009167,2.645000,0.728500,6,6,6,6,6,6,6,6,6,6,6,6,-22.240700,114.096700,9.000000,lev15,Almucantar
Learmonth,28:11:2020,12:00:00,333,333.000000,0.037250,0.901125,2.149625,1.118500,0.003625,0.146875,0.172875,0.579375,0.033375,2.106250,2.854625,0.746625,8,8,8,8,8,8,8,8,8,8,8,8,-22.240700,114.096700,9.000000,lev15,Almucantar
Learmonth,29:11:2020,12:00:00,334,334.000000,0.030429,0.775571,1.600143,1.098429,0.003857,0.165714,0.193571,0.550571,0.026714,1.651429,2.197000,0.758143,7,7,7,7,7,7,7,7,7,7,7,7,-22.240700,114.096700,9.000000,lev15,Almucantar
Learmonth,30:11:2020,12:00:00,335,335.000000,0.080000,1.504857,2.668857,0.856429,0.003000,0.145571,0.176143,0.615857,0.077143,2.327143,2.972000,0.667571,7,7,7,7,7,7,7,7,7,7,7,7,-22.240700,114.096700,9.000000,lev15,Almucantar
Learmonth,01:12:2020,12:00:00,336,336.000000,0.027889,1.068889,2.154778,1.040778,0.002111,0.177889,0.207222,0.530222,0.025556,2.093444,2.773778,0.717889,9,9,9,9,9,9,9,9,9,9,9,9,-22.240700,114.096700,9.000000,lev15,Almucantar
Learmonth,02:12:2020,12:00:00,337,337.000000,0.028125,0.836125,1.810375,1.097750,0.003000,0.159500,0.188375,0.569625,0.025125,1.831625,2.438625,0.745750,8,8,8,8,8,8,8,8,8,8,8,8,-22.240700,114.096700,9.000000,lev15,Almucantar
Learmonth,03:12:2020,12:00:00,338,338.000000,0.038000,0.999444,2.130778,1.050000,0.003111,0.159444,0.191889,0.604778,0.034889,1.935444,2.647556,0.773222,9,9,9,9,9,9,9,9,9,9,9,9,-22.240700,114.096700,9.000000,lev15,Almucantar
Learmonth,04:12:2020,12:00:00,339,339.000000,0.052286,0.994000,2.045571,1.027429,0.004429,0.159286,0.189571,0.584286,0.047857,1.917571,2.555286,0.737571,7,7,7,7,7,7,7,7,7,7,7,7,-22.240700,114.096700,9.000000,lev15,Almucantar
Learmonth,09:12:2020,12:00:00,344,344.000000,0.072250,0.867125,1.934375,1.126750,0.007250,0.160500,0.196250,0.623625,0.064750,1.762500,2.523875,0.835500,8,8,8,8,8,8,8,8,8,8,8,8,-22.240700,114.096700,9.000000,lev15,Almucantar
Learmonth,10:12:2020,12:00:00,345,345.000000,0.113500,1.025500,1.921000,0.975500,0.008000,0.165500,0.203500,0.631500,0.105500,1.702000,2.282000,0.760500,2,2,2,2,2,2,2,2,2,2,2,2,-22.240700,114.096700,9.000000,lev15,Almucantar
Learmonth,14:12:2020,12:00:00,349,349.000000,0.063889,1.031556,2.233444,1.066667,0.005222,0.160000,0.195222,0.625889,0.058556,1.996111,2.785556,0.783111,9,9,9,9,9,9,9,9,9,9,9,9,-22.240700,114.096700,9.000000,lev15,Almucantar
Learmonth,15:12:2020,12:00:00,350,350.000000,0.067333,0.669778,1.637556,1.285222,0.012778,0.146667,0.168667,0.530333,0.054778,1.930778,2.687222,0.793111,9,9,9,9,9,9,9,9,9,9,9,9,-22.240700,114.096700,9.000000,lev15,Almucantar
Learmonth,16:12:2020,12:00:00,351,351.000000,0.053444,0.857222,1.747889,1.077333,0.005111,0.158444,0.192778,0.618444,0.048444,1.641444,2.238889,0.794000,9,9,9,9,9,9,9,9,9,9,9,9,-22.240700,114.096700,9.000000,lev15,Almucantar
Learmonth,17:12:2020,12:00:00,352,352.000000,0.050889,0.901111,1.807000,1.046667,0.004556,0.160667,0.194778,0.616444,0.046222,1.684667,2.270556,0.771333,9,9,9,9,9,9,9,9,9,9,9,9,-22.240700,114.096700,9.000000,lev15,Almucantar
Learmonth,18:12:2020,12:00:00,353,353.000000,0.034429,0.852714,1.624143,1.042714,0.004000,0.184571,0.222429,0.580571,0.030714,1.520429,2.069000,0.799857,7,7,7,7,7,7,7,7,7,7,7,7,-22.240700,114.096700,9.000000,lev15,Almucantar
Learmonth,19:12:2020,12:00:00,354,354.000000,0.059500,1.233750,2.627250,1.069500,0.003750,0.181500,0.221000,0.606500,0.055500,2.119750,3.148000,0.845250,4,4,4,4,4,4,4,4,4,4,4,4,-22.240700,114.096700,9.000000,lev15,Almucantar
Learmonth,24:12:2020,12:00:00,359,359.000000,0.058600,1.073400,1.933600,0.946600,0.004400,0.184400,0.224000,0.590200,0.054200,1.731400,2.291600,0.738400,5,5,5,5,5,5,5,5,5,5,5,5,-22.240700,114.096700,9.000000,lev15,Almucantar
Learmonth,25:12:2020,12:00:00,360,360.000000,0.055200,1.193600,2.126800,0.930600,0.003600,0.194000,0.235000,0.575800,0.051400,1.861800,2.479000,0.736600,5,5,5,5,5,5,5,5,5,5,5,5,-22.240700,114.096700,9.000000,lev15,Almucantar
Learmonth,27:12:2020,12:00:00,362,362.000000,0.082857,1.142286,2.150571,0.962857,0.005429,0.176286,0.216286,0.611857,0.077571,1.879571,2.532571,0.750000,7,7,7,7,7,7,7,7,7,7,7,7,-22.240700,114.096700,9.000000,lev15,Almucantar
