AERONET Data Download (Version 3 Direct Sun and Inversion Algorithms)
AERONET Version 3
Learmonth
Version 3: Almucantar Level 1.5 Inversion
The following data are cloud cleared and quality controls have been applied but these data may not have final calibration applied.  These data may change.
Daily Averages,Contact: PI=Ian_Lau; PI Email=ian.lau@csiro.au 
AERONET_AERONET_Site,Date(dd:mm:yyyy),Time(hh:mm:ss),Day_of_Year,Day_of_Year(fraction),0.050000,0.065604,0.086077,0.112939,0.148184,0.194429,0.255105,0.334716,0.439173,0.576227,0.756052,0.991996,1.301571,1.707757,2.240702,2.939966,3.857452,5.061260,6.640745,8.713145,11.432287,15.000000,Inflection_Radius_of_Size_Distribution(um),N[0.050000],N[0.065604],N[0.086077],N[0.112939],N[0.148184],N[0.194429],N[0.255105],N[0.334716],N[0.439173],N[0.576227],N[0.756052],N[0.991996],N[1.301571],N[1.707757],N[2.240702],N[2.939966],N[3.857452],N[5.061260],N[6.640745],N[8.713145],N[11.432287],N[15.000000],N[Inflection_Radius_of_Size_Distribution(um)],Latitude(Degrees),Longitude(Degrees),Elevation(m),Level,Retrieval_Measurement_Scan_Type
Learmonth,27:10:2019,12:00:00,300,300.000000,0.000319,0.001961,0.005371,0.006862,0.005153,0.003319,0.002492,0.002438,0.002993,0.003878,0.004659,0.005057,0.005636,0.006659,0.007813,0.008987,0.010051,0.010292,0.008135,0.003992,0.001083,0.000172,0.439000,7,7,7,7,7,7,7,7,7,7,7,7,7,7,7,7,7,7,7,7,7,7,7,-22.240700,114.096700,9.000000,lev15,Almucantar
Learmonth,28:10:2019,12:00:00,301,301.000000,0.000299,0.001772,0.004829,0.006472,0.005250,0.003571,0.002779,0.002848,0.003581,0.004598,0.005527,0.006562,0.007877,0.009268,0.011019,0.013222,0.014763,0.013402,0.008732,0.003776,0.001039,0.000180,0.439000,7,7,7,7,7,7,7,7,7,7,7,7,7,7,7,7,7,7,7,7,7,7,7,-22.240700,114.096700,9.000000,lev15,Almucantar
Learmonth,29:10:2019,12:00:00,302,302.000000,0.000409,0.002944,0.008322,0.009732,0.006332,0.003627,0.002610,0.002668,0.003577,0.004965,0.006121,0.007258,0.009153,0.011389,0.013409,0.015214,0.016020,0.014047,0.008990,0.003842,0.001053,0.000186,0.439000,9,9,9,9,9,9,9,9,9,9,9,9,9,9,9,9,9,9,9,9,9,9,9,-22.240700,114.096700,9.000000,lev15,Almucantar
Learmonth,30:10:2019,12:00:00,303,303.000000,0.000278,0.002223,0.007218,0.010163,0.007931,0.004934,0.003295,0.002758,0.003036,0.003918,0.005100,0.006855,0.009262,0.010831,0.011558,0.012414,0.012976,0.011424,0.007366,0.003180,0.000878,0.000153,0.439000,5,5,5,5,5,5,5,5,5,5,5,5,5,5,5,5,5,5,5,5,5,5,5,-22.240700,114.096700,9.000000,lev15,Almucantar
Learmonth,31:10:2019,12:00:00,304,304.000000,0.000215,0.001282,0.003671,0.005138,0.004439,0.003351,0.002805,0.002783,0.003312,0.004432,0.005833,0.007572,0.010062,0.012712,0.014020,0.014289,0.012968,0.009706,0.005517,0.002238,0.000630,0.000123,0.439000,5,5,5,5,5,5,5,5,5,5,5,5,5,5,5,5,5,5,5,5,5,5,5,-22.240700,114.096700,9.000000,lev15,Almucantar
Learmonth,01:11:2019,12:00:00,305,305.000000,0.000351,0.001222,0.002325,0.002609,0.002232,0.001910,0.001909,0.002377,0.003718,0.006279,0.009190,0.011706,0.015094,0.019514,0.024282,0.029444,0.034082,0.034881,0.029701,0.017014,0.004304,0.000409,0.439000,5,5,5,5,5,5,5,5,5,5,5,5,5,5,5,5,5,5,5,5,5,5,5,-22.240700,114.096700,9.000000,lev15,Almucantar
Learmonth,02:11:2019,12:00:00,306,306.000000,0.000214,0.000404,0.000677,0.001014,0.001398,0.001868,0.002530,0.003494,0.004717,0.005841,0.006863,0.008798,0.011845,0.014298,0.015898,0.016711,0.015770,0.012309,0.007379,0.003217,0.000990,0.000214,0.439000,2,2,2,2,2,2,2,2,2,2,2,2,2,2,2,2,2,2,2,2,2,2,2,-22.240700,114.096700,9.000000,lev15,Almucantar
Learmonth,03:11:2019,12:00:00,307,307.000000,0.000181,0.000771,0.001681,0.002035,0.001877,0.001771,0.001881,0.002194,0.002636,0.002980,0.003358,0.004291,0.005621,0.006289,0.006835,0.008194,0.010334,0.011153,0.008254,0.003635,0.000889,0.000120,0.439000,10,10,10,10,10,10,10,10,10,10,10,10,10,10,10,10,10,10,10,10,10,10,10,-22.240700,114.096700,9.000000,lev15,Almucantar
Learmonth,04:11:2019,12:00:00,308,308.000000,0.000183,0.000814,0.001958,0.002661,0.002441,0.001911,0.001558,0.001486,0.001676,0.002116,0.002852,0.003977,0.005493,0.007427,0.010321,0.014984,0.020806,0.023023,0.016630,0.006744,0.001402,0.000145,0.439000,6,6,6,6,6,6,6,6,6,6,6,6,6,6,6,6,6,6,6,6,6,6,6,-22.240700,114.096700,9.000000,lev15,Almucantar
Learmonth,05:11:2019,12:00:00,309,309.000000,0.000276,0.001468,0.003820,0.005133,0.004193,0.002687,0.001785,0.001524,0.001802,0.002720,0.004439,0.006968,0.010219,0.014433,0.021310,0.033008,0.046208,0.046805,0.028868,0.009923,0.001829,0.000179,0.439000,6,6,6,6,6,6,6,6,6,6,6,6,6,6,6,6,6,6,6,6,6,6,6,-22.240700,114.096700,9.000000,lev15,Almucantar
Learmonth,06:11:2019,12:00:00,310,310.000000,0.000422,0.001719,0.003459,0.003752,0.002848,0.001998,0.001578,0.001577,0.002061,0.003288,0.005707,0.009950,0.015924,0.021491,0.027590,0.037956,0.049254,0.047652,0.028817,0.009978,0.001916,0.000207,0.439000,4,4,4,4,4,4,4,4,4,4,4,4,4,4,4,4,4,4,4,4,4,4,4,-22.240700,114.096700,9.000000,lev15,Almucantar
Learmonth,07:11:2019,12:00:00,311,311.000000,0.000760,0.002993,0.005452,0.005002,0.003215,0.002155,0.001921,0.002390,0.003776,0.006368,0.010339,0.016872,0.027735,0.040127,0.049683,0.056385,0.056667,0.046180,0.026147,0.009130,0.001919,0.000266,0.439000,8,8,8,8,8,8,8,8,8,8,8,8,8,8,8,8,8,8,8,8,8,8,8,-22.240700,114.096700,9.000000,lev15,Almucantar
Learmonth,08:11:2019,12:00:00,312,312.000000,0.000728,0.004026,0.008823,0.008707,0.005434,0.003255,0.002462,0.002580,0.003707,0.006281,0.010349,0.016328,0.024932,0.032209,0.036327,0.039713,0.038857,0.029392,0.015674,0.005723,0.001429,0.000247,0.439000,8,8,8,8,8,8,8,8,8,8,8,8,8,8,8,8,8,8,8,8,8,8,8,-22.240700,114.096700,9.000000,lev15,Almucantar
Learmonth,09:11:2019,12:00:00,313,313.000000,0.000677,0.003902,0.008860,0.008800,0.005554,0.003529,0.002988,0.003492,0.005105,0.007765,0.010905,0.015460,0.022454,0.027601,0.028312,0.025754,0.020740,0.014114,0.007692,0.003207,0.001001,0.000239,0.439000,7,7,7,7,7,7,7,7,7,7,7,7,7,7,7,7,7,7,7,7,7,7,7,-22.240700,114.096700,9.000000,lev15,Almucantar
Learmonth,10:11:2019,12:00:00,314,314.000000,0.000339,0.002523,0.007100,0.008482,0.005852,0.003488,0.002453,0.002294,0.002707,0.003512,0.004710,0.006718,0.009558,0.012129,0.013510,0.013360,0.011399,0.007990,0.004398,0.001837,0.000571,0.000133,0.439000,5,5,5,5,5,5,5,5,5,5,5,5,5,5,5,5,5,5,5,5,5,5,5,-22.240700,114.096700,9.000000,lev15,Almucantar
Learmonth,11:11:2019,12:00:00,315,315.000000,0.000409,0.004065,0.012281,0.013085,0.007734,0.004135,0.002593,0.002140,0.002540,0.003945,0.006044,0.008307,0.011197,0.014035,0.015327,0.014697,0.012192,0.008354,0.004538,0.001899,0.000603,0.000145,0.439000,7,7,7,7,7,7,7,7,7,7,7,7,7,7,7,7,7,7,7,7,7,7,7,-22.240700,114.096700,9.000000,lev15,Almucantar
Learmonth,12:11:2019,12:00:00,316,316.000000,0.000311,0.002376,0.006671,0.007812,0.005599,0.003689,0.002688,0.002378,0.002839,0.004021,0.005403,0.007171,0.010069,0.012814,0.012702,0.010349,0.007324,0.004589,0.002475,0.001105,0.000401,0.000121,0.439000,8,8,8,8,8,8,8,8,8,8,8,8,8,8,8,8,8,8,8,8,8,8,8,-22.240700,114.096700,9.000000,lev15,Almucantar
Learmonth,13:11:2019,12:00:00,317,317.000000,0.000302,0.001661,0.004219,0.005320,0.004237,0.003039,0.002602,0.002934,0.004210,0.006274,0.007673,0.008640,0.010483,0.012035,0.011879,0.010155,0.007834,0.005417,0.003173,0.001476,0.000531,0.000156,0.439000,8,8,8,8,8,8,8,8,8,8,8,8,8,8,8,8,8,8,8,8,8,8,8,-22.240700,114.096700,9.000000,lev15,Almucantar
Learmonth,14:11:2019,12:00:00,318,318.000000,0.000374,0.001867,0.004509,0.005569,0.004360,0.003023,0.002474,0.002734,0.004058,0.006812,0.009917,0.013104,0.018931,0.025884,0.030272,0.031217,0.027141,0.018400,0.009191,0.003339,0.000900,0.000192,0.439000,8,8,8,8,8,8,8,8,8,8,8,8,8,8,8,8,8,8,8,8,8,8,8,-22.240700,114.096700,9.000000,lev15,Almucantar
Learmonth,15:11:2019,12:00:00,319,319.000000,0.000382,0.001672,0.003934,0.005255,0.004666,0.003585,0.003052,0.003383,0.005128,0.008716,0.012705,0.016159,0.020359,0.024781,0.028481,0.032653,0.036344,0.034226,0.023621,0.010573,0.002747,0.000391,0.439000,6,6,6,6,6,6,6,6,6,6,6,6,6,6,6,6,6,6,6,6,6,6,6,-22.240700,114.096700,9.000000,lev15,Almucantar
Learmonth,16:11:2019,12:00:00,320,320.000000,0.000904,0.003757,0.007359,0.007558,0.005256,0.003550,0.003143,0.003985,0.006556,0.011232,0.016410,0.022363,0.029093,0.033058,0.035384,0.039652,0.044683,0.043250,0.031368,0.015038,0.004004,0.000535,0.439000,6,6,6,6,6,6,6,6,6,6,6,6,6,6,6,6,6,6,6,6,6,6,6,-22.240700,114.096700,9.000000,lev15,Almucantar
Learmonth,17:11:2019,12:00:00,321,321.000000,0.000466,0.001776,0.003804,0.004827,0.004273,0.003385,0.003072,0.003672,0.005702,0.009788,0.015216,0.020868,0.026204,0.030666,0.036616,0.048276,0.064500,0.069516,0.048070,0.018594,0.003767,0.000393,0.439000,7,7,7,7,7,7,7,7,7,7,7,7,7,7,7,7,7,7,7,7,7,7,7,-22.240700,114.096700,9.000000,lev15,Almucantar
Learmonth,18:11:2019,12:00:00,322,322.000000,0.000677,0.002603,0.004969,0.005171,0.003772,0.002698,0.002477,0.003196,0.005277,0.009155,0.014004,0.019233,0.024589,0.028593,0.033518,0.042709,0.055123,0.060272,0.046244,0.020833,0.004599,0.000457,0.439000,6,6,6,6,6,6,6,6,6,6,6,6,6,6,6,6,6,6,6,6,6,6,6,-22.240700,114.096700,9.000000,lev15,Almucantar
Learmonth,19:11:2019,12:00:00,323,323.000000,0.000465,0.001984,0.004467,0.005602,0.004700,0.003525,0.003074,0.003569,0.005522,0.009486,0.014260,0.018992,0.023801,0.027604,0.031837,0.038059,0.043742,0.040902,0.026421,0.010523,0.002421,0.000318,0.439000,6,6,6,6,6,6,6,6,6,6,6,6,6,6,6,6,6,6,6,6,6,6,6,-22.240700,114.096700,9.000000,lev15,Almucantar
Learmonth,20:11:2019,12:00:00,324,324.000000,0.000364,0.001492,0.003419,0.004574,0.004161,0.003269,0.002748,0.002826,0.003890,0.006489,0.010114,0.013765,0.017590,0.021592,0.026138,0.031435,0.034737,0.030699,0.019152,0.007685,0.001874,0.000272,0.439000,5,5,5,5,5,5,5,5,5,5,5,5,5,5,5,5,5,5,5,5,5,5,5,-22.240700,114.096700,9.000000,lev15,Almucantar
Learmonth,21:11:2019,12:00:00,325,325.000000,0.000283,0.001316,0.003198,0.004348,0.003995,0.003159,0.002619,0.002610,0.003411,0.005298,0.007795,0.010360,0.013048,0.015424,0.017181,0.018568,0.018574,0.015986,0.011133,0.005373,0.001446,0.000215,0.439000,10,10,10,10,10,10,10,10,10,10,10,10,10,10,10,10,10,10,10,10,10,10,10,-22.240700,114.096700,9.000000,lev15,Almucantar
Learmonth,22:11:2019,12:00:00,326,326.000000,0.000257,0.001410,0.004069,0.006452,0.006551,0.005227,0.003974,0.003528,0.004314,0.006409,0.008778,0.010957,0.013495,0.015575,0.016629,0.017107,0.016224,0.012853,0.007784,0.003372,0.001007,0.000207,0.439000,10,10,10,10,10,10,10,10,10,10,10,10,10,10,10,10,10,10,10,10,10,10,10,-22.240700,114.096700,9.000000,lev15,Almucantar
Learmonth,23:11:2019,12:00:00,327,327.000000,0.000284,0.001999,0.006851,0.011803,0.011365,0.007552,0.004705,0.003681,0.004036,0.005495,0.007691,0.010236,0.012816,0.014668,0.015380,0.014806,0.012839,0.009578,0.005755,0.002631,0.000889,0.000224,0.439000,7,7,7,7,7,7,7,7,7,7,7,7,7,7,7,7,7,7,7,7,7,7,7,-22.240700,114.096700,9.000000,lev15,Almucantar
Learmonth,24:11:2019,12:00:00,328,328.000000,0.000287,0.001962,0.006350,0.010117,0.009327,0.006473,0.004350,0.003564,0.004243,0.006287,0.008357,0.009791,0.011425,0.012802,0.013265,0.012723,0.010979,0.008084,0.004814,0.002223,0.000775,0.000203,0.439000,8,8,8,8,8,8,8,8,8,8,8,8,8,8,8,8,8,8,8,8,8,8,8,-22.240700,114.096700,9.000000,lev15,Almucantar
Learmonth,25:11:2019,12:00:00,329,329.000000,0.000214,0.001172,0.003415,0.005559,0.005841,0.004845,0.003729,0.003119,0.003538,0.005056,0.006418,0.006702,0.007092,0.007520,0.007240,0.006377,0.005263,0.003951,0.002513,0.001272,0.000497,0.000150,0.439000,7,7,7,7,7,7,7,7,7,7,7,7,7,7,7,7,7,7,7,7,7,7,7,-22.240700,114.096700,9.000000,lev15,Almucantar
Learmonth,26:11:2019,12:00:00,330,330.000000,0.000283,0.001963,0.006563,0.010455,0.009201,0.005937,0.003784,0.003114,0.003769,0.005836,0.008654,0.011420,0.013630,0.014759,0.014986,0.014587,0.012868,0.009568,0.005651,0.002534,0.000843,0.000209,0.439000,6,6,6,6,6,6,6,6,6,6,6,6,6,6,6,6,6,6,6,6,6,6,6,-22.240700,114.096700,9.000000,lev15,Almucantar
Learmonth,27:11:2019,12:00:00,331,331.000000,0.000364,0.002159,0.006663,0.010559,0.009732,0.006782,0.004835,0.004571,0.006555,0.011660,0.016843,0.020092,0.024719,0.031227,0.031848,0.027752,0.022170,0.015948,0.009548,0.004372,0.001453,0.000350,0.439000,6,6,6,6,6,6,6,6,6,6,6,6,6,6,6,6,6,6,6,6,6,6,6,-22.240700,114.096700,9.000000,lev15,Almucantar
Learmonth,28:11:2019,12:00:00,332,332.000000,0.000275,0.001048,0.002843,0.004837,0.005446,0.004996,0.004643,0.004869,0.006393,0.009771,0.012749,0.013712,0.014552,0.016294,0.017174,0.017025,0.016020,0.013458,0.009006,0.004318,0.001387,0.000293,0.439000,6,6,6,6,6,6,6,6,6,6,6,6,6,6,6,6,6,6,6,6,6,6,6,-22.240700,114.096700,9.000000,lev15,Almucantar
Learmonth,29:11:2019,12:00:00,333,333.000000,0.000294,0.000907,0.001917,0.002850,0.003282,0.003372,0.003481,0.003969,0.005510,0.008224,0.010352,0.012085,0.014446,0.016476,0.018199,0.021221,0.025051,0.025081,0.017653,0.007759,0.001989,0.000290,0.439000,6,6,6,6,6,6,6,6,6,6,6,6,6,6,6,6,6,6,6,6,6,6,6,-22.240700,114.096700,9.000000,lev15,Almucantar
Learmonth,30:11:2019,12:00:00,334,334.000000,0.001697,0.004857,0.007451,0.006784,0.004673,0.003357,0.003223,0.004409,0.007758,0.014886,0.027831,0.050072,0.083619,0.118320,0.140585,0.158647,0.159793,0.123543,0.065783,0.022493,0.004747,0.000658,0.439000,6,6,6,6,6,6,6,6,6,6,6,6,6,6,6,6,6,6,6,6,6,6,6,-22.240700,114.096700,9.000000,lev15,Almucantar
Learmonth,01:12:2019,12:00:00,335,335.000000,0.001411,0.004880,0.007977,0.006857,0.004271,0.002872,0.002628,0.003404,0.005910,0.011740,0.022483,0.039907,0.065727,0.090065,0.104849,0.122949,0.126618,0.092627,0.044220,0.013878,0.002945,0.000438,0.439000,8,8,8,8,8,8,8,8,8,8,8,8,8,8,8,8,8,8,8,8,8,8,8,-22.240700,114.096700,9.000000,lev15,Almucantar
Learmonth,02:12:2019,12:00:00,336,336.000000,0.000593,0.002753,0.005985,0.006433,0.004611,0.003239,0.002700,0.002879,0.004270,0.007999,0.014477,0.023287,0.034160,0.043037,0.050467,0.061468,0.070046,0.061696,0.036277,0.012863,0.002623,0.000319,0.439000,9,9,9,9,9,9,9,9,9,9,9,9,9,9,9,9,9,9,9,9,9,9,9,-22.240700,114.096700,9.000000,lev15,Almucantar
Learmonth,03:12:2019,12:00:00,337,337.000000,0.000211,0.000772,0.001807,0.002772,0.003095,0.002908,0.002576,0.002447,0.003015,0.004668,0.006913,0.009007,0.011241,0.013829,0.016946,0.021146,0.025163,0.024413,0.016284,0.006617,0.001533,0.000198,0.439000,6,6,6,6,6,6,6,6,6,6,6,6,6,6,6,6,6,6,6,6,6,6,6,-22.240700,114.096700,9.000000,lev15,Almucantar
Learmonth,04:12:2019,12:00:00,338,338.000000,0.000190,0.000752,0.001803,0.002744,0.002972,0.002643,0.002207,0.002073,0.002622,0.004129,0.006224,0.008297,0.010529,0.013100,0.016251,0.020299,0.023916,0.022944,0.015166,0.006102,0.001397,0.000179,0.439000,7,7,7,7,7,7,7,7,7,7,7,7,7,7,7,7,7,7,7,7,7,7,7,-22.240700,114.096700,9.000000,lev15,Almucantar
Learmonth,05:12:2019,12:00:00,339,339.000000,0.000227,0.000761,0.001716,0.002625,0.002981,0.002874,0.002614,0.002564,0.003319,0.005591,0.009158,0.012877,0.015958,0.018052,0.020072,0.022405,0.022995,0.019025,0.011457,0.004708,0.001267,0.000220,0.439000,5,5,5,5,5,5,5,5,5,5,5,5,5,5,5,5,5,5,5,5,5,5,5,-22.240700,114.096700,9.000000,lev15,Almucantar
Learmonth,06:12:2019,12:00:00,340,340.000000,0.000207,0.000696,0.001596,0.002473,0.002826,0.002739,0.002496,0.002430,0.003130,0.005170,0.007875,0.010237,0.012687,0.015303,0.018190,0.021093,0.022004,0.018367,0.011074,0.004496,0.001181,0.000200,0.439000,6,6,6,6,6,6,6,6,6,6,6,6,6,6,6,6,6,6,6,6,6,6,6,-22.240700,114.096700,9.000000,lev15,Almucantar
Learmonth,07:12:2019,12:00:00,341,341.000000,0.000211,0.000867,0.002104,0.003092,0.003142,0.002642,0.002142,0.001977,0.002538,0.004403,0.007367,0.010286,0.013260,0.016641,0.019897,0.021968,0.020688,0.015263,0.008328,0.003232,0.000874,0.000168,0.439000,9,9,9,9,9,9,9,9,9,9,9,9,9,9,9,9,9,9,9,9,9,9,9,-22.240700,114.096700,9.000000,lev15,Almucantar
Learmonth,08:12:2019,12:00:00,342,342.000000,0.000451,0.001543,0.002903,0.003350,0.002966,0.002418,0.002090,0.002251,0.003438,0.006680,0.011663,0.016973,0.022736,0.027444,0.030822,0.033893,0.034769,0.028648,0.016631,0.006437,0.001634,0.000274,0.439000,7,7,7,7,7,7,7,7,7,7,7,7,7,7,7,7,7,7,7,7,7,7,7,-22.240700,114.096700,9.000000,lev15,Almucantar
Learmonth,09:12:2019,12:00:00,343,343.000000,0.000172,0.000479,0.000969,0.001448,0.001757,0.001945,0.002079,0.002303,0.003105,0.004798,0.006425,0.007792,0.009639,0.011142,0.012270,0.013636,0.014709,0.013424,0.008960,0.003927,0.001061,0.000174,0.439000,7,7,7,7,7,7,7,7,7,7,7,7,7,7,7,7,7,7,7,7,7,7,7,-22.240700,114.096700,9.000000,lev15,Almucantar
Learmonth,10:12:2019,12:00:00,344,344.000000,0.000246,0.001035,0.002395,0.003331,0.003331,0.002889,0.002487,0.002456,0.003210,0.004946,0.006600,0.007622,0.009189,0.010966,0.012058,0.013123,0.014185,0.013784,0.010309,0.004979,0.001349,0.000200,0.439000,9,9,9,9,9,9,9,9,9,9,9,9,9,9,9,9,9,9,9,9,9,9,9,-22.240700,114.096700,9.000000,lev15,Almucantar
Learmonth,11:12:2019,12:00:00,345,345.000000,0.000304,0.001356,0.003365,0.004859,0.004779,0.003995,0.003456,0.003620,0.004958,0.007524,0.009814,0.011517,0.013682,0.015456,0.016374,0.016768,0.016112,0.013311,0.008536,0.003886,0.001185,0.000238,0.439000,7,7,7,7,7,7,7,7,7,7,7,7,7,7,7,7,7,7,7,7,7,7,7,-22.240700,114.096700,9.000000,lev15,Almucantar
Learmonth,12:12:2019,12:00:00,346,346.000000,0.000332,0.001421,0.003449,0.004930,0.004678,0.003635,0.002960,0.003105,0.004460,0.007450,0.011492,0.015773,0.019859,0.023460,0.028203,0.034654,0.038483,0.033224,0.020016,0.007811,0.001883,0.000279,0.439000,7,7,7,7,7,7,7,7,7,7,7,7,7,7,7,7,7,7,7,7,7,7,7,-22.240700,114.096700,9.000000,lev15,Almucantar
Learmonth,13:12:2019,12:00:00,347,347.000000,0.000431,0.001588,0.003331,0.004197,0.003707,0.002973,0.002797,0.003474,0.005393,0.008779,0.012823,0.017288,0.021634,0.024401,0.026539,0.029593,0.032318,0.030163,0.020564,0.008996,0.002327,0.000348,0.439000,5,5,5,5,5,5,5,5,5,5,5,5,5,5,5,5,5,5,5,5,5,5,5,-22.240700,114.096700,9.000000,lev15,Almucantar
Learmonth,14:12:2019,12:00:00,348,348.000000,0.000217,0.000907,0.002217,0.003305,0.003477,0.003081,0.002591,0.002404,0.002987,0.004714,0.007135,0.009245,0.011241,0.012987,0.014320,0.015570,0.015759,0.013031,0.007909,0.003322,0.000933,0.000173,0.439000,9,9,9,9,9,9,9,9,9,9,9,9,9,9,9,9,9,9,9,9,9,9,9,-22.240700,114.096700,9.000000,lev15,Almucantar
Learmonth,15:12:2019,12:00:00,349,349.000000,0.000267,0.001108,0.002711,0.004082,0.004267,0.003731,0.003238,0.003279,0.004521,0.007503,0.010892,0.014237,0.017836,0.020561,0.021564,0.020585,0.016938,0.011286,0.005935,0.002450,0.000792,0.000200,0.439000,5,5,5,5,5,5,5,5,5,5,5,5,5,5,5,5,5,5,5,5,5,5,5,-22.240700,114.096700,9.000000,lev15,Almucantar
Learmonth,16:12:2019,12:00:00,350,350.000000,0.000195,0.001012,0.002812,0.004381,0.004479,0.003744,0.002989,0.002659,0.003273,0.004978,0.006632,0.007768,0.009217,0.010991,0.011470,0.010069,0.007466,0.004736,0.002555,0.001146,0.000423,0.000131,0.439000,6,6,6,6,6,6,6,6,6,6,6,6,6,6,6,6,6,6,6,6,6,6,6,-22.240700,114.096700,9.000000,lev15,Almucantar
Learmonth,17:12:2019,12:00:00,351,351.000000,0.000164,0.000948,0.003032,0.004740,0.004452,0.003558,0.002935,0.002579,0.002877,0.004231,0.006049,0.007024,0.007932,0.009488,0.010642,0.010612,0.009527,0.007538,0.004832,0.002234,0.000691,0.000144,0.439000,6,6,6,6,6,6,6,6,6,6,6,6,6,6,6,6,6,6,6,6,6,6,6,-22.240700,114.096700,9.000000,lev15,Almucantar
Learmonth,18:12:2019,12:00:00,352,352.000000,0.000191,0.000887,0.002342,0.003600,0.003617,0.002863,0.002212,0.002058,0.002605,0.004069,0.006117,0.008186,0.010377,0.012493,0.014855,0.017950,0.020834,0.019974,0.013284,0.005405,0.001269,0.000172,0.439000,6,6,6,6,6,6,6,6,6,6,6,6,6,6,6,6,6,6,6,6,6,6,6,-22.240700,114.096700,9.000000,lev15,Almucantar
Learmonth,19:12:2019,12:00:00,353,353.000000,0.000247,0.001149,0.003102,0.004894,0.004930,0.003778,0.002802,0.002551,0.003267,0.005379,0.008899,0.013125,0.017542,0.021224,0.023334,0.024367,0.024358,0.021481,0.014478,0.006347,0.001619,0.000245,0.439000,4,4,4,4,4,4,4,4,4,4,4,4,4,4,4,4,4,4,4,4,4,4,4,-22.240700,114.096700,9.000000,lev15,Almucantar
Learmonth,20:12:2019,12:00:00,354,354.000000,0.000108,0.000254,0.000541,0.001022,0.001707,0.002435,0.002729,0.002513,0.002693,0.003753,0.005108,0.006174,0.007221,0.007934,0.008324,0.008953,0.009829,0.009696,0.007170,0.003420,0.000965,0.000156,0.439000,4,4,4,4,4,4,4,4,4,4,4,4,4,4,4,4,4,4,4,4,4,4,4,-22.240700,114.096700,9.000000,lev15,Almucantar
Learmonth,21:12:2019,12:00:00,355,355.000000,0.000281,0.000924,0.002018,0.002938,0.003234,0.003244,0.003323,0.003738,0.005148,0.007894,0.010497,0.012537,0.014819,0.016072,0.015937,0.015753,0.015539,0.013856,0.009729,0.004717,0.001437,0.000267,0.439000,6,6,6,6,6,6,6,6,6,6,6,6,6,6,6,6,6,6,6,6,6,6,6,-22.240700,114.096700,9.000000,lev15,Almucantar
Learmonth,22:12:2019,12:00:00,356,356.000000,0.000321,0.001118,0.002450,0.003445,0.003493,0.003108,0.002918,0.003325,0.005145,0.009616,0.015051,0.018665,0.021650,0.025019,0.027003,0.029267,0.030827,0.027493,0.018071,0.007788,0.002010,0.000301,0.439000,5,5,5,5,5,5,5,5,5,5,5,5,5,5,5,5,5,5,5,5,5,5,5,-22.240700,114.096700,9.000000,lev15,Almucantar
Learmonth,23:12:2019,12:00:00,357,357.000000,0.000320,0.001792,0.005127,0.007934,0.007740,0.005839,0.004277,0.003863,0.004922,0.007408,0.010187,0.012958,0.016118,0.018082,0.019310,0.020748,0.021099,0.017858,0.011223,0.004841,0.001370,0.000250,0.439000,6,6,6,6,6,6,6,6,6,6,6,6,6,6,6,6,6,6,6,6,6,6,6,-22.240700,114.096700,9.000000,lev15,Almucantar
Learmonth,24:12:2019,12:00:00,358,358.000000,0.000292,0.001583,0.004926,0.008892,0.009806,0.007536,0.005159,0.004364,0.005465,0.008437,0.011570,0.014045,0.016615,0.017851,0.018652,0.020552,0.022653,0.021576,0.015126,0.006916,0.001918,0.000315,0.439000,6,6,6,6,6,6,6,6,6,6,6,6,6,6,6,6,6,6,6,6,6,6,6,-22.240700,114.096700,9.000000,lev15,Almucantar
Learmonth,25:12:2019,12:00:00,359,359.000000,0.000360,0.002517,0.008495,0.014314,0.013509,0.008739,0.005219,0.003935,0.004343,0.006387,0.009814,0.013585,0.017168,0.020418,0.023366,0.025596,0.025416,0.020831,0.012774,0.005443,0.001550,0.000292,0.439000,5,5,5,5,5,5,5,5,5,5,5,5,5,5,5,5,5,5,5,5,5,5,5,-22.240700,114.096700,9.000000,lev15,Almucantar
Learmonth,26:12:2019,12:00:00,360,360.000000,0.000324,0.002313,0.009808,0.024126,0.032163,0.019424,0.006748,0.003562,0.004625,0.009356,0.013646,0.014168,0.015715,0.019343,0.021798,0.023533,0.026123,0.027041,0.021005,0.010118,0.002712,0.000390,0.439000,2,2,2,2,2,2,2,2,2,2,2,2,2,2,2,2,2,2,2,2,2,2,2,-22.240700,114.096700,9.000000,lev15,Almucantar
Learmonth,27:12:2019,12:00:00,361,361.000000,0.000461,0.003576,0.014775,0.027349,0.025690,0.014345,0.006288,0.003937,0.004648,0.008461,0.014954,0.022316,0.030338,0.038072,0.047318,0.061632,0.078661,0.082266,0.057656,0.022470,0.004320,0.000423,0.439000,7,7,7,7,7,7,7,7,7,7,7,7,7,7,7,7,7,7,7,7,7,7,7,-22.240700,114.096700,9.000000,lev15,Almucantar
Learmonth,28:12:2019,12:00:00,362,362.000000,0.000333,0.002074,0.008231,0.019725,0.026371,0.016880,0.006504,0.003397,0.003907,0.007692,0.013505,0.016549,0.018895,0.023461,0.029592,0.036377,0.041944,0.039699,0.026681,0.011159,0.002692,0.000369,0.439000,3,3,3,3,3,3,3,3,3,3,3,3,3,3,3,3,3,3,3,3,3,3,3,-22.240700,114.096700,9.000000,lev15,Almucantar
Learmonth,30:12:2019,12:00:00,364,364.000000,0.000263,0.001416,0.004700,0.009480,0.011607,0.009109,0.005676,0.004146,0.004774,0.007765,0.011578,0.014883,0.019427,0.023586,0.026967,0.031014,0.033623,0.029897,0.019341,0.008299,0.002182,0.000342,0.439000,5,5,5,5,5,5,5,5,5,5,5,5,5,5,5,5,5,5,5,5,5,5,5,-22.240700,114.096700,9.000000,lev15,Almucantar
Learmonth,31:12:2019,12:00:00,365,365.000000,0.000385,0.001966,0.005793,0.009975,0.010435,0.007524,0.005034,0.004510,0.006429,0.011058,0.015076,0.017552,0.021611,0.026568,0.029786,0.032918,0.036052,0.035373,0.026466,0.012384,0.003105,0.000420,0.439000,9,9,9,9,9,9,9,9,9,9,9,9,9,9,9,9,9,9,9,9,9,9,9,-22.240700,114.096700,9.000000,lev15,Almucantar
Learmonth,01:01:2020,12:00:00,1,1.000000,0.000352,0.001646,0.004438,0.007004,0.007126,0.005656,0.004548,0.004740,0.006637,0.009840,0.012604,0.014596,0.016974,0.019594,0.022387,0.025755,0.028338,0.026534,0.018155,0.007944,0.002071,0.000324,0.439000,7,7,7,7,7,7,7,7,7,7,7,7,7,7,7,7,7,7,7,7,7,7,7,-22.240700,114.096700,9.000000,lev15,Almucantar
Learmonth,02:01:2020,12:00:00,2,2.000000,0.000400,0.001703,0.004075,0.005655,0.005222,0.004095,0.003644,0.004624,0.007742,0.010658,0.011273,0.012168,0.014523,0.017780,0.021509,0.025655,0.029395,0.029050,0.021179,0.009494,0.002347,0.000341,0.623333,3,3,3,3,3,3,3,3,3,3,3,3,3,3,3,3,3,3,3,3,3,3,3,-22.240700,114.096700,9.000000,lev15,Almucantar
Learmonth,03:01:2020,12:00:00,3,3.000000,0.000436,0.001361,0.002897,0.004105,0.004048,0.003210,0.002573,0.002594,0.003639,0.006632,0.012775,0.021049,0.028994,0.036696,0.046694,0.063053,0.084482,0.092991,0.067269,0.026529,0.005106,0.000477,0.439000,3,3,3,3,3,3,3,3,3,3,3,3,3,3,3,3,3,3,3,3,3,3,3,-22.240700,114.096700,9.000000,lev15,Almucantar
Learmonth,04:01:2020,12:00:00,4,4.000000,0.000153,0.000450,0.000995,0.001641,0.002095,0.002198,0.002027,0.001907,0.002257,0.003339,0.005024,0.006955,0.009062,0.011274,0.014196,0.018883,0.024629,0.026246,0.018604,0.007518,0.001596,0.000176,0.439000,9,9,9,9,9,9,9,9,9,9,9,9,9,9,9,9,9,9,9,9,9,9,9,-22.240700,114.096700,9.000000,lev15,Almucantar
Learmonth,05:01:2020,12:00:00,5,5.000000,0.000218,0.000738,0.001743,0.002894,0.003516,0.003378,0.002932,0.002861,0.003965,0.006919,0.009535,0.010923,0.013648,0.016886,0.018194,0.019446,0.021481,0.021686,0.016693,0.008198,0.002212,0.000308,0.439000,7,7,7,7,7,7,7,7,7,7,7,7,7,7,7,7,7,7,7,7,7,7,7,-22.240700,114.096700,9.000000,lev15,Almucantar
Learmonth,06:01:2020,12:00:00,6,6.000000,0.000273,0.000947,0.002052,0.002893,0.003004,0.002697,0.002424,0.002598,0.003811,0.006846,0.011269,0.014662,0.016491,0.018191,0.020925,0.026157,0.034999,0.043569,0.039293,0.019206,0.004091,0.000358,0.439000,3,3,3,3,3,3,3,3,3,3,3,3,3,3,3,3,3,3,3,3,3,3,3,-22.240700,114.096700,9.000000,lev15,Almucantar
Learmonth,07:01:2020,12:00:00,7,7.000000,0.000334,0.000935,0.001791,0.002415,0.002551,0.002513,0.002773,0.003842,0.006426,0.010396,0.013627,0.015629,0.016974,0.017954,0.019712,0.022842,0.025962,0.025192,0.017929,0.008219,0.002167,0.000318,0.439000,7,7,7,7,7,7,7,7,7,7,7,7,7,7,7,7,7,7,7,7,7,7,7,-22.240700,114.096700,9.000000,lev15,Almucantar
Learmonth,09:01:2020,12:00:00,9,9.000000,0.000586,0.001268,0.001959,0.002225,0.002054,0.001820,0.001873,0.002564,0.004599,0.009266,0.017410,0.027340,0.036695,0.044486,0.054535,0.071188,0.088320,0.086097,0.055255,0.020311,0.003957,0.000414,0.439000,6,6,6,6,6,6,6,6,6,6,6,6,6,6,6,6,6,6,6,6,6,6,6,-22.240700,114.096700,9.000000,lev15,Almucantar
Learmonth,10:01:2020,12:00:00,10,10.000000,0.000379,0.001015,0.001674,0.001822,0.001540,0.001271,0.001304,0.001931,0.003826,0.007345,0.010057,0.010552,0.010727,0.011843,0.014000,0.017684,0.024186,0.038134,0.066614,0.070654,0.021900,0.001510,0.439000,2,2,2,2,2,2,2,2,2,2,2,2,2,2,2,2,2,2,2,2,2,2,2,-22.240700,114.096700,9.000000,lev15,Almucantar
Learmonth,11:01:2020,12:00:00,11,11.000000,0.000384,0.001107,0.002025,0.002520,0.002451,0.002223,0.002275,0.003065,0.005213,0.008255,0.010039,0.011193,0.014493,0.020936,0.028014,0.034673,0.043993,0.055810,0.057656,0.032993,0.007345,0.000572,0.439000,2,2,2,2,2,2,2,2,2,2,2,2,2,2,2,2,2,2,2,2,2,2,2,-22.240700,114.096700,9.000000,lev15,Almucantar
Learmonth,12:01:2020,12:00:00,12,12.000000,0.000337,0.001017,0.002154,0.003202,0.003622,0.003606,0.003714,0.004389,0.005915,0.008174,0.010351,0.011975,0.013877,0.017221,0.023274,0.032775,0.042854,0.044077,0.030202,0.012169,0.002695,0.000322,0.439000,3,3,3,3,3,3,3,3,3,3,3,3,3,3,3,3,3,3,3,3,3,3,3,-22.240700,114.096700,9.000000,lev15,Almucantar
Learmonth,13:01:2020,12:00:00,13,13.000000,0.000381,0.001170,0.002601,0.004266,0.005444,0.005909,0.006093,0.006592,0.007865,0.010203,0.013653,0.018149,0.023801,0.030742,0.038397,0.044380,0.044126,0.034587,0.019743,0.007757,0.002033,0.000351,0.439000,1,1,1,1,1,1,1,1,1,1,1,1,1,1,1,1,1,1,1,1,1,1,1,-22.240700,114.096700,9.000000,lev15,Almucantar
Learmonth,14:01:2020,12:00:00,14,14.000000,0.000164,0.000527,0.001226,0.002076,0.002668,0.002739,0.002483,0.002541,0.003762,0.006969,0.009877,0.010396,0.011559,0.014899,0.017131,0.018039,0.018474,0.017039,0.012045,0.005551,0.001496,0.000227,0.439000,4,4,4,4,4,4,4,4,4,4,4,4,4,4,4,4,4,4,4,4,4,4,4,-22.240700,114.096700,9.000000,lev15,Almucantar
Learmonth,15:01:2020,12:00:00,15,15.000000,0.000277,0.001213,0.003072,0.004792,0.005201,0.004447,0.003606,0.003727,0.005503,0.008932,0.011228,0.011662,0.012921,0.015723,0.017593,0.017430,0.016260,0.013942,0.009572,0.004562,0.001388,0.000264,0.439000,2,2,2,2,2,2,2,2,2,2,2,2,2,2,2,2,2,2,2,2,2,2,2,-22.240700,114.096700,9.000000,lev15,Almucantar
Learmonth,16:01:2020,12:00:00,16,16.000000,0.000524,0.002219,0.004948,0.006309,0.005486,0.004085,0.003423,0.004119,0.007410,0.014822,0.022332,0.027274,0.034835,0.042375,0.042457,0.035862,0.026190,0.016414,0.008647,0.003726,0.001281,0.000347,0.439000,7,7,7,7,7,7,7,7,7,7,7,7,7,7,7,7,7,7,7,7,7,7,7,-22.240700,114.096700,9.000000,lev15,Almucantar
Learmonth,17:01:2020,12:00:00,17,17.000000,0.000241,0.000745,0.001576,0.002318,0.002603,0.002567,0.002624,0.003269,0.005348,0.009719,0.014368,0.016589,0.017618,0.018462,0.016780,0.013178,0.009331,0.006031,0.003476,0.001713,0.000694,0.000227,0.439000,6,6,6,6,6,6,6,6,6,6,6,6,6,6,6,6,6,6,6,6,6,6,6,-22.240700,114.096700,9.000000,lev15,Almucantar
Learmonth,18:01:2020,12:00:00,18,18.000000,0.000276,0.000863,0.001909,0.002994,0.003539,0.003573,0.003585,0.004197,0.006509,0.011378,0.015713,0.018219,0.020816,0.022784,0.020365,0.016610,0.013692,0.011009,0.007471,0.003701,0.001234,0.000280,0.439000,6,6,6,6,6,6,6,6,6,6,6,6,6,6,6,6,6,6,6,6,6,6,6,-22.240700,114.096700,9.000000,lev15,Almucantar
Learmonth,19:01:2020,12:00:00,19,19.000000,0.000345,0.001030,0.002123,0.003087,0.003423,0.003326,0.003393,0.004299,0.007392,0.014042,0.019289,0.022560,0.025232,0.027741,0.024785,0.019758,0.015834,0.012260,0.008134,0.004090,0.001429,0.000339,0.439000,6,6,6,6,6,6,6,6,6,6,6,6,6,6,6,6,6,6,6,6,6,6,6,-22.240700,114.096700,9.000000,lev15,Almucantar
Learmonth,20:01:2020,12:00:00,20,20.000000,0.000195,0.000413,0.000762,0.001205,0.001697,0.002242,0.002846,0.003618,0.005280,0.008259,0.010711,0.012807,0.015917,0.017778,0.016574,0.013143,0.009363,0.006055,0.003454,0.001669,0.000663,0.000216,0.439000,7,7,7,7,7,7,7,7,7,7,7,7,7,7,7,7,7,7,7,7,7,7,7,-22.240700,114.096700,9.000000,lev15,Almucantar
Learmonth,21:01:2020,12:00:00,21,21.000000,0.000206,0.000478,0.001008,0.001792,0.002921,0.004531,0.005795,0.005638,0.005686,0.007404,0.009941,0.012092,0.014397,0.016765,0.017862,0.018171,0.017498,0.014820,0.009914,0.004665,0.001426,0.000278,0.439000,7,7,7,7,7,7,7,7,7,7,7,7,7,7,7,7,7,7,7,7,7,7,7,-22.240700,114.096700,9.000000,lev15,Almucantar
Learmonth,22:01:2020,12:00:00,22,22.000000,0.000130,0.000256,0.000553,0.001237,0.002690,0.005016,0.006489,0.005448,0.004442,0.004708,0.005602,0.006932,0.008646,0.009717,0.010242,0.011152,0.012372,0.012105,0.008728,0.004097,0.001180,0.000209,0.497714,7,7,7,7,7,7,7,7,7,7,7,7,7,7,7,7,7,7,7,7,7,7,7,-22.240700,114.096700,9.000000,lev15,Almucantar
Learmonth,23:01:2020,12:00:00,23,23.000000,0.000150,0.000375,0.000826,0.001561,0.002506,0.003382,0.003704,0.003411,0.003361,0.004045,0.005249,0.006689,0.008295,0.009957,0.012159,0.015770,0.020176,0.021046,0.014689,0.006069,0.001411,0.000186,0.439000,8,8,8,8,8,8,8,8,8,8,8,8,8,8,8,8,8,8,8,8,8,8,8,-22.240700,114.096700,9.000000,lev15,Almucantar
Learmonth,24:01:2020,12:00:00,24,24.000000,0.000301,0.000763,0.001473,0.002324,0.003216,0.003936,0.004244,0.004352,0.005050,0.007062,0.009885,0.012749,0.016449,0.020249,0.022434,0.024279,0.025854,0.024754,0.018432,0.008995,0.002462,0.000359,0.439000,10,10,10,10,10,10,10,10,10,10,10,10,10,10,10,10,10,10,10,10,10,10,10,-22.240700,114.096700,9.000000,lev15,Almucantar
Learmonth,25:01:2020,12:00:00,25,25.000000,0.000418,0.000818,0.001385,0.002073,0.003113,0.005119,0.007740,0.007909,0.007083,0.008323,0.012212,0.019507,0.030132,0.038067,0.043532,0.052435,0.061535,0.057961,0.037102,0.014492,0.003241,0.000409,0.480100,10,10,10,10,10,10,10,10,10,10,10,10,10,10,10,10,10,10,10,10,10,10,10,-22.240700,114.096700,9.000000,lev15,Almucantar
Learmonth,26:01:2020,12:00:00,26,26.000000,0.000219,0.000312,0.000584,0.001275,0.003116,0.007718,0.014039,0.012653,0.008124,0.006644,0.007528,0.010079,0.013373,0.016440,0.019049,0.022104,0.025289,0.025344,0.018835,0.008889,0.002403,0.000363,0.616000,9,9,9,9,9,9,9,9,9,9,9,9,9,9,9,9,9,9,9,9,9,9,9,-22.240700,114.096700,9.000000,lev15,Almucantar
Learmonth,27:01:2020,12:00:00,27,27.000000,0.000218,0.000502,0.001006,0.001726,0.002595,0.003500,0.004233,0.004736,0.005719,0.007785,0.009980,0.012205,0.014341,0.015527,0.016525,0.018163,0.019996,0.019094,0.013345,0.006025,0.001637,0.000263,0.439000,7,7,7,7,7,7,7,7,7,7,7,7,7,7,7,7,7,7,7,7,7,7,7,-22.240700,114.096700,9.000000,lev15,Almucantar
Learmonth,28:01:2020,12:00:00,28,28.000000,0.000273,0.000619,0.001098,0.001603,0.002116,0.002658,0.003127,0.003579,0.004657,0.006496,0.008074,0.009744,0.012216,0.014330,0.015485,0.017882,0.023745,0.032753,0.038552,0.029739,0.010283,0.001172,0.439000,8,8,8,8,8,8,8,8,8,8,8,8,8,8,8,8,8,8,8,8,8,8,8,-22.240700,114.096700,9.000000,lev15,Almucantar
Learmonth,29:01:2020,12:00:00,29,29.000000,0.000273,0.000692,0.001380,0.002162,0.002723,0.002981,0.003300,0.004424,0.007331,0.010911,0.011220,0.011249,0.014684,0.019988,0.023389,0.026938,0.033132,0.039216,0.034785,0.017775,0.004351,0.000474,0.439000,4,4,4,4,4,4,4,4,4,4,4,4,4,4,4,4,4,4,4,4,4,4,4,-22.240700,114.096700,9.000000,lev15,Almucantar
Learmonth,30:01:2020,12:00:00,30,30.000000,0.000289,0.000647,0.001165,0.001665,0.001942,0.001999,0.002062,0.002480,0.003774,0.006657,0.011197,0.016870,0.023747,0.031019,0.039141,0.048970,0.056187,0.051354,0.032892,0.012840,0.002695,0.000307,0.439000,6,6,6,6,6,6,6,6,6,6,6,6,6,6,6,6,6,6,6,6,6,6,6,-22.240700,114.096700,9.000000,lev15,Almucantar
Learmonth,31:01:2020,12:00:00,31,31.000000,0.000194,0.000425,0.000787,0.001218,0.001639,0.001992,0.002219,0.002425,0.003091,0.004776,0.007449,0.010313,0.013379,0.016511,0.019676,0.023508,0.027582,0.028151,0.020701,0.009121,0.002138,0.000261,0.439000,7,7,7,7,7,7,7,7,7,7,7,7,7,7,7,7,7,7,7,7,7,7,7,-22.240700,114.096700,9.000000,lev15,Almucantar
Learmonth,01:02:2020,12:00:00,32,32.000000,0.000085,0.000279,0.000698,0.001310,0.001919,0.002324,0.002383,0.002155,0.002041,0.002286,0.002824,0.003558,0.004483,0.005338,0.005912,0.006255,0.006246,0.005409,0.003588,0.001641,0.000490,0.000096,0.466400,5,5,5,5,5,5,5,5,5,5,5,5,5,5,5,5,5,5,5,5,5,5,5,-22.240700,114.096700,9.000000,lev15,Almucantar
Learmonth,02:02:2020,12:00:00,33,33.000000,0.000214,0.000390,0.000686,0.001132,0.001867,0.003119,0.004613,0.005719,0.007806,0.011881,0.014037,0.015738,0.018767,0.022539,0.024622,0.025730,0.025757,0.023657,0.017509,0.008269,0.002123,0.000322,0.439000,6,6,6,6,6,6,6,6,6,6,6,6,6,6,6,6,6,6,6,6,6,6,6,-22.240700,114.096700,9.000000,lev15,Almucantar
Learmonth,03:02:2020,12:00:00,34,34.000000,0.000260,0.000528,0.000968,0.001562,0.002255,0.003035,0.003900,0.005018,0.007404,0.011751,0.014976,0.016945,0.020286,0.024840,0.027328,0.027611,0.027909,0.027856,0.023567,0.013020,0.003670,0.000500,0.439000,7,7,7,7,7,7,7,7,7,7,7,7,7,7,7,7,7,7,7,7,7,7,7,-22.240700,114.096700,9.000000,lev15,Almucantar
Learmonth,04:02:2020,12:00:00,35,35.000000,0.000339,0.000670,0.001131,0.001654,0.002205,0.002865,0.003782,0.005261,0.008232,0.013006,0.015441,0.014520,0.016185,0.022274,0.026869,0.027071,0.025674,0.022561,0.015835,0.007566,0.002226,0.000389,0.439000,2,2,2,2,2,2,2,2,2,2,2,2,2,2,2,2,2,2,2,2,2,2,2,-22.240700,114.096700,9.000000,lev15,Almucantar
Learmonth,05:02:2020,12:00:00,36,36.000000,0.000332,0.000825,0.001566,0.002309,0.002805,0.003108,0.003556,0.004629,0.006786,0.009849,0.012628,0.014337,0.015514,0.017123,0.019995,0.024338,0.028426,0.027718,0.019299,0.008450,0.002171,0.000324,0.439000,4,4,4,4,4,4,4,4,4,4,4,4,4,4,4,4,4,4,4,4,4,4,4,-22.240700,114.096700,9.000000,lev15,Almucantar
Learmonth,09:02:2020,12:00:00,40,40.000000,0.000210,0.000609,0.001248,0.001824,0.002104,0.002212,0.002393,0.002956,0.004399,0.007073,0.009824,0.011788,0.014084,0.015627,0.015265,0.014988,0.015876,0.016208,0.012400,0.005802,0.001513,0.000225,0.439000,4,4,4,4,4,4,4,4,4,4,4,4,4,4,4,4,4,4,4,4,4,4,4,-22.240700,114.096700,9.000000,lev15,Almucantar
Learmonth,10:02:2020,12:00:00,41,41.000000,0.000416,0.000866,0.001521,0.002145,0.002615,0.003137,0.003954,0.005215,0.008018,0.015094,0.023083,0.028741,0.035500,0.046777,0.052884,0.052059,0.046270,0.034488,0.019640,0.007959,0.002202,0.000413,0.439000,4,4,4,4,4,4,4,4,4,4,4,4,4,4,4,4,4,4,4,4,4,4,4,-22.240700,114.096700,9.000000,lev15,Almucantar
Learmonth,11:02:2020,12:00:00,42,42.000000,0.000239,0.000467,0.000868,0.001530,0.002509,0.003685,0.004624,0.005139,0.006403,0.010384,0.016102,0.019786,0.023170,0.030222,0.037693,0.038337,0.030006,0.018023,0.008560,0.003272,0.001003,0.000246,0.439000,4,4,4,4,4,4,4,4,4,4,4,4,4,4,4,4,4,4,4,4,4,4,4,-22.240700,114.096700,9.000000,lev15,Almucantar
Learmonth,12:02:2020,12:00:00,43,43.000000,0.000203,0.000452,0.000900,0.001528,0.002357,0.003493,0.004632,0.005233,0.006204,0.008342,0.010251,0.011679,0.014290,0.018159,0.020358,0.018217,0.013004,0.007736,0.003955,0.001738,0.000651,0.000210,0.439000,5,5,5,5,5,5,5,5,5,5,5,5,5,5,5,5,5,5,5,5,5,5,5,-22.240700,114.096700,9.000000,lev15,Almucantar
Learmonth,13:02:2020,12:00:00,44,44.000000,0.000164,0.000384,0.000791,0.001397,0.002118,0.002829,0.003388,0.003773,0.004811,0.007062,0.008645,0.010148,0.012781,0.015696,0.016048,0.013514,0.009998,0.006628,0.003817,0.001802,0.000670,0.000197,0.439000,6,6,6,6,6,6,6,6,6,6,6,6,6,6,6,6,6,6,6,6,6,6,6,-22.240700,114.096700,9.000000,lev15,Almucantar
Learmonth,14:02:2020,12:00:00,45,45.000000,0.000104,0.000255,0.000565,0.001078,0.001844,0.002872,0.003636,0.003571,0.003762,0.004981,0.006122,0.006812,0.007975,0.009140,0.009111,0.007766,0.005701,0.003611,0.001970,0.000917,0.000361,0.000120,0.439000,6,6,6,6,6,6,6,6,6,6,6,6,6,6,6,6,6,6,6,6,6,6,6,-22.240700,114.096700,9.000000,lev15,Almucantar
Learmonth,15:02:2020,12:00:00,46,46.000000,0.000176,0.000435,0.000908,0.001562,0.002320,0.003120,0.003686,0.003844,0.004558,0.006816,0.009292,0.010841,0.012734,0.014697,0.013905,0.011339,0.008273,0.005384,0.003027,0.001425,0.000553,0.000178,0.439000,5,5,5,5,5,5,5,5,5,5,5,5,5,5,5,5,5,5,5,5,5,5,5,-22.240700,114.096700,9.000000,lev15,Almucantar
Learmonth,16:02:2020,12:00:00,47,47.000000,0.000250,0.000635,0.001254,0.001902,0.002313,0.002500,0.002710,0.003226,0.004658,0.007686,0.011402,0.014657,0.018627,0.022508,0.024615,0.026057,0.027282,0.025085,0.016904,0.007197,0.001807,0.000274,0.439000,6,6,6,6,6,6,6,6,6,6,6,6,6,6,6,6,6,6,6,6,6,6,6,-22.240700,114.096700,9.000000,lev15,Almucantar
Learmonth,17:02:2020,12:00:00,48,48.000000,0.000166,0.000394,0.000806,0.001414,0.002222,0.003198,0.003906,0.003924,0.004247,0.005659,0.007479,0.009395,0.011508,0.012631,0.012331,0.011449,0.010259,0.008299,0.005413,0.002570,0.000841,0.000190,0.439000,8,8,8,8,8,8,8,8,8,8,8,8,8,8,8,8,8,8,8,8,8,8,8,-22.240700,114.096700,9.000000,lev15,Almucantar
Learmonth,18:02:2020,12:00:00,49,49.000000,0.000335,0.001038,0.002087,0.002899,0.003175,0.003189,0.003342,0.003988,0.005570,0.008411,0.011572,0.015305,0.019767,0.021558,0.020457,0.018701,0.016167,0.012229,0.007442,0.003394,0.001109,0.000258,0.439000,3,3,3,3,3,3,3,3,3,3,3,3,3,3,3,3,3,3,3,3,3,3,3,-22.240700,114.096700,9.000000,lev15,Almucantar
Learmonth,19:02:2020,12:00:00,50,50.000000,0.000260,0.000598,0.001162,0.001888,0.002642,0.003339,0.003988,0.004819,0.006725,0.010904,0.016072,0.020255,0.024001,0.026849,0.026850,0.024909,0.022857,0.019498,0.013396,0.006445,0.001968,0.000369,0.439000,6,6,6,6,6,6,6,6,6,6,6,6,6,6,6,6,6,6,6,6,6,6,6,-22.240700,114.096700,9.000000,lev15,Almucantar
Learmonth,20:02:2020,12:00:00,51,51.000000,0.000309,0.000990,0.002190,0.003261,0.003608,0.003461,0.003239,0.003401,0.004913,0.009443,0.015498,0.019700,0.024674,0.031557,0.033035,0.030617,0.027169,0.022335,0.015091,0.007066,0.002000,0.000338,0.439000,7,7,7,7,7,7,7,7,7,7,7,7,7,7,7,7,7,7,7,7,7,7,7,-22.240700,114.096700,9.000000,lev15,Almucantar
Learmonth,21:02:2020,12:00:00,52,52.000000,0.000200,0.000673,0.001671,0.002888,0.003641,0.003771,0.003560,0.003474,0.004629,0.008738,0.014216,0.016131,0.017312,0.022213,0.024596,0.021387,0.015561,0.009618,0.004976,0.002111,0.000726,0.000204,0.439000,5,5,5,5,5,5,5,5,5,5,5,5,5,5,5,5,5,5,5,5,5,5,5,-22.240700,114.096700,9.000000,lev15,Almucantar
Learmonth,22:02:2020,12:00:00,53,53.000000,0.000107,0.000307,0.000749,0.001372,0.002050,0.002882,0.003590,0.003527,0.003512,0.004671,0.006576,0.007263,0.007470,0.008791,0.009758,0.009265,0.007527,0.005157,0.002851,0.001235,0.000422,0.000120,0.439000,6,6,6,6,6,6,6,6,6,6,6,6,6,6,6,6,6,6,6,6,6,6,6,-22.240700,114.096700,9.000000,lev15,Almucantar
Learmonth,23:02:2020,12:00:00,54,54.000000,0.000109,0.000247,0.000530,0.001033,0.001845,0.002964,0.003822,0.003754,0.003737,0.004778,0.006074,0.006711,0.007583,0.009496,0.010890,0.010685,0.008995,0.006458,0.003761,0.001661,0.000538,0.000130,0.439000,5,5,5,5,5,5,5,5,5,5,5,5,5,5,5,5,5,5,5,5,5,5,5,-22.240700,114.096700,9.000000,lev15,Almucantar
Learmonth,24:02:2020,12:00:00,55,55.000000,0.000107,0.000277,0.000600,0.001074,0.001634,0.002162,0.002450,0.002460,0.002659,0.003405,0.004515,0.005733,0.006913,0.007566,0.007495,0.006873,0.005650,0.003967,0.002291,0.001065,0.000394,0.000116,0.439000,7,7,7,7,7,7,7,7,7,7,7,7,7,7,7,7,7,7,7,7,7,7,7,-22.240700,114.096700,9.000000,lev15,Almucantar
Learmonth,25:02:2020,12:00:00,56,56.000000,0.000326,0.000776,0.001360,0.001801,0.001972,0.002043,0.002284,0.003060,0.005112,0.009100,0.013384,0.015963,0.018213,0.021078,0.023377,0.024538,0.024746,0.022560,0.015870,0.007250,0.001940,0.000315,0.439000,7,7,7,7,7,7,7,7,7,7,7,7,7,7,7,7,7,7,7,7,7,7,7,-22.240700,114.096700,9.000000,lev15,Almucantar
Learmonth,26:02:2020,12:00:00,57,57.000000,0.000381,0.000972,0.001670,0.002011,0.001916,0.001781,0.002034,0.003139,0.005615,0.009133,0.013005,0.018046,0.023677,0.027901,0.031364,0.034971,0.035499,0.028569,0.016480,0.006449,0.001667,0.000283,0.439000,2,2,2,2,2,2,2,2,2,2,2,2,2,2,2,2,2,2,2,2,2,2,2,-22.240700,114.096700,9.000000,lev15,Almucantar
Learmonth,28:02:2020,12:00:00,59,59.000000,0.000220,0.000510,0.000962,0.001491,0.001990,0.002425,0.002791,0.003272,0.004638,0.007581,0.010542,0.012485,0.014560,0.016819,0.017724,0.018004,0.017888,0.015999,0.011331,0.005479,0.001582,0.000264,0.439000,6,6,6,6,6,6,6,6,6,6,6,6,6,6,6,6,6,6,6,6,6,6,6,-22.240700,114.096700,9.000000,lev15,Almucantar
Learmonth,29:02:2020,12:00:00,60,60.000000,0.000253,0.000827,0.001746,0.002423,0.002447,0.002189,0.002128,0.002568,0.003994,0.006783,0.009883,0.012562,0.015222,0.017198,0.019233,0.022034,0.023809,0.021335,0.013973,0.005961,0.001523,0.000226,0.439000,4,4,4,4,4,4,4,4,4,4,4,4,4,4,4,4,4,4,4,4,4,4,4,-22.240700,114.096700,9.000000,lev15,Almucantar
Learmonth,01:03:2020,12:00:00,61,61.000000,0.000218,0.000644,0.001380,0.002158,0.002629,0.002741,0.002683,0.002824,0.003909,0.006766,0.009979,0.012230,0.014881,0.018173,0.020653,0.022893,0.024140,0.021340,0.013816,0.005886,0.001530,0.000235,0.439000,7,7,7,7,7,7,7,7,7,7,7,7,7,7,7,7,7,7,7,7,7,7,7,-22.240700,114.096700,9.000000,lev15,Almucantar
Learmonth,02:03:2020,12:00:00,62,62.000000,0.000190,0.000526,0.001088,0.001698,0.002146,0.002441,0.002697,0.003108,0.004311,0.006960,0.009541,0.010964,0.012589,0.014355,0.014592,0.014285,0.013413,0.010941,0.006894,0.003082,0.000933,0.000188,0.439000,7,7,7,7,7,7,7,7,7,7,7,7,7,7,7,7,7,7,7,7,7,7,7,-22.240700,114.096700,9.000000,lev15,Almucantar
Learmonth,03:03:2020,12:00:00,63,63.000000,0.000606,0.001080,0.001527,0.001846,0.002057,0.002257,0.002626,0.003469,0.005384,0.009148,0.013596,0.018311,0.025212,0.029783,0.028358,0.025110,0.021775,0.017077,0.010708,0.004829,0.001464,0.000295,0.439000,5,5,5,5,5,5,5,5,5,5,5,5,5,5,5,5,5,5,5,5,5,5,5,-22.240700,114.096700,9.000000,lev15,Almucantar
Learmonth,04:03:2020,12:00:00,64,64.000000,0.000334,0.000989,0.001954,0.002662,0.002744,0.002506,0.002448,0.002958,0.004559,0.008128,0.014210,0.021093,0.024943,0.023905,0.019649,0.014573,0.009971,0.006251,0.003511,0.001722,0.000725,0.000260,0.439000,1,1,1,1,1,1,1,1,1,1,1,1,1,1,1,1,1,1,1,1,1,1,1,-22.240700,114.096700,9.000000,lev15,Almucantar
Learmonth,05:03:2020,12:00:00,65,65.000000,0.000164,0.000323,0.000599,0.001018,0.001639,0.002566,0.003647,0.004341,0.005067,0.006929,0.009309,0.010733,0.011497,0.012160,0.011552,0.009733,0.007322,0.004869,0.002779,0.001323,0.000518,0.000168,0.439000,7,7,7,7,7,7,7,7,7,7,7,7,7,7,7,7,7,7,7,7,7,7,7,-22.240700,114.096700,9.000000,lev15,Almucantar
Learmonth,06:03:2020,12:00:00,66,66.000000,0.000199,0.000515,0.001026,0.001614,0.002206,0.002810,0.003289,0.003550,0.004335,0.006526,0.009196,0.010625,0.011920,0.013571,0.013495,0.011617,0.008896,0.006022,0.003462,0.001620,0.000601,0.000176,0.439000,8,8,8,8,8,8,8,8,8,8,8,8,8,8,8,8,8,8,8,8,8,8,8,-22.240700,114.096700,9.000000,lev15,Almucantar
Learmonth,07:03:2020,12:00:00,67,67.000000,0.000178,0.000451,0.000921,0.001510,0.002094,0.002579,0.002798,0.002831,0.003336,0.004934,0.007326,0.009700,0.012240,0.014906,0.017097,0.018938,0.019630,0.016796,0.010319,0.004168,0.001087,0.000198,0.439000,9,9,9,9,9,9,9,9,9,9,9,9,9,9,9,9,9,9,9,9,9,9,9,-22.240700,114.096700,9.000000,lev15,Almucantar
Learmonth,04:05:2020,12:00:00,125,125.000000,0.000328,0.001921,0.005154,0.006666,0.004882,0.002812,0.001878,0.001896,0.002995,0.005703,0.008051,0.008679,0.011311,0.019540,0.027541,0.032628,0.036573,0.035605,0.025405,0.011197,0.002654,0.000320,0.439000,7,7,7,7,7,7,7,7,7,7,7,7,7,7,7,7,7,7,7,7,7,7,7,-22.240700,114.096700,9.000000,lev15,Almucantar
Learmonth,05:05:2020,12:00:00,126,126.000000,0.000234,0.000948,0.002167,0.002914,0.002672,0.002072,0.001709,0.001807,0.002565,0.004273,0.006567,0.008457,0.010496,0.013711,0.018186,0.022822,0.025080,0.022124,0.014101,0.005769,0.001382,0.000192,0.439000,4,4,4,4,4,4,4,4,4,4,4,4,4,4,4,4,4,4,4,4,4,4,4,-22.240700,114.096700,9.000000,lev15,Almucantar
Learmonth,06:05:2020,12:00:00,127,127.000000,0.000132,0.000300,0.000589,0.000993,0.001480,0.002005,0.002429,0.002634,0.002997,0.003989,0.005200,0.006213,0.007986,0.010974,0.013228,0.014105,0.013840,0.012110,0.008350,0.003842,0.001054,0.000169,0.439000,6,6,6,6,6,6,6,6,6,6,6,6,6,6,6,6,6,6,6,6,6,6,6,-22.240700,114.096700,9.000000,lev15,Almucantar
Learmonth,07:05:2020,12:00:00,128,128.000000,0.000080,0.000150,0.000287,0.000521,0.000908,0.001546,0.002304,0.002597,0.002723,0.003311,0.003923,0.004396,0.004901,0.005378,0.005612,0.005670,0.005486,0.004691,0.003155,0.001514,0.000491,0.000107,0.450417,12,12,12,12,12,12,12,12,12,12,12,12,12,12,12,12,12,12,12,12,12,12,12,-22.240700,114.096700,9.000000,lev15,Almucantar
Learmonth,11:05:2020,12:00:00,132,132.000000,0.000088,0.000450,0.001372,0.002489,0.002910,0.002534,0.001925,0.001499,0.001429,0.001747,0.002346,0.003064,0.003863,0.004720,0.005652,0.006591,0.006999,0.006059,0.003819,0.001616,0.000442,0.000079,0.439000,8,8,8,8,8,8,8,8,8,8,8,8,8,8,8,8,8,8,8,8,8,8,8,-22.240700,114.096700,9.000000,lev15,Almucantar
Learmonth,12:05:2020,12:00:00,133,133.000000,0.000092,0.000584,0.002021,0.003582,0.003660,0.002813,0.002017,0.001514,0.001362,0.001524,0.001815,0.002090,0.002399,0.002804,0.003298,0.003833,0.004165,0.003831,0.002650,0.001252,0.000384,0.000077,0.439000,13,13,13,13,13,13,13,13,13,13,13,13,13,13,13,13,13,13,13,13,13,13,13,-22.240700,114.096700,9.000000,lev15,Almucantar
Learmonth,13:05:2020,12:00:00,134,134.000000,0.000067,0.000235,0.000592,0.001055,0.001466,0.001777,0.001878,0.001681,0.001628,0.001968,0.002405,0.002720,0.003152,0.003804,0.004507,0.005210,0.005703,0.005333,0.003671,0.001642,0.000446,0.000073,0.439000,13,13,13,13,13,13,13,13,13,13,13,13,13,13,13,13,13,13,13,13,13,13,13,-22.240700,114.096700,9.000000,lev15,Almucantar
Learmonth,14:05:2020,12:00:00,135,135.000000,0.000100,0.000299,0.000681,0.001198,0.001699,0.002041,0.002100,0.001908,0.001823,0.002085,0.002671,0.003504,0.004580,0.005850,0.007377,0.009230,0.010927,0.010878,0.007759,0.003385,0.000820,0.000111,0.480100,10,10,10,10,10,10,10,10,10,10,10,10,10,10,10,10,10,10,10,10,10,10,10,-22.240700,114.096700,9.000000,lev15,Almucantar
Learmonth,15:05:2020,12:00:00,136,136.000000,0.000061,0.000188,0.000473,0.000917,0.001437,0.001949,0.002162,0.001757,0.001410,0.001443,0.001753,0.002245,0.002881,0.003626,0.004481,0.005452,0.006191,0.005870,0.004038,0.001787,0.000475,0.000076,0.517286,7,7,7,7,7,7,7,7,7,7,7,7,7,7,7,7,7,7,7,7,7,7,7,-22.240700,114.096700,9.000000,lev15,Almucantar
Learmonth,16:05:2020,12:00:00,137,137.000000,0.000061,0.000224,0.000639,0.001352,0.002145,0.002624,0.002431,0.001713,0.001212,0.001115,0.001328,0.001796,0.002459,0.003265,0.004285,0.005616,0.006918,0.007002,0.004931,0.002125,0.000527,0.000076,0.576000,10,10,10,10,10,10,10,10,10,10,10,10,10,10,10,10,10,10,10,10,10,10,10,-22.240700,114.096700,9.000000,lev15,Almucantar
Learmonth,19:05:2020,12:00:00,140,140.000000,0.000088,0.000370,0.001057,0.002053,0.002801,0.002852,0.002343,0.001762,0.001483,0.001592,0.002072,0.002916,0.004137,0.005727,0.007683,0.009920,0.011593,0.010837,0.007013,0.002815,0.000664,0.000092,0.469444,9,9,9,9,9,9,9,9,9,9,9,9,9,9,9,9,9,9,9,9,9,9,9,-22.240700,114.096700,9.000000,lev15,Almucantar
Learmonth,20:05:2020,12:00:00,141,141.000000,0.000101,0.000427,0.001146,0.001969,0.002348,0.002195,0.001809,0.001487,0.001425,0.001712,0.002352,0.003292,0.004480,0.005891,0.007644,0.009843,0.011755,0.011290,0.007428,0.002987,0.000697,0.000094,0.439000,11,11,11,11,11,11,11,11,11,11,11,11,11,11,11,11,11,11,11,11,11,11,11,-22.240700,114.096700,9.000000,lev15,Almucantar
Learmonth,21:05:2020,12:00:00,142,142.000000,0.000078,0.000249,0.000609,0.001121,0.001639,0.002015,0.002053,0.001733,0.001569,0.001833,0.002424,0.003126,0.003929,0.004891,0.006116,0.007846,0.009739,0.010039,0.007100,0.002982,0.000693,0.000089,0.439000,11,11,11,11,11,11,11,11,11,11,11,11,11,11,11,11,11,11,11,11,11,11,11,-22.240700,114.096700,9.000000,lev15,Almucantar
Learmonth,22:05:2020,12:00:00,143,143.000000,0.000059,0.000160,0.000363,0.000663,0.001018,0.001397,0.001614,0.001447,0.001336,0.001579,0.002046,0.002605,0.003290,0.004063,0.004913,0.006034,0.007263,0.007495,0.005495,0.002434,0.000592,0.000078,0.439000,11,11,11,11,11,11,11,11,11,11,11,11,11,11,11,11,11,11,11,11,11,11,11,-22.240700,114.096700,9.000000,lev15,Almucantar
Learmonth,23:05:2020,12:00:00,144,144.000000,0.000068,0.000213,0.000507,0.000886,0.001184,0.001319,0.001331,0.001314,0.001470,0.001932,0.002573,0.003251,0.004223,0.005659,0.007306,0.008915,0.009847,0.008877,0.005660,0.002260,0.000532,0.000074,0.439000,6,6,6,6,6,6,6,6,6,6,6,6,6,6,6,6,6,6,6,6,6,6,6,-22.240700,114.096700,9.000000,lev15,Almucantar
Learmonth,25:05:2020,12:00:00,146,146.000000,0.000178,0.000334,0.000615,0.001087,0.001738,0.002369,0.002811,0.003396,0.005038,0.008992,0.014335,0.016997,0.017807,0.022086,0.030432,0.037399,0.040473,0.037424,0.026067,0.011473,0.002828,0.000373,0.439000,1,1,1,1,1,1,1,1,1,1,1,1,1,1,1,1,1,1,1,1,1,1,1,-22.240700,114.096700,9.000000,lev15,Almucantar
Learmonth,26:05:2020,12:00:00,147,147.000000,0.000179,0.000629,0.001311,0.001654,0.001607,0.001665,0.002060,0.002616,0.003506,0.005322,0.006754,0.006636,0.006571,0.007757,0.008531,0.007899,0.006513,0.004841,0.003013,0.001426,0.000489,0.000125,0.494300,10,10,10,10,10,10,10,10,10,10,10,10,10,10,10,10,10,10,10,10,10,10,10,-22.240700,114.096700,9.000000,lev15,Almucantar
Learmonth,28:05:2020,12:00:00,149,149.000000,0.000050,0.000162,0.000394,0.000705,0.001051,0.001491,0.001907,0.001922,0.001858,0.002076,0.002247,0.002096,0.001905,0.001867,0.001979,0.002234,0.002507,0.002449,0.001791,0.000875,0.000269,0.000051,0.501727,11,11,11,11,11,11,11,11,11,11,11,11,11,11,11,11,11,11,11,11,11,11,11,-22.240700,114.096700,9.000000,lev15,Almucantar
Learmonth,29:05:2020,12:00:00,150,150.000000,0.000041,0.000126,0.000309,0.000594,0.000966,0.001436,0.001860,0.001902,0.001815,0.001934,0.002015,0.001884,0.001782,0.001841,0.002008,0.002225,0.002352,0.002152,0.001509,0.000722,0.000222,0.000044,0.627182,11,11,11,11,11,11,11,11,11,11,11,11,11,11,11,11,11,11,11,11,11,11,11,-22.240700,114.096700,9.000000,lev15,Almucantar
Learmonth,30:05:2020,12:00:00,151,151.000000,0.000049,0.000185,0.000497,0.000944,0.001367,0.001694,0.001857,0.001716,0.001540,0.001610,0.001745,0.001829,0.002069,0.002626,0.003317,0.003742,0.003585,0.002851,0.001774,0.000786,0.000232,0.000047,0.559364,11,11,11,11,11,11,11,11,11,11,11,11,11,11,11,11,11,11,11,11,11,11,11,-22.240700,114.096700,9.000000,lev15,Almucantar
Learmonth,03:06:2020,12:00:00,155,155.000000,0.000031,0.000129,0.000394,0.000852,0.001375,0.001778,0.001807,0.001379,0.001017,0.000923,0.000988,0.001123,0.001314,0.001577,0.001915,0.002270,0.002439,0.002144,0.001388,0.000614,0.000179,0.000034,0.594000,10,10,10,10,10,10,10,10,10,10,10,10,10,10,10,10,10,10,10,10,10,10,10,-22.240700,114.096700,9.000000,lev15,Almucantar
Learmonth,04:06:2020,12:00:00,156,156.000000,0.000050,0.000172,0.000451,0.000881,0.001348,0.001739,0.001847,0.001546,0.001318,0.001429,0.001697,0.001908,0.002141,0.002515,0.003040,0.003700,0.004266,0.004128,0.002887,0.001298,0.000352,0.000057,0.452700,10,10,10,10,10,10,10,10,10,10,10,10,10,10,10,10,10,10,10,10,10,10,10,-22.240700,114.096700,9.000000,lev15,Almucantar
Learmonth,05:06:2020,12:00:00,157,157.000000,0.000046,0.000147,0.000365,0.000700,0.001088,0.001474,0.001686,0.001518,0.001359,0.001481,0.001754,0.002032,0.002352,0.002787,0.003396,0.004228,0.005048,0.005022,0.003510,0.001517,0.000380,0.000055,0.476364,11,11,11,11,11,11,11,11,11,11,11,11,11,11,11,11,11,11,11,11,11,11,11,-22.240700,114.096700,9.000000,lev15,Almucantar
Learmonth,06:06:2020,12:00:00,158,158.000000,0.000042,0.000136,0.000351,0.000692,0.001084,0.001449,0.001626,0.001421,0.001193,0.001234,0.001513,0.001923,0.002391,0.002925,0.003645,0.004698,0.005885,0.006128,0.004381,0.001850,0.000426,0.000052,0.466400,10,10,10,10,10,10,10,10,10,10,10,10,10,10,10,10,10,10,10,10,10,10,10,-22.240700,114.096700,9.000000,lev15,Almucantar
Learmonth,07:06:2020,12:00:00,159,159.000000,0.000029,0.000129,0.000413,0.000904,0.001434,0.001856,0.001966,0.001541,0.001127,0.000982,0.000970,0.000979,0.000997,0.001046,0.001138,0.001270,0.001373,0.001288,0.000922,0.000457,0.000150,0.000033,0.759100,10,10,10,10,10,10,10,10,10,10,10,10,10,10,10,10,10,10,10,10,10,10,10,-22.240700,114.096700,9.000000,lev15,Almucantar
Learmonth,08:06:2020,12:00:00,160,160.000000,0.000024,0.000081,0.000243,0.000594,0.001174,0.001889,0.002246,0.001756,0.001166,0.000909,0.000837,0.000813,0.000819,0.000885,0.001025,0.001228,0.001396,0.001332,0.000945,0.000459,0.000146,0.000030,0.884727,11,11,11,11,11,11,11,11,11,11,11,11,11,11,11,11,11,11,11,11,11,11,11,-22.240700,114.096700,9.000000,lev15,Almucantar
Learmonth,31:08:2020,12:00:00,244,244.000000,0.000024,0.000098,0.000320,0.000763,0.001361,0.001881,0.001900,0.001383,0.000986,0.000888,0.000939,0.000993,0.001056,0.001161,0.001279,0.001402,0.001465,0.001307,0.000883,0.000421,0.000137,0.000031,0.709727,11,11,11,11,11,11,11,11,11,11,11,11,11,11,11,11,11,11,11,11,11,11,11,-22.240700,114.096700,9.000000,lev15,Almucantar
Learmonth,01:09:2020,12:00:00,245,245.000000,0.000232,0.000941,0.002046,0.002546,0.002299,0.001877,0.001580,0.001613,0.002347,0.004169,0.006295,0.007962,0.010714,0.015464,0.020383,0.025329,0.030514,0.031978,0.023446,0.009823,0.002079,0.000216,0.439000,9,9,9,9,9,9,9,9,9,9,9,9,9,9,9,9,9,9,9,9,9,9,9,-22.240700,114.096700,9.000000,lev15,Almucantar
Learmonth,02:09:2020,12:00:00,246,246.000000,0.000185,0.000645,0.001360,0.001926,0.002185,0.002250,0.002210,0.002269,0.002849,0.004007,0.004784,0.005024,0.005815,0.007510,0.009302,0.010661,0.011872,0.012335,0.010181,0.005223,0.001376,0.000181,0.439000,11,11,11,11,11,11,11,11,11,11,11,11,11,11,11,11,11,11,11,11,11,11,11,-22.240700,114.096700,9.000000,lev15,Almucantar
Learmonth,03:09:2020,12:00:00,247,247.000000,0.000069,0.000269,0.000755,0.001483,0.002201,0.002665,0.002558,0.001963,0.001687,0.001978,0.002465,0.002864,0.003300,0.003657,0.003592,0.003212,0.002678,0.002019,0.001279,0.000636,0.000241,0.000071,0.461833,12,12,12,12,12,12,12,12,12,12,12,12,12,12,12,12,12,12,12,12,12,12,12,-22.240700,114.096700,9.000000,lev15,Almucantar
Learmonth,04:09:2020,12:00:00,248,248.000000,0.000074,0.000344,0.001129,0.002581,0.004149,0.004659,0.003532,0.002114,0.001557,0.001685,0.002097,0.002492,0.002801,0.002964,0.002913,0.002700,0.002346,0.001827,0.001197,0.000628,0.000257,0.000081,0.484667,12,12,12,12,12,12,12,12,12,12,12,12,12,12,12,12,12,12,12,12,12,12,12,-22.240700,114.096700,9.000000,lev15,Almucantar
Learmonth,05:09:2020,12:00:00,249,249.000000,0.000097,0.000430,0.001342,0.002852,0.004237,0.004541,0.003535,0.002326,0.001933,0.002332,0.003096,0.003789,0.004424,0.004952,0.005321,0.005558,0.005514,0.004806,0.003266,0.001563,0.000503,0.000110,0.439000,11,11,11,11,11,11,11,11,11,11,11,11,11,11,11,11,11,11,11,11,11,11,11,-22.240700,114.096700,9.000000,lev15,Almucantar
Learmonth,06:09:2020,12:00:00,250,250.000000,0.000076,0.000320,0.000939,0.001905,0.002817,0.003210,0.002765,0.001946,0.001614,0.001874,0.002404,0.002981,0.003736,0.004597,0.005148,0.005290,0.004970,0.004015,0.002539,0.001165,0.000372,0.000082,0.452700,10,10,10,10,10,10,10,10,10,10,10,10,10,10,10,10,10,10,10,10,10,10,10,-22.240700,114.096700,9.000000,lev15,Almucantar
Learmonth,07:09:2020,12:00:00,251,251.000000,0.000055,0.000169,0.000453,0.000998,0.001790,0.002557,0.002720,0.002168,0.001705,0.001700,0.001942,0.002244,0.002904,0.004329,0.006534,0.008835,0.010061,0.009023,0.005746,0.002336,0.000561,0.000078,0.543000,7,7,7,7,7,7,7,7,7,7,7,7,7,7,7,7,7,7,7,7,7,7,7,-22.240700,114.096700,9.000000,lev15,Almucantar
Learmonth,08:09:2020,12:00:00,252,252.000000,0.000151,0.000847,0.002484,0.003887,0.003891,0.003224,0.002605,0.002220,0.002346,0.003157,0.004220,0.005100,0.006184,0.007756,0.009357,0.010578,0.010968,0.009542,0.006132,0.002606,0.000692,0.000115,0.439000,11,11,11,11,11,11,11,11,11,11,11,11,11,11,11,11,11,11,11,11,11,11,11,-22.240700,114.096700,9.000000,lev15,Almucantar
Learmonth,09:09:2020,12:00:00,253,253.000000,0.000143,0.000953,0.003111,0.005212,0.005268,0.004012,0.002740,0.001990,0.001901,0.002441,0.003288,0.004110,0.004912,0.005673,0.006482,0.007593,0.008602,0.008205,0.005642,0.002501,0.000673,0.000108,0.439000,11,11,11,11,11,11,11,11,11,11,11,11,11,11,11,11,11,11,11,11,11,11,11,-22.240700,114.096700,9.000000,lev15,Almucantar
Learmonth,10:09:2020,12:00:00,254,254.000000,0.000146,0.000842,0.002725,0.004950,0.005561,0.004597,0.003313,0.002483,0.002538,0.003788,0.005842,0.007114,0.007700,0.008761,0.009774,0.010403,0.010112,0.008245,0.005083,0.002205,0.000649,0.000129,0.439000,4,4,4,4,4,4,4,4,4,4,4,4,4,4,4,4,4,4,4,4,4,4,4,-22.240700,114.096700,9.000000,lev15,Almucantar
Learmonth,11:09:2020,12:00:00,255,255.000000,0.000208,0.001126,0.002993,0.004274,0.004057,0.003159,0.002353,0.001991,0.002295,0.003481,0.005075,0.006579,0.008142,0.009473,0.010303,0.011262,0.012374,0.012162,0.008723,0.003828,0.000956,0.000140,0.439000,10,10,10,10,10,10,10,10,10,10,10,10,10,10,10,10,10,10,10,10,10,10,10,-22.240700,114.096700,9.000000,lev15,Almucantar
Learmonth,12:09:2020,12:00:00,256,256.000000,0.000097,0.000455,0.001183,0.001805,0.002009,0.001971,0.001726,0.001428,0.001449,0.001986,0.002747,0.003275,0.003755,0.004433,0.005149,0.006065,0.007048,0.007057,0.005038,0.002209,0.000551,0.000077,0.439000,10,10,10,10,10,10,10,10,10,10,10,10,10,10,10,10,10,10,10,10,10,10,10,-22.240700,114.096700,9.000000,lev15,Almucantar
Learmonth,13:09:2020,12:00:00,257,257.000000,0.000096,0.000408,0.001099,0.001926,0.002419,0.002465,0.002166,0.001777,0.001743,0.002232,0.002960,0.003610,0.004202,0.004872,0.005822,0.007167,0.008348,0.007943,0.005316,0.002258,0.000577,0.000088,0.439000,10,10,10,10,10,10,10,10,10,10,10,10,10,10,10,10,10,10,10,10,10,10,10,-22.240700,114.096700,9.000000,lev15,Almucantar
Learmonth,14:09:2020,12:00:00,258,258.000000,0.000159,0.000682,0.001688,0.002547,0.002709,0.002439,0.002124,0.001995,0.002327,0.003288,0.004425,0.005272,0.005947,0.006750,0.008079,0.010294,0.012866,0.013276,0.009371,0.003972,0.000948,0.000126,0.439000,10,10,10,10,10,10,10,10,10,10,10,10,10,10,10,10,10,10,10,10,10,10,10,-22.240700,114.096700,9.000000,lev15,Almucantar
Learmonth,15:09:2020,12:00:00,259,259.000000,0.000141,0.000720,0.002002,0.003155,0.003268,0.002742,0.002173,0.001849,0.002018,0.002822,0.004000,0.005129,0.006130,0.007194,0.008596,0.010522,0.012316,0.011878,0.007999,0.003335,0.000806,0.000111,0.439000,9,9,9,9,9,9,9,9,9,9,9,9,9,9,9,9,9,9,9,9,9,9,9,-22.240700,114.096700,9.000000,lev15,Almucantar
Learmonth,16:09:2020,12:00:00,260,260.000000,0.000205,0.001050,0.002769,0.003917,0.003545,0.002659,0.002038,0.001851,0.002296,0.003684,0.005624,0.007131,0.008453,0.009868,0.011745,0.014601,0.017978,0.018782,0.013742,0.005928,0.001351,0.000159,0.439000,8,8,8,8,8,8,8,8,8,8,8,8,8,8,8,8,8,8,8,8,8,8,8,-22.240700,114.096700,9.000000,lev15,Almucantar
Learmonth,17:09:2020,12:00:00,261,261.000000,0.000148,0.000681,0.001705,0.002495,0.002623,0.002424,0.002112,0.001868,0.002097,0.003101,0.004340,0.005237,0.006118,0.007042,0.007692,0.008023,0.007671,0.006121,0.003704,0.001593,0.000471,0.000095,0.439000,10,10,10,10,10,10,10,10,10,10,10,10,10,10,10,10,10,10,10,10,10,10,10,-22.240700,114.096700,9.000000,lev15,Almucantar
Learmonth,18:09:2020,12:00:00,262,262.000000,0.000080,0.000374,0.001094,0.002023,0.002599,0.002613,0.002180,0.001635,0.001472,0.001866,0.002661,0.003429,0.004023,0.004642,0.005257,0.005715,0.005594,0.004528,0.002771,0.001193,0.000349,0.000069,0.439000,10,10,10,10,10,10,10,10,10,10,10,10,10,10,10,10,10,10,10,10,10,10,10,-22.240700,114.096700,9.000000,lev15,Almucantar
Learmonth,19:09:2020,12:00:00,263,263.000000,0.000222,0.001034,0.002178,0.002432,0.002309,0.002352,0.002321,0.002122,0.002297,0.003369,0.005235,0.007103,0.009271,0.013046,0.018027,0.021044,0.021058,0.017229,0.010408,0.004050,0.000943,0.000137,0.439000,7,7,7,7,7,7,7,7,7,7,7,7,7,7,7,7,7,7,7,7,7,7,7,-22.240700,114.096700,9.000000,lev15,Almucantar
Learmonth,20:09:2020,12:00:00,264,264.000000,0.000124,0.000452,0.001065,0.001673,0.002057,0.002250,0.002217,0.002043,0.002217,0.003115,0.004425,0.005855,0.007528,0.009326,0.011325,0.013616,0.015639,0.014952,0.009917,0.003959,0.000884,0.000112,0.439000,8,8,8,8,8,8,8,8,8,8,8,8,8,8,8,8,8,8,8,8,8,8,8,-22.240700,114.096700,9.000000,lev15,Almucantar
Learmonth,21:09:2020,12:00:00,265,265.000000,0.000087,0.000437,0.001385,0.002756,0.003836,0.004191,0.003465,0.002243,0.001736,0.001986,0.002561,0.003031,0.003331,0.003487,0.003540,0.003694,0.003961,0.003905,0.002976,0.001513,0.000477,0.000094,0.452700,10,10,10,10,10,10,10,10,10,10,10,10,10,10,10,10,10,10,10,10,10,10,10,-22.240700,114.096700,9.000000,lev15,Almucantar
Learmonth,22:09:2020,12:00:00,266,266.000000,0.000076,0.000359,0.001164,0.002546,0.003845,0.004044,0.002991,0.001897,0.001529,0.001810,0.002536,0.003421,0.004214,0.004895,0.005849,0.007393,0.009030,0.009006,0.006195,0.002629,0.000656,0.000097,0.452700,10,10,10,10,10,10,10,10,10,10,10,10,10,10,10,10,10,10,10,10,10,10,10,-22.240700,114.096700,9.000000,lev15,Almucantar
Learmonth,23:09:2020,12:00:00,267,267.000000,0.000109,0.000422,0.001054,0.001798,0.002327,0.002467,0.002161,0.001700,0.001621,0.002145,0.002984,0.003771,0.004582,0.005488,0.006411,0.007386,0.008133,0.007721,0.005386,0.002378,0.000613,0.000092,0.473250,8,8,8,8,8,8,8,8,8,8,8,8,8,8,8,8,8,8,8,8,8,8,8,-22.240700,114.096700,9.000000,lev15,Almucantar
Learmonth,24:09:2020,12:00:00,268,268.000000,0.000158,0.000768,0.002423,0.004845,0.006603,0.006655,0.005157,0.003599,0.003297,0.004632,0.007356,0.009443,0.010579,0.013421,0.016399,0.017291,0.016085,0.013146,0.008235,0.003431,0.000912,0.000167,0.439000,3,3,3,3,3,3,3,3,3,3,3,3,3,3,3,3,3,3,3,3,3,3,3,-22.240700,114.096700,9.000000,lev15,Almucantar
Learmonth,25:09:2020,12:00:00,269,269.000000,0.000072,0.000350,0.001183,0.002784,0.004629,0.005459,0.004431,0.002707,0.001824,0.001781,0.002226,0.002788,0.003301,0.003765,0.003962,0.003808,0.003324,0.002538,0.001579,0.000755,0.000273,0.000077,0.473250,4,4,4,4,4,4,4,4,4,4,4,4,4,4,4,4,4,4,4,4,4,4,4,-22.240700,114.096700,9.000000,lev15,Almucantar
Learmonth,26:09:2020,12:00:00,270,270.000000,0.000065,0.000217,0.000589,0.001229,0.002058,0.002844,0.003006,0.002354,0.001829,0.001899,0.002444,0.003206,0.004145,0.005590,0.007299,0.008395,0.008107,0.006222,0.003548,0.001423,0.000390,0.000073,0.466400,5,5,5,5,5,5,5,5,5,5,5,5,5,5,5,5,5,5,5,5,5,5,5,-22.240700,114.096700,9.000000,lev15,Almucantar
Learmonth,27:09:2020,12:00:00,271,271.000000,0.000052,0.000242,0.000775,0.001664,0.002549,0.002903,0.002331,0.001433,0.001050,0.001168,0.001563,0.001949,0.002289,0.002678,0.003078,0.003434,0.003640,0.003407,0.002435,0.001156,0.000340,0.000063,0.469444,9,9,9,9,9,9,9,9,9,9,9,9,9,9,9,9,9,9,9,9,9,9,9,-22.240700,114.096700,9.000000,lev15,Almucantar
Learmonth,28:09:2020,12:00:00,272,272.000000,0.000113,0.000580,0.001855,0.003552,0.004424,0.003955,0.002760,0.001873,0.001748,0.002487,0.003918,0.005541,0.007785,0.010683,0.013367,0.016051,0.018258,0.017241,0.011214,0.004417,0.000999,0.000130,0.439000,8,8,8,8,8,8,8,8,8,8,8,8,8,8,8,8,8,8,8,8,8,8,8,-22.240700,114.096700,9.000000,lev15,Almucantar
Learmonth,29:09:2020,12:00:00,273,273.000000,0.000085,0.000491,0.002016,0.005581,0.009627,0.009156,0.004802,0.002097,0.001386,0.001647,0.002494,0.003525,0.004314,0.004615,0.004825,0.005317,0.005805,0.005436,0.003789,0.001798,0.000566,0.000126,0.439000,10,10,10,10,10,10,10,10,10,10,10,10,10,10,10,10,10,10,10,10,10,10,10,-22.240700,114.096700,9.000000,lev15,Almucantar
Learmonth,30:09:2020,12:00:00,274,274.000000,0.000088,0.000509,0.001963,0.004872,0.007685,0.007416,0.004323,0.002017,0.001297,0.001399,0.001933,0.002582,0.003117,0.003521,0.003971,0.004706,0.005585,0.005739,0.004317,0.002114,0.000636,0.000115,0.499889,9,9,9,9,9,9,9,9,9,9,9,9,9,9,9,9,9,9,9,9,9,9,9,-22.240700,114.096700,9.000000,lev15,Almucantar
Learmonth,01:10:2020,12:00:00,275,275.000000,0.000106,0.000582,0.002065,0.004582,0.006581,0.006435,0.004443,0.002609,0.002047,0.002519,0.003597,0.004506,0.005026,0.005357,0.005578,0.005948,0.006299,0.005936,0.004290,0.002091,0.000642,0.000123,0.439000,10,10,10,10,10,10,10,10,10,10,10,10,10,10,10,10,10,10,10,10,10,10,10,-22.240700,114.096700,9.000000,lev15,Almucantar
Learmonth,02:10:2020,12:00:00,276,276.000000,0.000142,0.000823,0.002754,0.005371,0.006666,0.005890,0.004104,0.002769,0.002509,0.003300,0.004656,0.005748,0.006946,0.008143,0.008514,0.007717,0.006089,0.004206,0.002448,0.001131,0.000405,0.000119,0.439000,8,8,8,8,8,8,8,8,8,8,8,8,8,8,8,8,8,8,8,8,8,8,8,-22.240700,114.096700,9.000000,lev15,Almucantar
Learmonth,03:10:2020,12:00:00,277,277.000000,0.000327,0.001383,0.003315,0.004762,0.004682,0.003690,0.002581,0.001927,0.002174,0.003885,0.007677,0.012466,0.017006,0.021012,0.025770,0.035400,0.056266,0.086777,0.091806,0.044810,0.007645,0.000432,0.439000,2,2,2,2,2,2,2,2,2,2,2,2,2,2,2,2,2,2,2,2,2,2,2,-22.240700,114.096700,9.000000,lev15,Almucantar
Learmonth,04:10:2020,12:00:00,278,278.000000,0.000074,0.000310,0.000878,0.001675,0.002215,0.002132,0.001603,0.001091,0.000892,0.001039,0.001544,0.002345,0.003338,0.004656,0.006646,0.009737,0.013959,0.016835,0.013126,0.005221,0.000962,0.000088,0.461833,6,6,6,6,6,6,6,6,6,6,6,6,6,6,6,6,6,6,6,6,6,6,6,-22.240700,114.096700,9.000000,lev15,Almucantar
Learmonth,05:10:2020,12:00:00,279,279.000000,0.000061,0.000243,0.000709,0.001479,0.002271,0.002614,0.002186,0.001453,0.001139,0.001289,0.001732,0.002225,0.002663,0.003171,0.004065,0.005885,0.008877,0.011194,0.009012,0.003795,0.000772,0.000080,0.452700,10,10,10,10,10,10,10,10,10,10,10,10,10,10,10,10,10,10,10,10,10,10,10,-22.240700,114.096700,9.000000,lev15,Almucantar
Learmonth,06:10:2020,12:00:00,280,280.000000,0.000064,0.000265,0.000792,0.001632,0.002420,0.002718,0.002283,0.001532,0.001177,0.001321,0.001862,0.002622,0.003419,0.004240,0.005349,0.007239,0.009820,0.011038,0.008164,0.003368,0.000722,0.000080,0.452700,10,10,10,10,10,10,10,10,10,10,10,10,10,10,10,10,10,10,10,10,10,10,10,-22.240700,114.096700,9.000000,lev15,Almucantar
Learmonth,07:10:2020,12:00:00,281,281.000000,0.000067,0.000276,0.000817,0.001702,0.002589,0.003022,0.002634,0.001767,0.001291,0.001347,0.001786,0.002465,0.003335,0.004398,0.005664,0.007318,0.009187,0.009782,0.007218,0.003097,0.000703,0.000084,0.466400,10,10,10,10,10,10,10,10,10,10,10,10,10,10,10,10,10,10,10,10,10,10,10,-22.240700,114.096700,9.000000,lev15,Almucantar
Learmonth,08:10:2020,12:00:00,282,282.000000,0.000057,0.000231,0.000682,0.001447,0.002280,0.002704,0.002284,0.001489,0.001110,0.001229,0.001756,0.002559,0.003392,0.004118,0.005005,0.006346,0.007770,0.007731,0.005242,0.002158,0.000510,0.000068,0.490375,8,8,8,8,8,8,8,8,8,8,8,8,8,8,8,8,8,8,8,8,8,8,8,-22.240700,114.096700,9.000000,lev15,Almucantar
Learmonth,09:10:2020,12:00:00,283,283.000000,0.000079,0.000321,0.000946,0.001934,0.002884,0.003300,0.002825,0.001916,0.001481,0.001652,0.002271,0.003173,0.004161,0.005081,0.006031,0.007420,0.009253,0.010028,0.007621,0.003417,0.000821,0.000103,0.454222,9,9,9,9,9,9,9,9,9,9,9,9,9,9,9,9,9,9,9,9,9,9,9,-22.240700,114.096700,9.000000,lev15,Almucantar
Learmonth,10:10:2020,12:00:00,284,284.000000,0.000124,0.000591,0.001752,0.003278,0.004298,0.004388,0.003555,0.002518,0.002222,0.002737,0.003636,0.004591,0.005711,0.007019,0.008220,0.009346,0.010165,0.009606,0.006748,0.003046,0.000812,0.000127,0.439000,7,7,7,7,7,7,7,7,7,7,7,7,7,7,7,7,7,7,7,7,7,7,7,-22.240700,114.096700,9.000000,lev15,Almucantar
Learmonth,11:10:2020,12:00:00,285,285.000000,0.000140,0.000663,0.002100,0.004416,0.006298,0.006265,0.004515,0.002813,0.002322,0.003077,0.004676,0.006061,0.006940,0.007609,0.008192,0.008795,0.009159,0.008339,0.005731,0.002659,0.000789,0.000149,0.439000,7,7,7,7,7,7,7,7,7,7,7,7,7,7,7,7,7,7,7,7,7,7,7,-22.240700,114.096700,9.000000,lev15,Almucantar
Learmonth,12:10:2020,12:00:00,286,286.000000,0.000118,0.000633,0.001953,0.003538,0.004225,0.003857,0.002948,0.002109,0.001954,0.002644,0.003715,0.004365,0.004742,0.005002,0.005031,0.004806,0.004344,0.003506,0.002283,0.001103,0.000382,0.000095,0.439000,8,8,8,8,8,8,8,8,8,8,8,8,8,8,8,8,8,8,8,8,8,8,8,-22.240700,114.096700,9.000000,lev15,Almucantar
Learmonth,13:10:2020,12:00:00,287,287.000000,0.000147,0.000807,0.002389,0.003961,0.004337,0.003857,0.003102,0.002423,0.002296,0.002904,0.003964,0.004907,0.005450,0.005433,0.004909,0.004167,0.003366,0.002495,0.001581,0.000805,0.000320,0.000100,0.439000,7,7,7,7,7,7,7,7,7,7,7,7,7,7,7,7,7,7,7,7,7,7,7,-22.240700,114.096700,9.000000,lev15,Almucantar
Learmonth,14:10:2020,12:00:00,288,288.000000,0.000166,0.001022,0.003110,0.004914,0.004874,0.003807,0.002727,0.002086,0.002188,0.003232,0.004868,0.005881,0.006501,0.007464,0.008222,0.008603,0.008437,0.007179,0.004678,0.002093,0.000610,0.000117,0.439000,8,8,8,8,8,8,8,8,8,8,8,8,8,8,8,8,8,8,8,8,8,8,8,-22.240700,114.096700,9.000000,lev15,Almucantar
Learmonth,15:10:2020,12:00:00,289,289.000000,0.000278,0.001412,0.003636,0.005030,0.004389,0.003049,0.002152,0.001941,0.002561,0.004511,0.008042,0.012234,0.016272,0.019723,0.023006,0.026971,0.030132,0.027375,0.017155,0.006679,0.001534,0.000204,0.439000,2,2,2,2,2,2,2,2,2,2,2,2,2,2,2,2,2,2,2,2,2,2,2,-22.240700,114.096700,9.000000,lev15,Almucantar
Learmonth,16:10:2020,12:00:00,290,290.000000,0.000178,0.000825,0.002240,0.003615,0.003970,0.003544,0.002936,0.002588,0.002998,0.004529,0.006560,0.008038,0.009023,0.010234,0.011420,0.012026,0.011440,0.009099,0.005506,0.002364,0.000697,0.000143,0.439000,8,8,8,8,8,8,8,8,8,8,8,8,8,8,8,8,8,8,8,8,8,8,8,-22.240700,114.096700,9.000000,lev15,Almucantar
Learmonth,17:10:2020,12:00:00,291,291.000000,0.000452,0.001954,0.004265,0.004994,0.004027,0.003167,0.003101,0.003921,0.006020,0.009686,0.012735,0.014439,0.018212,0.025753,0.036583,0.046888,0.046768,0.033350,0.016854,0.006008,0.001481,0.000251,0.439000,4,4,4,4,4,4,4,4,4,4,4,4,4,4,4,4,4,4,4,4,4,4,4,-22.240700,114.096700,9.000000,lev15,Almucantar
Learmonth,19:10:2020,12:00:00,293,293.000000,0.000278,0.000914,0.002091,0.003301,0.003957,0.004101,0.004048,0.004220,0.005540,0.009075,0.013847,0.017785,0.022848,0.030094,0.035918,0.036186,0.028709,0.017397,0.008122,0.003000,0.000893,0.000216,0.439000,4,4,4,4,4,4,4,4,4,4,4,4,4,4,4,4,4,4,4,4,4,4,4,-22.240700,114.096700,9.000000,lev15,Almucantar
Learmonth,20:10:2020,12:00:00,294,294.000000,0.000203,0.000810,0.002068,0.003424,0.004111,0.004158,0.003839,0.003488,0.003869,0.005553,0.007881,0.009875,0.012192,0.014483,0.014929,0.013415,0.010692,0.007415,0.004225,0.001871,0.000626,0.000159,0.439000,7,7,7,7,7,7,7,7,7,7,7,7,7,7,7,7,7,7,7,7,7,7,7,-22.240700,114.096700,9.000000,lev15,Almucantar
Learmonth,21:10:2020,12:00:00,295,295.000000,0.000217,0.001042,0.002672,0.003766,0.003755,0.003476,0.003226,0.003011,0.003274,0.004536,0.006775,0.009095,0.011445,0.014568,0.017005,0.017437,0.015223,0.010730,0.005793,0.002287,0.000649,0.000139,0.439000,8,8,8,8,8,8,8,8,8,8,8,8,8,8,8,8,8,8,8,8,8,8,8,-22.240700,114.096700,9.000000,lev15,Almucantar
Learmonth,22:10:2020,12:00:00,296,296.000000,0.000158,0.000797,0.002322,0.004050,0.004708,0.004132,0.003043,0.002321,0.002472,0.003565,0.005018,0.006564,0.008562,0.010463,0.011560,0.011972,0.011720,0.009926,0.006338,0.002736,0.000756,0.000135,0.439000,8,8,8,8,8,8,8,8,8,8,8,8,8,8,8,8,8,8,8,8,8,8,8,-22.240700,114.096700,9.000000,lev15,Almucantar
Learmonth,23:10:2020,12:00:00,297,297.000000,0.000172,0.000631,0.001568,0.002500,0.002926,0.003050,0.003068,0.003070,0.003621,0.005335,0.007556,0.009617,0.012182,0.015350,0.017426,0.016659,0.013388,0.009075,0.004957,0.002068,0.000643,0.000153,0.439000,7,7,7,7,7,7,7,7,7,7,7,7,7,7,7,7,7,7,7,7,7,7,7,-22.240700,114.096700,9.000000,lev15,Almucantar
Learmonth,24:10:2020,12:00:00,298,298.000000,0.000104,0.000411,0.001101,0.001900,0.002330,0.002392,0.002296,0.002165,0.002374,0.003415,0.005141,0.006104,0.006657,0.007841,0.008753,0.008552,0.007213,0.005105,0.002852,0.001198,0.000374,0.000092,0.439000,8,8,8,8,8,8,8,8,8,8,8,8,8,8,8,8,8,8,8,8,8,8,8,-22.240700,114.096700,9.000000,lev15,Almucantar
Learmonth,25:10:2020,12:00:00,299,299.000000,0.000242,0.000973,0.002456,0.003964,0.004539,0.004293,0.003821,0.003631,0.004332,0.006379,0.009340,0.012742,0.016955,0.022676,0.027122,0.026490,0.021065,0.013870,0.007373,0.002953,0.000856,0.000187,0.439000,6,6,6,6,6,6,6,6,6,6,6,6,6,6,6,6,6,6,6,6,6,6,6,-22.240700,114.096700,9.000000,lev15,Almucantar
Learmonth,26:10:2020,12:00:00,300,300.000000,0.000282,0.001151,0.002732,0.003901,0.003863,0.003248,0.002772,0.002777,0.003794,0.006437,0.009938,0.013481,0.017900,0.021046,0.022460,0.023513,0.023571,0.019436,0.011448,0.004518,0.001168,0.000197,0.439000,7,7,7,7,7,7,7,7,7,7,7,7,7,7,7,7,7,7,7,7,7,7,7,-22.240700,114.096700,9.000000,lev15,Almucantar
Learmonth,27:10:2020,12:00:00,301,301.000000,0.000455,0.001636,0.003067,0.003399,0.002836,0.002275,0.002023,0.002128,0.002854,0.004466,0.006129,0.007620,0.008912,0.009142,0.009045,0.010060,0.012494,0.014277,0.011664,0.005657,0.001461,0.000194,0.439000,3,3,3,3,3,3,3,3,3,3,3,3,3,3,3,3,3,3,3,3,3,3,3,-22.240700,114.096700,9.000000,lev15,Almucantar
Learmonth,31:10:2020,12:00:00,305,305.000000,0.000333,0.001610,0.004262,0.006375,0.006133,0.004549,0.003187,0.002655,0.003216,0.005711,0.011044,0.016556,0.020359,0.026055,0.036230,0.050488,0.059894,0.049696,0.025948,0.008514,0.001774,0.000238,0.439000,4,4,4,4,4,4,4,4,4,4,4,4,4,4,4,4,4,4,4,4,4,4,4,-22.240700,114.096700,9.000000,lev15,Almucantar
Learmonth,01:11:2020,12:00:00,306,306.000000,0.000121,0.000406,0.001043,0.002064,0.003181,0.003854,0.003696,0.003031,0.002695,0.003158,0.004563,0.006675,0.009285,0.013826,0.019871,0.023091,0.020053,0.012907,0.006163,0.002190,0.000580,0.000114,0.439000,1,1,1,1,1,1,1,1,1,1,1,1,1,1,1,1,1,1,1,1,1,1,1,-22.240700,114.096700,9.000000,lev15,Almucantar
Learmonth,02:11:2020,12:00:00,307,307.000000,0.000580,0.002107,0.003860,0.004128,0.003646,0.003391,0.003259,0.003133,0.003597,0.005412,0.008054,0.010010,0.011958,0.016868,0.026104,0.037613,0.046498,0.041543,0.023456,0.008135,0.001704,0.000212,0.439000,8,8,8,8,8,8,8,8,8,8,8,8,8,8,8,8,8,8,8,8,8,8,8,-22.240700,114.096700,9.000000,lev15,Almucantar
Learmonth,03:11:2020,12:00:00,308,308.000000,0.000148,0.000553,0.001357,0.002197,0.002577,0.002470,0.002115,0.001772,0.001828,0.002695,0.004372,0.005874,0.007399,0.010719,0.017549,0.028827,0.038283,0.032887,0.016793,0.005156,0.000968,0.000113,0.439000,10,10,10,10,10,10,10,10,10,10,10,10,10,10,10,10,10,10,10,10,10,10,10,-22.240700,114.096700,9.000000,lev15,Almucantar
Learmonth,05:11:2020,12:00:00,310,310.000000,0.000190,0.000759,0.001821,0.002574,0.002576,0.002365,0.002241,0.002191,0.002520,0.003746,0.005684,0.006807,0.007366,0.009731,0.015767,0.025001,0.033303,0.031173,0.018389,0.006443,0.001299,0.000150,0.439000,9,9,9,9,9,9,9,9,9,9,9,9,9,9,9,9,9,9,9,9,9,9,9,-22.240700,114.096700,9.000000,lev15,Almucantar
Learmonth,06:11:2020,12:00:00,311,311.000000,0.000218,0.000833,0.001860,0.002554,0.002731,0.002719,0.002574,0.002401,0.002724,0.004225,0.006853,0.008699,0.009467,0.011949,0.018424,0.027980,0.034574,0.029890,0.016550,0.005682,0.001195,0.000156,0.439000,7,7,7,7,7,7,7,7,7,7,7,7,7,7,7,7,7,7,7,7,7,7,7,-22.240700,114.096700,9.000000,lev15,Almucantar
Learmonth,07:11:2020,12:00:00,312,312.000000,0.000313,0.001161,0.002482,0.003184,0.002999,0.002643,0.002450,0.002563,0.003521,0.006112,0.009567,0.011687,0.013884,0.019337,0.029466,0.042215,0.052010,0.048737,0.029686,0.010477,0.002054,0.000234,0.439000,7,7,7,7,7,7,7,7,7,7,7,7,7,7,7,7,7,7,7,7,7,7,7,-22.240700,114.096700,9.000000,lev15,Almucantar
Learmonth,08:11:2020,12:00:00,313,313.000000,0.000189,0.000754,0.001731,0.002349,0.002329,0.002144,0.001981,0.001872,0.002167,0.003381,0.005236,0.006246,0.007248,0.010685,0.017884,0.027098,0.033512,0.030851,0.018447,0.006485,0.001286,0.000147,0.439000,8,8,8,8,8,8,8,8,8,8,8,8,8,8,8,8,8,8,8,8,8,8,8,-22.240700,114.096700,9.000000,lev15,Almucantar
Learmonth,10:11:2020,12:00:00,315,315.000000,0.000278,0.000665,0.001026,0.001144,0.001210,0.001414,0.001781,0.002363,0.003501,0.005320,0.007300,0.009498,0.012573,0.016587,0.020157,0.022167,0.023057,0.023201,0.021208,0.013036,0.003547,0.000369,0.439000,8,8,8,8,8,8,8,8,8,8,8,8,8,8,8,8,8,8,8,8,8,8,8,-22.240700,114.096700,9.000000,lev15,Almucantar
Learmonth,11:11:2020,12:00:00,316,316.000000,0.000096,0.000317,0.000672,0.001013,0.001262,0.001409,0.001487,0.001570,0.001794,0.002186,0.002746,0.003551,0.004698,0.005890,0.006581,0.006608,0.005967,0.004691,0.002973,0.001355,0.000408,0.000081,0.439000,9,9,9,9,9,9,9,9,9,9,9,9,9,9,9,9,9,9,9,9,9,9,9,-22.240700,114.096700,9.000000,lev15,Almucantar
Learmonth,12:11:2020,12:00:00,317,317.000000,0.000101,0.000376,0.000821,0.001176,0.001354,0.001411,0.001398,0.001430,0.001665,0.002104,0.002660,0.003342,0.004236,0.005287,0.005993,0.006120,0.005616,0.004389,0.002678,0.001184,0.000365,0.000078,0.439000,10,10,10,10,10,10,10,10,10,10,10,10,10,10,10,10,10,10,10,10,10,10,10,-22.240700,114.096700,9.000000,lev15,Almucantar
Learmonth,13:11:2020,12:00:00,318,318.000000,0.000050,0.000254,0.000774,0.001428,0.001762,0.001678,0.001390,0.001144,0.001094,0.001244,0.001482,0.001728,0.002071,0.002516,0.002870,0.002955,0.002682,0.002058,0.001257,0.000577,0.000191,0.000045,0.473250,8,8,8,8,8,8,8,8,8,8,8,8,8,8,8,8,8,8,8,8,8,8,8,-22.240700,114.096700,9.000000,lev15,Almucantar
Learmonth,14:11:2020,12:00:00,319,319.000000,0.000102,0.000525,0.001466,0.002310,0.002349,0.001903,0.001548,0.001531,0.001922,0.002642,0.003262,0.003423,0.003971,0.005554,0.007842,0.009867,0.010305,0.008406,0.004942,0.001948,0.000496,0.000081,0.439000,5,5,5,5,5,5,5,5,5,5,5,5,5,5,5,5,5,5,5,5,5,5,5,-22.240700,114.096700,9.000000,lev15,Almucantar
Learmonth,15:11:2020,12:00:00,320,320.000000,0.000215,0.000953,0.002001,0.002121,0.001711,0.001478,0.001471,0.001754,0.002570,0.003957,0.005203,0.006449,0.008359,0.010577,0.012553,0.013764,0.013791,0.011918,0.007863,0.003445,0.000915,0.000147,0.439000,8,8,8,8,8,8,8,8,8,8,8,8,8,8,8,8,8,8,8,8,8,8,8,-22.240700,114.096700,9.000000,lev15,Almucantar
Learmonth,16:11:2020,12:00:00,321,321.000000,0.000084,0.000352,0.000883,0.001480,0.001855,0.001880,0.001685,0.001514,0.001502,0.001662,0.001894,0.002095,0.002414,0.002813,0.002973,0.002841,0.002458,0.001866,0.001168,0.000569,0.000208,0.000058,0.480100,10,10,10,10,10,10,10,10,10,10,10,10,10,10,10,10,10,10,10,10,10,10,10,-22.240700,114.096700,9.000000,lev15,Almucantar
Learmonth,17:11:2020,12:00:00,322,322.000000,0.000096,0.000369,0.000913,0.001514,0.001833,0.001840,0.001766,0.001849,0.002231,0.002862,0.003503,0.004081,0.004600,0.004905,0.004950,0.004682,0.004032,0.003012,0.001832,0.000853,0.000297,0.000080,0.439000,8,8,8,8,8,8,8,8,8,8,8,8,8,8,8,8,8,8,8,8,8,8,8,-22.240700,114.096700,9.000000,lev15,Almucantar
Learmonth,18:11:2020,12:00:00,323,323.000000,0.000124,0.000516,0.001326,0.002172,0.002480,0.002290,0.002032,0.001999,0.002314,0.003055,0.004261,0.005858,0.007503,0.008687,0.009088,0.008569,0.007104,0.004949,0.002761,0.001192,0.000394,0.000101,0.439000,4,4,4,4,4,4,4,4,4,4,4,4,4,4,4,4,4,4,4,4,4,4,4,-22.240700,114.096700,9.000000,lev15,Almucantar
Learmonth,19:11:2020,12:00:00,324,324.000000,0.000118,0.000522,0.001379,0.002252,0.002521,0.002266,0.001954,0.001883,0.002177,0.002847,0.003768,0.004743,0.005647,0.006309,0.006524,0.006163,0.005187,0.003732,0.002192,0.001010,0.000356,0.000095,0.439000,4,4,4,4,4,4,4,4,4,4,4,4,4,4,4,4,4,4,4,4,4,4,4,-22.240700,114.096700,9.000000,lev15,Almucantar
Learmonth,21:11:2020,12:00:00,326,326.000000,0.000135,0.000541,0.001342,0.002116,0.002345,0.002123,0.001850,0.001793,0.002094,0.002830,0.003913,0.005143,0.006547,0.008184,0.010015,0.011681,0.012112,0.010096,0.006125,0.002509,0.000669,0.000116,0.439000,9,9,9,9,9,9,9,9,9,9,9,9,9,9,9,9,9,9,9,9,9,9,9,-22.240700,114.096700,9.000000,lev15,Almucantar
Learmonth,22:11:2020,12:00:00,327,327.000000,0.000154,0.000534,0.001222,0.001887,0.002129,0.002002,0.001846,0.001931,0.002452,0.003547,0.005076,0.006743,0.008630,0.010935,0.013888,0.017448,0.020248,0.018955,0.012261,0.004865,0.001111,0.000144,0.439000,4,4,4,4,4,4,4,4,4,4,4,4,4,4,4,4,4,4,4,4,4,4,4,-22.240700,114.096700,9.000000,lev15,Almucantar
Learmonth,23:11:2020,12:00:00,328,328.000000,0.000184,0.000502,0.001055,0.001649,0.002074,0.002331,0.002474,0.002767,0.003899,0.006713,0.010862,0.014193,0.016353,0.018948,0.018253,0.015426,0.012054,0.008709,0.005430,0.002627,0.000911,0.000223,0.439000,7,7,7,7,7,7,7,7,7,7,7,7,7,7,7,7,7,7,7,7,7,7,7,-22.240700,114.096700,9.000000,lev15,Almucantar
Learmonth,24:11:2020,12:00:00,329,329.000000,0.000187,0.000741,0.001689,0.002353,0.002321,0.001986,0.001795,0.002010,0.002967,0.004844,0.006454,0.007484,0.009222,0.010785,0.010993,0.010371,0.009624,0.008436,0.006032,0.002949,0.000877,0.000157,0.439000,6,6,6,6,6,6,6,6,6,6,6,6,6,6,6,6,6,6,6,6,6,6,6,-22.240700,114.096700,9.000000,lev15,Almucantar
Learmonth,25:11:2020,12:00:00,330,330.000000,0.000219,0.000985,0.002478,0.003557,0.003314,0.002524,0.002042,0.002126,0.002979,0.005072,0.008747,0.012912,0.014952,0.014528,0.013335,0.012091,0.010575,0.008213,0.005066,0.002276,0.000727,0.000172,0.439000,3,3,3,3,3,3,3,3,3,3,3,3,3,3,3,3,3,3,3,3,3,3,3,-22.240700,114.096700,9.000000,lev15,Almucantar
Learmonth,26:11:2020,12:00:00,331,331.000000,0.000324,0.001039,0.002089,0.002794,0.002869,0.002730,0.002824,0.003485,0.005088,0.007714,0.010355,0.013260,0.016068,0.015949,0.014997,0.015120,0.015956,0.014831,0.010168,0.004609,0.001301,0.000224,0.439000,5,5,5,5,5,5,5,5,5,5,5,5,5,5,5,5,5,5,5,5,5,5,5,-22.240700,114.096700,9.000000,lev15,Almucantar
Learmonth,27:11:2020,12:00:00,332,332.000000,0.000743,0.002293,0.003869,0.003738,0.002632,0.001864,0.001743,0.002427,0.004651,0.009356,0.015383,0.021605,0.029209,0.035178,0.040766,0.049759,0.057645,0.050143,0.030460,0.012853,0.003285,0.000440,0.439000,6,6,6,6,6,6,6,6,6,6,6,6,6,6,6,6,6,6,6,6,6,6,6,-22.240700,114.096700,9.000000,lev15,Almucantar
Learmonth,28:11:2020,12:00:00,333,333.000000,0.000313,0.001005,0.001746,0.002004,0.001894,0.001712,0.001672,0.001937,0.002663,0.003858,0.005264,0.006658,0.008352,0.010447,0.012724,0.015421,0.018199,0.018675,0.014121,0.006553,0.001602,0.000194,0.439000,8,8,8,8,8,8,8,8,8,8,8,8,8,8,8,8,8,8,8,8,8,8,8,-22.240700,114.096700,9.000000,lev15,Almucantar
Learmonth,29:11:2020,12:00:00,334,334.000000,0.000163,0.000521,0.001160,0.001783,0.002066,0.002080,0.002080,0.002323,0.003160,0.004836,0.006759,0.008060,0.009648,0.011257,0.012069,0.012176,0.011578,0.009804,0.006420,0.002840,0.000798,0.000146,0.439000,7,7,7,7,7,7,7,7,7,7,7,7,7,7,7,7,7,7,7,7,7,7,7,-22.240700,114.096700,9.000000,lev15,Almucantar
Learmonth,30:11:2020,12:00:00,335,335.000000,0.000294,0.000690,0.001158,0.001402,0.001354,0.001226,0.001228,0.001539,0.002511,0.004796,0.008650,0.013360,0.018404,0.024036,0.031578,0.041890,0.050697,0.047286,0.029090,0.010623,0.002180,0.000248,0.439000,7,7,7,7,7,7,7,7,7,7,7,7,7,7,7,7,7,7,7,7,7,7,7,-22.240700,114.096700,9.000000,lev15,Almucantar
Learmonth,01:12:2020,12:00:00,336,336.000000,0.000104,0.000260,0.000543,0.000893,0.001185,0.001364,0.001486,0.001644,0.001964,0.002603,0.003620,0.004896,0.006279,0.007889,0.010138,0.013174,0.015760,0.014857,0.009449,0.003641,0.000812,0.000106,0.439000,9,9,9,9,9,9,9,9,9,9,9,9,9,9,9,9,9,9,9,9,9,9,9,-22.240700,114.096700,9.000000,lev15,Almucantar
Learmonth,02:12:2020,12:00:00,337,337.000000,0.000178,0.000542,0.001085,0.001500,0.001647,0.001663,0.001725,0.001975,0.002593,0.003614,0.004838,0.006239,0.007939,0.009691,0.011101,0.012173,0.012601,0.011327,0.007652,0.003354,0.000875,0.000137,0.439000,8,8,8,8,8,8,8,8,8,8,8,8,8,8,8,8,8,8,8,8,8,8,8,-22.240700,114.096700,9.000000,lev15,Almucantar
Learmonth,03:12:2020,12:00:00,338,338.000000,0.000444,0.000810,0.001086,0.001224,0.001285,0.001363,0.001577,0.002087,0.003151,0.004875,0.006783,0.008413,0.010149,0.011940,0.013521,0.015220,0.016845,0.016764,0.013210,0.006911,0.001996,0.000291,0.439000,9,9,9,9,9,9,9,9,9,9,9,9,9,9,9,9,9,9,9,9,9,9,9,-22.240700,114.096700,9.000000,lev15,Almucantar
Learmonth,04:12:2020,12:00:00,339,339.000000,0.000259,0.000771,0.001541,0.002130,0.002270,0.002193,0.002265,0.002802,0.004166,0.006477,0.009032,0.011246,0.013387,0.015911,0.019296,0.023572,0.026830,0.024726,0.015802,0.006254,0.001475,0.000217,0.439000,7,7,7,7,7,7,7,7,7,7,7,7,7,7,7,7,7,7,7,7,7,7,7,-22.240700,114.096700,9.000000,lev15,Almucantar
Learmonth,09:12:2020,12:00:00,344,344.000000,0.000584,0.001575,0.002685,0.003133,0.002960,0.002811,0.003280,0.005139,0.009349,0.014382,0.017259,0.017865,0.018750,0.019544,0.020703,0.023682,0.028457,0.031266,0.025491,0.012600,0.003314,0.000446,0.439000,8,8,8,8,8,8,8,8,8,8,8,8,8,8,8,8,8,8,8,8,8,8,8,-22.240700,114.096700,9.000000,lev15,Almucantar
Learmonth,10:12:2020,12:00:00,345,345.000000,0.000574,0.001580,0.002797,0.003368,0.003181,0.002954,0.003459,0.005794,0.011740,0.020293,0.026738,0.029903,0.033364,0.038299,0.044742,0.051488,0.053326,0.044037,0.026017,0.010212,0.002565,0.000408,0.439000,2,2,2,2,2,2,2,2,2,2,2,2,2,2,2,2,2,2,2,2,2,2,2,-22.240700,114.096700,9.000000,lev15,Almucantar
Learmonth,14:12:2020,12:00:00,349,349.000000,0.000617,0.001311,0.001831,0.001998,0.002009,0.002068,0.002446,0.003632,0.006226,0.009347,0.011031,0.011706,0.013161,0.016016,0.020458,0.026446,0.032597,0.033769,0.024597,0.010754,0.002575,0.000328,0.439000,9,9,9,9,9,9,9,9,9,9,9,9,9,9,9,9,9,9,9,9,9,9,9,-22.240700,114.096700,9.000000,lev15,Almucantar
Learmonth,15:12:2020,12:00:00,350,350.000000,0.000377,0.002054,0.006208,0.009580,0.009022,0.006656,0.005051,0.004871,0.006081,0.008468,0.010594,0.011721,0.013091,0.015334,0.018782,0.024010,0.029835,0.031149,0.022871,0.010099,0.002442,0.000319,0.439000,9,9,9,9,9,9,9,9,9,9,9,9,9,9,9,9,9,9,9,9,9,9,9,-22.240700,114.096700,9.000000,lev15,Almucantar
Learmonth,16:12:2020,12:00:00,351,351.000000,0.000495,0.001411,0.002322,0.002281,0.001881,0.001778,0.002176,0.003379,0.006008,0.010020,0.012817,0.014322,0.016397,0.018198,0.019497,0.021008,0.022028,0.019713,0.013161,0.005899,0.001646,0.000278,0.439000,9,9,9,9,9,9,9,9,9,9,9,9,9,9,9,9,9,9,9,9,9,9,9,-22.240700,114.096700,9.000000,lev15,Almucantar
Learmonth,17:12:2020,12:00:00,352,352.000000,0.000593,0.001407,0.001947,0.001864,0.001668,0.001682,0.002059,0.003117,0.005438,0.008903,0.011774,0.013521,0.015144,0.017683,0.019854,0.021379,0.021625,0.018596,0.011975,0.005209,0.001447,0.000256,0.439000,9,9,9,9,9,9,9,9,9,9,9,9,9,9,9,9,9,9,9,9,9,9,9,-22.240700,114.096700,9.000000,lev15,Almucantar
Learmonth,18:12:2020,12:00:00,353,353.000000,0.000242,0.000516,0.000849,0.001130,0.001345,0.001607,0.002110,0.003156,0.005110,0.007697,0.009443,0.009982,0.010794,0.011945,0.012531,0.012596,0.012259,0.010756,0.007440,0.003553,0.001078,0.000204,0.439000,7,7,7,7,7,7,7,7,7,7,7,7,7,7,7,7,7,7,7,7,7,7,7,-22.240700,114.096700,9.000000,lev15,Almucantar
Learmonth,19:12:2020,12:00:00,354,354.000000,0.000357,0.000774,0.001152,0.001252,0.001225,0.001341,0.001846,0.003219,0.006138,0.009359,0.010160,0.009953,0.011043,0.013307,0.015292,0.017549,0.022393,0.030344,0.034017,0.021471,0.005541,0.000528,0.439000,4,4,4,4,4,4,4,4,4,4,4,4,4,4,4,4,4,4,4,4,4,4,4,-22.240700,114.096700,9.000000,lev15,Almucantar
Learmonth,24:12:2020,12:00:00,359,359.000000,0.000310,0.000623,0.000999,0.001307,0.001519,0.001778,0.002356,0.003688,0.006330,0.009965,0.012719,0.014552,0.017103,0.021024,0.025713,0.028669,0.027082,0.020741,0.012243,0.005181,0.001486,0.000285,0.439000,5,5,5,5,5,5,5,5,5,5,5,5,5,5,5,5,5,5,5,5,5,5,5,-22.240700,114.096700,9.000000,lev15,Almucantar
Learmonth,25:12:2020,12:00:00,360,360.000000,0.000269,0.000460,0.000683,0.000899,0.001117,0.001442,0.002093,0.003406,0.005598,0.008146,0.010121,0.011492,0.014017,0.018392,0.023619,0.028130,0.028504,0.023031,0.013953,0.005805,0.001545,0.000257,0.439000,5,5,5,5,5,5,5,5,5,5,5,5,5,5,5,5,5,5,5,5,5,5,5,-22.240700,114.096700,9.000000,lev15,Almucantar
Learmonth,27:12:2020,12:00:00,362,362.000000,0.000487,0.000992,0.001486,0.001752,0.001862,0.002105,0.002859,0.004627,0.007872,0.012076,0.015742,0.018327,0.021045,0.025219,0.031271,0.038510,0.043113,0.038874,0.024699,0.009885,0.002349,0.000335,0.439000,7,7,7,7,7,7,7,7,7,7,7,7,7,7,7,7,7,7,7,7,7,7,7,-22.240700,114.096700,9.000000,lev15,Almucantar
