AERONET Data Download (Version 3 Direct Sun and Inversion Algorithms)
AERONET Version 3
Lille
Version 3: Almucantar Level 1.5 Inversion
The following data are cloud cleared and quality controls have been applied but these data may not have final calibration applied.  These data may change.
Daily Averages,Contact: PI=Philippe_Goloub; PI Email=philippe.goloub@univ-lille.fr 
AERONET_AERONET_Site,Date(dd:mm:yyyy),Time(hh:mm:ss),Day_of_Year,Day_of_Year(fraction),0.050000,0.065604,0.086077,0.112939,0.148184,0.194429,0.255105,0.334716,0.439173,0.576227,0.756052,0.991996,1.301571,1.707757,2.240702,2.939966,3.857452,5.061260,6.640745,8.713145,11.432287,15.000000,Inflection_Radius_of_Size_Distribution(um),N[0.050000],N[0.065604],N[0.086077],N[0.112939],N[0.148184],N[0.194429],N[0.255105],N[0.334716],N[0.439173],N[0.576227],N[0.756052],N[0.991996],N[1.301571],N[1.707757],N[2.240702],N[2.939966],N[3.857452],N[5.061260],N[6.640745],N[8.713145],N[11.432287],N[15.000000],N[Inflection_Radius_of_Size_Distribution(um)],Latitude(Degrees),Longitude(Degrees),Elevation(m),Level,Retrieval_Measurement_Scan_Type
Lille,30:01:2019,12:00:00,30,30.000000,0.000127,0.001433,0.006213,0.010871,0.009073,0.005006,0.002692,0.001898,0.001904,0.002468,0.003524,0.004831,0.005943,0.006747,0.007548,0.008329,0.008362,0.006782,0.004027,0.001649,0.000452,0.000082,0.439000,1,1,1,1,1,1,1,1,1,1,1,1,1,1,1,1,1,1,1,1,1,1,1,50.611667,3.141667,60.000000,lev15,Almucantar
Lille,11:02:2019,12:00:00,42,42.000000,0.000454,0.002269,0.004845,0.005315,0.004043,0.002756,0.002149,0.002319,0.003230,0.004823,0.007254,0.010573,0.013770,0.016000,0.016154,0.014270,0.011961,0.009682,0.006735,0.003304,0.001001,0.000195,0.439000,2,2,2,2,2,2,2,2,2,2,2,2,2,2,2,2,2,2,2,2,2,2,2,50.611667,3.141667,60.000000,lev15,Almucantar
Lille,15:02:2019,12:00:00,46,46.000000,0.000078,0.000491,0.001611,0.002941,0.003548,0.003401,0.002773,0.001810,0.001031,0.000669,0.000626,0.000793,0.001052,0.001244,0.001342,0.001474,0.001696,0.001831,0.001554,0.000875,0.000295,0.000059,0.696000,6,6,6,6,6,6,6,6,6,6,6,6,6,6,6,6,6,6,6,6,6,6,6,50.611667,3.141667,60.000000,lev15,Almucantar
Lille,16:02:2019,12:00:00,47,47.000000,0.000170,0.001523,0.006668,0.014072,0.016214,0.012671,0.008067,0.004614,0.002697,0.001941,0.001931,0.002482,0.003476,0.004710,0.005449,0.005529,0.005236,0.004801,0.004037,0.002487,0.000887,0.000184,0.696000,3,3,3,3,3,3,3,3,3,3,3,3,3,3,3,3,3,3,3,3,3,3,3,50.611667,3.141667,60.000000,lev15,Almucantar
Lille,19:02:2019,12:00:00,50,50.000000,0.000168,0.000354,0.000781,0.001672,0.003265,0.005307,0.006457,0.005846,0.005004,0.005678,0.009498,0.017788,0.026242,0.029168,0.031588,0.033475,0.034097,0.030665,0.019785,0.007695,0.001694,0.000239,0.439000,2,2,2,2,2,2,2,2,2,2,2,2,2,2,2,2,2,2,2,2,2,2,2,50.611667,3.141667,60.000000,lev15,Almucantar
Lille,20:02:2019,12:00:00,51,51.000000,0.000177,0.000651,0.001723,0.003319,0.004813,0.005616,0.005796,0.005833,0.005926,0.005402,0.004041,0.002883,0.002638,0.003557,0.006370,0.012588,0.022256,0.028986,0.023050,0.009710,0.002015,0.000201,0.992000,1,1,1,1,1,1,1,1,1,1,1,1,1,1,1,1,1,1,1,1,1,1,1,50.611667,3.141667,60.000000,lev15,Almucantar
Lille,21:02:2019,12:00:00,52,52.000000,0.000122,0.000758,0.003144,0.007945,0.013326,0.015895,0.012508,0.006751,0.003553,0.002676,0.003203,0.004430,0.005710,0.006906,0.007257,0.006929,0.006187,0.004985,0.003268,0.001590,0.000555,0.000143,0.621000,4,4,4,4,4,4,4,4,4,4,4,4,4,4,4,4,4,4,4,4,4,4,4,50.611667,3.141667,60.000000,lev15,Almucantar
Lille,23:02:2019,12:00:00,54,54.000000,0.000188,0.001490,0.005490,0.009634,0.009444,0.006865,0.004785,0.003329,0.002149,0.001382,0.001065,0.001127,0.001503,0.001900,0.002165,0.002538,0.003142,0.003712,0.003420,0.001961,0.000608,0.000107,0.834667,9,9,9,9,9,9,9,9,9,9,9,9,9,9,9,9,9,9,9,9,9,9,9,50.611667,3.141667,60.000000,lev15,Almucantar
Lille,24:02:2019,12:00:00,55,55.000000,0.000048,0.000473,0.002107,0.004354,0.004765,0.003477,0.002170,0.001360,0.000909,0.000683,0.000632,0.000737,0.000944,0.001107,0.001153,0.001148,0.001113,0.000960,0.000651,0.000322,0.000119,0.000037,0.756000,4,4,4,4,4,4,4,4,4,4,4,4,4,4,4,4,4,4,4,4,4,4,4,50.611667,3.141667,60.000000,lev15,Almucantar
Lille,25:02:2019,12:00:00,56,56.000000,0.000099,0.000734,0.002526,0.004305,0.004389,0.003367,0.002318,0.001597,0.001332,0.001464,0.001790,0.001998,0.002035,0.002177,0.002781,0.004526,0.007495,0.009386,0.008569,0.004611,0.001034,0.000094,0.557143,7,7,7,7,7,7,7,7,7,7,7,7,7,7,7,7,7,7,7,7,7,7,7,50.611667,3.141667,60.000000,lev15,Almucantar
Lille,26:02:2019,12:00:00,57,57.000000,0.000102,0.000671,0.002234,0.003925,0.004146,0.003130,0.002013,0.001336,0.001134,0.001247,0.001515,0.001846,0.002323,0.003029,0.004154,0.006239,0.010097,0.015310,0.016573,0.009000,0.001844,0.000137,0.454222,9,9,9,9,9,9,9,9,9,9,9,9,9,9,9,9,9,9,9,9,9,9,9,50.611667,3.141667,60.000000,lev15,Almucantar
Lille,27:02:2019,12:00:00,58,58.000000,0.000275,0.001296,0.003596,0.006147,0.007823,0.009338,0.010427,0.007793,0.003575,0.001648,0.001369,0.002057,0.003440,0.004439,0.005023,0.005425,0.005854,0.005796,0.004522,0.002408,0.000802,0.000167,0.716000,9,9,9,9,9,9,9,9,9,9,9,9,9,9,9,9,9,9,9,9,9,9,9,50.611667,3.141667,60.000000,lev15,Almucantar
Lille,05:03:2019,12:00:00,64,64.000000,0.000271,0.001365,0.003176,0.003722,0.002771,0.001862,0.001557,0.001898,0.003175,0.005360,0.006604,0.007191,0.008988,0.012614,0.016554,0.019204,0.018782,0.014665,0.008555,0.003430,0.000890,0.000146,0.439000,1,1,1,1,1,1,1,1,1,1,1,1,1,1,1,1,1,1,1,1,1,1,1,50.611667,3.141667,60.000000,lev15,Almucantar
Lille,08:03:2019,12:00:00,67,67.000000,0.000156,0.000613,0.001525,0.002462,0.002846,0.002782,0.002696,0.002806,0.003302,0.004396,0.006012,0.007156,0.007161,0.007229,0.007693,0.007674,0.006724,0.004954,0.002908,0.001298,0.000435,0.000114,0.439000,4,4,4,4,4,4,4,4,4,4,4,4,4,4,4,4,4,4,4,4,4,4,4,50.611667,3.141667,60.000000,lev15,Almucantar
Lille,17:03:2019,12:00:00,76,76.000000,0.000128,0.000353,0.000776,0.001375,0.002006,0.002502,0.002768,0.002879,0.003278,0.004502,0.006687,0.008211,0.007279,0.007659,0.010079,0.012615,0.014140,0.013854,0.010297,0.004809,0.001257,0.000177,0.439000,1,1,1,1,1,1,1,1,1,1,1,1,1,1,1,1,1,1,1,1,1,1,1,50.611667,3.141667,60.000000,lev15,Almucantar
Lille,19:03:2019,12:00:00,78,78.000000,0.000166,0.000456,0.001116,0.002445,0.004749,0.007615,0.008678,0.006610,0.004789,0.005217,0.008329,0.013052,0.017416,0.021979,0.022877,0.021038,0.015146,0.008701,0.004115,0.001610,0.000526,0.000150,0.439000,2,2,2,2,2,2,2,2,2,2,2,2,2,2,2,2,2,2,2,2,2,2,2,50.611667,3.141667,60.000000,lev15,Almucantar
Lille,21:03:2019,12:00:00,80,80.000000,0.000285,0.001268,0.003938,0.008268,0.013372,0.018414,0.021333,0.020356,0.015822,0.010819,0.007899,0.007201,0.007782,0.008816,0.009832,0.010361,0.010475,0.010556,0.009169,0.005090,0.001526,0.000295,0.874000,4,4,4,4,4,4,4,4,4,4,4,4,4,4,4,4,4,4,4,4,4,4,4,50.611667,3.141667,60.000000,lev15,Almucantar
Lille,22:03:2019,12:00:00,81,81.000000,0.000275,0.001736,0.006322,0.013699,0.019738,0.021068,0.017143,0.010922,0.006128,0.003681,0.002863,0.003196,0.004402,0.005738,0.006476,0.007055,0.007794,0.007831,0.006074,0.003254,0.001134,0.000257,0.770000,8,8,8,8,8,8,8,8,8,8,8,8,8,8,8,8,8,8,8,8,8,8,8,50.611667,3.141667,60.000000,lev15,Almucantar
Lille,24:03:2019,12:00:00,83,83.000000,0.000236,0.001421,0.004029,0.005725,0.005791,0.005323,0.004423,0.003693,0.004040,0.005410,0.007311,0.009027,0.010084,0.010253,0.009517,0.007913,0.005734,0.003548,0.001895,0.000882,0.000358,0.000131,0.439000,7,7,7,7,7,7,7,7,7,7,7,7,7,7,7,7,7,7,7,7,7,7,7,50.611667,3.141667,60.000000,lev15,Almucantar
Lille,26:03:2019,12:00:00,85,85.000000,0.000419,0.002012,0.005118,0.007223,0.006460,0.004570,0.003393,0.003388,0.005071,0.010022,0.017679,0.021018,0.022876,0.026214,0.029050,0.029290,0.025038,0.017416,0.009369,0.003804,0.001161,0.000266,0.439000,1,1,1,1,1,1,1,1,1,1,1,1,1,1,1,1,1,1,1,1,1,1,1,50.611667,3.141667,60.000000,lev15,Almucantar
Lille,29:03:2019,12:00:00,88,88.000000,0.000267,0.001236,0.004440,0.010009,0.015860,0.021214,0.022457,0.014600,0.007197,0.004163,0.003452,0.003828,0.004703,0.005195,0.005023,0.005072,0.005609,0.005890,0.004659,0.002432,0.000849,0.000227,0.808444,9,9,9,9,9,9,9,9,9,9,9,9,9,9,9,9,9,9,9,9,9,9,9,50.611667,3.141667,60.000000,lev15,Almucantar
Lille,30:03:2019,12:00:00,89,89.000000,0.000350,0.002030,0.007347,0.016060,0.026795,0.036724,0.035700,0.020597,0.008213,0.003749,0.002786,0.003355,0.005107,0.007423,0.009064,0.009330,0.008232,0.006219,0.003957,0.002087,0.000910,0.000336,0.765333,6,6,6,6,6,6,6,6,6,6,6,6,6,6,6,6,6,6,6,6,6,6,6,50.611667,3.141667,60.000000,lev15,Almucantar
Lille,31:03:2019,12:00:00,90,90.000000,0.000789,0.002833,0.008929,0.021549,0.039934,0.060167,0.071847,0.063346,0.047338,0.035565,0.025797,0.017965,0.013198,0.011515,0.012592,0.016881,0.027790,0.051216,0.067815,0.039763,0.008358,0.000862,0.992000,3,3,3,3,3,3,3,3,3,3,3,3,3,3,3,3,3,3,3,3,3,3,3,50.611667,3.141667,60.000000,lev15,Almucantar
Lille,01:04:2019,12:00:00,91,91.000000,0.000393,0.002789,0.011827,0.026350,0.036034,0.036981,0.031404,0.020015,0.010782,0.006594,0.005510,0.006356,0.008458,0.010648,0.012391,0.013588,0.014106,0.012542,0.008239,0.003835,0.001329,0.000363,0.771273,11,11,11,11,11,11,11,11,11,11,11,11,11,11,11,11,11,11,11,11,11,11,11,50.611667,3.141667,60.000000,lev15,Almucantar
Lille,03:04:2019,12:00:00,93,93.000000,0.000106,0.000988,0.004100,0.008105,0.009158,0.007507,0.004893,0.002857,0.002050,0.002093,0.002389,0.002464,0.002694,0.002975,0.002725,0.002133,0.001512,0.000998,0.000603,0.000323,0.000150,0.000059,0.439000,1,1,1,1,1,1,1,1,1,1,1,1,1,1,1,1,1,1,1,1,1,1,1,50.611667,3.141667,60.000000,lev15,Almucantar
Lille,04:04:2019,12:00:00,94,94.000000,0.000073,0.000500,0.002209,0.006288,0.011283,0.012483,0.008003,0.003237,0.001428,0.001225,0.001905,0.002657,0.002231,0.001658,0.001534,0.001801,0.002293,0.002574,0.002146,0.001201,0.000429,0.000096,0.576000,1,1,1,1,1,1,1,1,1,1,1,1,1,1,1,1,1,1,1,1,1,1,1,50.611667,3.141667,60.000000,lev15,Almucantar
Lille,10:04:2019,12:00:00,100,100.000000,0.000225,0.001191,0.004487,0.012222,0.023726,0.027278,0.016151,0.007090,0.003659,0.002735,0.002889,0.003777,0.005196,0.006577,0.008165,0.011216,0.015777,0.017575,0.011726,0.004573,0.001207,0.000238,0.636000,3,3,3,3,3,3,3,3,3,3,3,3,3,3,3,3,3,3,3,3,3,3,3,50.611667,3.141667,60.000000,lev15,Almucantar
Lille,11:04:2019,12:00:00,101,101.000000,0.000248,0.001567,0.006357,0.015610,0.026582,0.028363,0.015935,0.006080,0.002763,0.002224,0.002820,0.004031,0.005527,0.006197,0.006519,0.008470,0.012401,0.014984,0.011518,0.005118,0.001263,0.000180,0.580300,10,10,10,10,10,10,10,10,10,10,10,10,10,10,10,10,10,10,10,10,10,10,10,50.611667,3.141667,60.000000,lev15,Almucantar
Lille,12:04:2019,12:00:00,102,102.000000,0.000218,0.002635,0.013494,0.030786,0.038394,0.034165,0.020796,0.008315,0.003430,0.002180,0.002207,0.003056,0.004359,0.005061,0.005344,0.006251,0.008263,0.009862,0.007863,0.003720,0.001046,0.000203,0.621000,4,4,4,4,4,4,4,4,4,4,4,4,4,4,4,4,4,4,4,4,4,4,4,50.611667,3.141667,60.000000,lev15,Almucantar
Lille,13:04:2019,12:00:00,103,103.000000,0.000260,0.001160,0.004009,0.010428,0.020129,0.026943,0.019102,0.006630,0.002397,0.001599,0.001835,0.002325,0.002533,0.002489,0.002565,0.002874,0.003226,0.003163,0.002441,0.001430,0.000633,0.000215,0.576000,3,3,3,3,3,3,3,3,3,3,3,3,3,3,3,3,3,3,3,3,3,3,3,50.611667,3.141667,60.000000,lev15,Almucantar
Lille,14:04:2019,12:00:00,104,104.000000,0.000372,0.001749,0.004639,0.008730,0.017114,0.039948,0.069998,0.046345,0.013966,0.003939,0.001737,0.001371,0.001680,0.002405,0.003138,0.003426,0.003320,0.003060,0.002600,0.001806,0.000916,0.000324,0.992000,1,1,1,1,1,1,1,1,1,1,1,1,1,1,1,1,1,1,1,1,1,1,1,50.611667,3.141667,60.000000,lev15,Almucantar
Lille,15:04:2019,12:00:00,105,105.000000,0.000254,0.001886,0.008611,0.021603,0.032577,0.036115,0.029147,0.014848,0.005598,0.002393,0.001735,0.002252,0.003708,0.005516,0.006680,0.007641,0.008924,0.010182,0.009226,0.005182,0.001631,0.000321,0.730286,7,7,7,7,7,7,7,7,7,7,7,7,7,7,7,7,7,7,7,7,7,7,7,50.611667,3.141667,60.000000,lev15,Almucantar
Lille,18:04:2019,12:00:00,108,108.000000,0.000351,0.002530,0.010366,0.021307,0.027643,0.027700,0.019629,0.009158,0.003949,0.002458,0.002715,0.004351,0.006457,0.008164,0.010548,0.015032,0.021594,0.025795,0.021063,0.009836,0.002319,0.000270,0.661143,7,7,7,7,7,7,7,7,7,7,7,7,7,7,7,7,7,7,7,7,7,7,7,50.611667,3.141667,60.000000,lev15,Almucantar
Lille,19:04:2019,12:00:00,109,109.000000,0.000239,0.003473,0.016730,0.027076,0.027955,0.024384,0.017281,0.009024,0.003916,0.002175,0.002252,0.004007,0.007642,0.010074,0.010808,0.013725,0.020371,0.025384,0.019155,0.008075,0.001905,0.000267,0.651000,12,12,12,12,12,12,12,12,12,12,12,12,12,12,12,12,12,12,12,12,12,12,12,50.611667,3.141667,60.000000,lev15,Almucantar
Lille,21:04:2019,12:00:00,111,111.000000,0.000259,0.002832,0.012563,0.021805,0.022437,0.018555,0.011914,0.005479,0.002564,0.001846,0.002380,0.004068,0.005654,0.006487,0.007975,0.011018,0.015397,0.017767,0.013668,0.006198,0.001546,0.000213,0.630000,10,10,10,10,10,10,10,10,10,10,10,10,10,10,10,10,10,10,10,10,10,10,10,50.611667,3.141667,60.000000,lev15,Almucantar
Lille,22:04:2019,12:00:00,112,112.000000,0.004676,0.018071,0.028975,0.023312,0.014037,0.009643,0.009677,0.013822,0.021477,0.027781,0.032643,0.046719,0.077494,0.095129,0.067620,0.038715,0.027280,0.024401,0.018660,0.009132,0.002708,0.000732,0.439000,3,3,3,3,3,3,3,3,3,3,3,3,3,3,3,3,3,3,3,3,3,3,3,50.611667,3.141667,60.000000,lev15,Almucantar
Lille,24:04:2019,12:00:00,114,114.000000,0.000635,0.002737,0.006558,0.009422,0.009269,0.007326,0.005786,0.005795,0.008123,0.013854,0.021971,0.028860,0.031602,0.031776,0.033083,0.034294,0.029817,0.019489,0.009600,0.003722,0.001181,0.000317,0.439000,2,2,2,2,2,2,2,2,2,2,2,2,2,2,2,2,2,2,2,2,2,2,2,50.611667,3.141667,60.000000,lev15,Almucantar
Lille,26:04:2019,12:00:00,116,116.000000,0.000186,0.001053,0.003322,0.006028,0.006967,0.006131,0.005037,0.004419,0.004426,0.005172,0.006725,0.008767,0.010743,0.012571,0.014459,0.016001,0.015917,0.012860,0.007632,0.003102,0.000835,0.000147,0.439000,1,1,1,1,1,1,1,1,1,1,1,1,1,1,1,1,1,1,1,1,1,1,1,50.611667,3.141667,60.000000,lev15,Almucantar
Lille,29:04:2019,12:00:00,119,119.000000,0.000250,0.000320,0.000582,0.001419,0.004264,0.013440,0.032863,0.041070,0.025029,0.012819,0.008728,0.008308,0.009327,0.010697,0.011432,0.010585,0.008362,0.005653,0.003293,0.001662,0.000729,0.000280,0.874000,2,2,2,2,2,2,2,2,2,2,2,2,2,2,2,2,2,2,2,2,2,2,2,50.611667,3.141667,60.000000,lev15,Almucantar
Lille,11:05:2019,12:00:00,131,131.000000,0.000146,0.000978,0.003651,0.007796,0.010296,0.009505,0.006780,0.004181,0.002958,0.003233,0.005149,0.008064,0.009263,0.008968,0.008946,0.009197,0.009735,0.009387,0.006810,0.003201,0.000899,0.000147,0.439000,1,1,1,1,1,1,1,1,1,1,1,1,1,1,1,1,1,1,1,1,1,1,1,50.611667,3.141667,60.000000,lev15,Almucantar
Lille,12:05:2019,12:00:00,132,132.000000,0.000136,0.001452,0.005577,0.008506,0.006691,0.003836,0.002281,0.001762,0.001805,0.002353,0.003438,0.004499,0.005455,0.006717,0.008191,0.008526,0.007943,0.007075,0.005315,0.002596,0.000663,0.000087,0.439000,2,2,2,2,2,2,2,2,2,2,2,2,2,2,2,2,2,2,2,2,2,2,2,50.611667,3.141667,60.000000,lev15,Almucantar
Lille,13:05:2019,12:00:00,133,133.000000,0.000250,0.002070,0.006765,0.009596,0.007631,0.004658,0.002900,0.002218,0.002229,0.002819,0.003664,0.004190,0.004822,0.005703,0.006557,0.008207,0.011332,0.014419,0.012996,0.006667,0.001658,0.000186,0.473250,4,4,4,4,4,4,4,4,4,4,4,4,4,4,4,4,4,4,4,4,4,4,4,50.611667,3.141667,60.000000,lev15,Almucantar
Lille,14:05:2019,12:00:00,134,134.000000,0.000166,0.000832,0.002411,0.004295,0.005462,0.005710,0.004762,0.002975,0.001940,0.002078,0.003159,0.004672,0.006121,0.005775,0.004825,0.004547,0.004919,0.005065,0.004009,0.002092,0.000657,0.000120,0.439000,1,1,1,1,1,1,1,1,1,1,1,1,1,1,1,1,1,1,1,1,1,1,1,50.611667,3.141667,60.000000,lev15,Almucantar
Lille,16:05:2019,12:00:00,136,136.000000,0.000208,0.001702,0.007327,0.017154,0.026278,0.029215,0.021807,0.010219,0.003721,0.001787,0.001752,0.003192,0.006501,0.010584,0.013675,0.017261,0.025078,0.035844,0.034272,0.016091,0.003219,0.000267,0.666000,2,2,2,2,2,2,2,2,2,2,2,2,2,2,2,2,2,2,2,2,2,2,2,50.611667,3.141667,60.000000,lev15,Almucantar
Lille,21:05:2019,12:00:00,141,141.000000,0.000146,0.002701,0.017049,0.038781,0.037976,0.021910,0.010440,0.005300,0.003368,0.002984,0.003617,0.004945,0.005988,0.006312,0.006411,0.006829,0.007331,0.006837,0.004685,0.002129,0.000619,0.000114,0.576000,1,1,1,1,1,1,1,1,1,1,1,1,1,1,1,1,1,1,1,1,1,1,1,50.611667,3.141667,60.000000,lev15,Almucantar
Lille,24:05:2019,12:00:00,144,144.000000,0.000243,0.002199,0.009111,0.017377,0.020337,0.017501,0.010813,0.005155,0.002589,0.001956,0.002431,0.003872,0.005635,0.006226,0.006048,0.006805,0.009291,0.012497,0.011637,0.005840,0.001434,0.000174,0.576000,6,6,6,6,6,6,6,6,6,6,6,6,6,6,6,6,6,6,6,6,6,6,6,50.611667,3.141667,60.000000,lev15,Almucantar
Lille,25:05:2019,12:00:00,145,145.000000,0.000155,0.001207,0.004959,0.010995,0.014442,0.013177,0.009378,0.005327,0.002729,0.001631,0.001407,0.001753,0.002500,0.003154,0.003593,0.004203,0.005245,0.006130,0.005425,0.003033,0.000958,0.000164,0.756000,2,2,2,2,2,2,2,2,2,2,2,2,2,2,2,2,2,2,2,2,2,2,2,50.611667,3.141667,60.000000,lev15,Almucantar
Lille,01:06:2019,12:00:00,152,152.000000,0.000283,0.002683,0.010084,0.016051,0.013209,0.007951,0.005136,0.004444,0.004921,0.005486,0.005121,0.004706,0.005788,0.009117,0.014451,0.021698,0.029848,0.033059,0.024262,0.009840,0.002003,0.000203,0.874000,2,2,2,2,2,2,2,2,2,2,2,2,2,2,2,2,2,2,2,2,2,2,2,50.611667,3.141667,60.000000,lev15,Almucantar
Lille,06:06:2019,12:00:00,157,157.000000,0.000155,0.003790,0.023002,0.041344,0.036145,0.023114,0.011437,0.005251,0.003115,0.002893,0.003819,0.005464,0.007158,0.008058,0.008061,0.007784,0.007497,0.006414,0.004258,0.002031,0.000681,0.000161,0.576000,2,2,2,2,2,2,2,2,2,2,2,2,2,2,2,2,2,2,2,2,2,2,2,50.611667,3.141667,60.000000,lev15,Almucantar
Lille,08:06:2019,12:00:00,159,159.000000,0.000211,0.001185,0.003299,0.004754,0.004364,0.003478,0.003024,0.002997,0.003333,0.004100,0.005552,0.007797,0.009754,0.011071,0.011958,0.012476,0.012608,0.011567,0.008198,0.003712,0.000968,0.000149,0.439000,3,3,3,3,3,3,3,3,3,3,3,3,3,3,3,3,3,3,3,3,3,3,3,50.611667,3.141667,60.000000,lev15,Almucantar
Lille,11:06:2019,12:00:00,162,162.000000,0.000069,0.000472,0.002069,0.005749,0.009831,0.010208,0.007013,0.004063,0.002627,0.002201,0.002292,0.002743,0.003742,0.004955,0.005322,0.004590,0.003245,0.001935,0.001004,0.000466,0.000196,0.000075,0.576000,1,1,1,1,1,1,1,1,1,1,1,1,1,1,1,1,1,1,1,1,1,1,1,50.611667,3.141667,60.000000,lev15,Almucantar
Lille,14:06:2019,12:00:00,165,165.000000,0.000486,0.003243,0.009709,0.015194,0.016713,0.015530,0.011782,0.006983,0.004086,0.003692,0.005759,0.009565,0.011247,0.013404,0.017320,0.020764,0.021907,0.019896,0.013531,0.005725,0.001401,0.000215,0.507500,2,2,2,2,2,2,2,2,2,2,2,2,2,2,2,2,2,2,2,2,2,2,2,50.611667,3.141667,60.000000,lev15,Almucantar
Lille,17:06:2019,12:00:00,168,168.000000,0.000145,0.000643,0.002213,0.005293,0.008663,0.010192,0.008950,0.005940,0.003958,0.003763,0.004933,0.006395,0.008261,0.010412,0.011111,0.010314,0.008281,0.005650,0.003186,0.001429,0.000502,0.000143,0.517286,7,7,7,7,7,7,7,7,7,7,7,7,7,7,7,7,7,7,7,7,7,7,7,50.611667,3.141667,60.000000,lev15,Almucantar
Lille,20:06:2019,12:00:00,171,171.000000,0.000063,0.000355,0.001216,0.002575,0.003527,0.003375,0.002527,0.001801,0.001582,0.001910,0.002668,0.003405,0.004183,0.005284,0.006368,0.006785,0.006390,0.005157,0.003162,0.001327,0.000362,0.000064,0.439000,2,2,2,2,2,2,2,2,2,2,2,2,2,2,2,2,2,2,2,2,2,2,2,50.611667,3.141667,60.000000,lev15,Almucantar
Lille,21:06:2019,12:00:00,172,172.000000,0.000138,0.000410,0.001081,0.002495,0.004810,0.007070,0.007069,0.004894,0.003421,0.003740,0.006692,0.012786,0.016061,0.016302,0.019988,0.026867,0.033187,0.031231,0.019388,0.007198,0.001531,0.000184,0.439000,1,1,1,1,1,1,1,1,1,1,1,1,1,1,1,1,1,1,1,1,1,1,1,50.611667,3.141667,60.000000,lev15,Almucantar
Lille,22:06:2019,12:00:00,173,173.000000,0.000222,0.001730,0.008545,0.024161,0.038069,0.034284,0.021300,0.011048,0.005109,0.003242,0.003687,0.005890,0.009109,0.011775,0.012641,0.012501,0.011830,0.009741,0.006103,0.002801,0.000958,0.000249,0.634300,10,10,10,10,10,10,10,10,10,10,10,10,10,10,10,10,10,10,10,10,10,10,10,50.611667,3.141667,60.000000,lev15,Almucantar
Lille,23:06:2019,12:00:00,174,174.000000,0.000194,0.003415,0.024121,0.068280,0.078504,0.040781,0.013444,0.004577,0.002310,0.001999,0.002765,0.004859,0.008259,0.011508,0.013272,0.013836,0.013364,0.011182,0.007300,0.003419,0.001099,0.000239,0.576000,1,1,1,1,1,1,1,1,1,1,1,1,1,1,1,1,1,1,1,1,1,1,1,50.611667,3.141667,60.000000,lev15,Almucantar
Lille,25:06:2019,12:00:00,176,176.000000,0.000453,0.003432,0.013363,0.025808,0.029166,0.022990,0.013792,0.007800,0.005825,0.006606,0.010043,0.015159,0.020338,0.026532,0.033710,0.042054,0.050445,0.046609,0.025953,0.008646,0.001854,0.000292,0.484667,3,3,3,3,3,3,3,3,3,3,3,3,3,3,3,3,3,3,3,3,3,3,3,50.611667,3.141667,60.000000,lev15,Almucantar
Lille,26:06:2019,12:00:00,177,177.000000,0.000510,0.002550,0.008097,0.017403,0.027660,0.031671,0.024844,0.014765,0.009333,0.009139,0.013353,0.021318,0.031870,0.037604,0.038848,0.044267,0.049296,0.041406,0.022816,0.008344,0.002119,0.000414,0.530333,6,6,6,6,6,6,6,6,6,6,6,6,6,6,6,6,6,6,6,6,6,6,6,50.611667,3.141667,60.000000,lev15,Almucantar
Lille,27:06:2019,12:00:00,178,178.000000,0.000756,0.003864,0.009375,0.011678,0.010078,0.008517,0.007191,0.005578,0.005532,0.007288,0.010802,0.017857,0.028480,0.033183,0.032640,0.034923,0.038024,0.033570,0.020177,0.007774,0.001909,0.000305,0.458571,7,7,7,7,7,7,7,7,7,7,7,7,7,7,7,7,7,7,7,7,7,7,7,50.611667,3.141667,60.000000,lev15,Almucantar
Lille,28:06:2019,12:00:00,179,179.000000,0.000786,0.002967,0.006530,0.008225,0.007683,0.007106,0.006808,0.006077,0.005812,0.007156,0.011024,0.018427,0.028793,0.034524,0.033997,0.034857,0.033496,0.024717,0.012823,0.004701,0.001252,0.000248,0.451455,11,11,11,11,11,11,11,11,11,11,11,11,11,11,11,11,11,11,11,11,11,11,11,50.611667,3.141667,60.000000,lev15,Almucantar
Lille,29:06:2019,12:00:00,180,180.000000,0.000674,0.003569,0.008804,0.009880,0.006400,0.003972,0.003460,0.003960,0.004839,0.006025,0.008181,0.012563,0.019546,0.025251,0.026382,0.025545,0.022315,0.015799,0.008339,0.003168,0.000869,0.000181,0.439000,12,12,12,12,12,12,12,12,12,12,12,12,12,12,12,12,12,12,12,12,12,12,12,50.611667,3.141667,60.000000,lev15,Almucantar
Lille,30:06:2019,12:00:00,181,181.000000,0.000660,0.005394,0.016382,0.021028,0.015680,0.009540,0.006281,0.005316,0.005629,0.006992,0.009817,0.014735,0.020359,0.023309,0.024058,0.023758,0.022715,0.019931,0.013640,0.006142,0.001703,0.000330,0.439000,6,6,6,6,6,6,6,6,6,6,6,6,6,6,6,6,6,6,6,6,6,6,6,50.611667,3.141667,60.000000,lev15,Almucantar
Lille,01:07:2019,12:00:00,182,182.000000,0.000152,0.000952,0.003177,0.005859,0.006756,0.005524,0.003657,0.002462,0.002185,0.002850,0.004757,0.006937,0.006883,0.007052,0.008082,0.008990,0.009220,0.008080,0.005345,0.002391,0.000687,0.000127,0.466400,5,5,5,5,5,5,5,5,5,5,5,5,5,5,5,5,5,5,5,5,5,5,5,50.611667,3.141667,60.000000,lev15,Almucantar
Lille,02:07:2019,12:00:00,183,183.000000,0.000142,0.000988,0.003782,0.008658,0.013336,0.013576,0.008566,0.003972,0.002252,0.002242,0.003291,0.004958,0.007121,0.008978,0.010473,0.011956,0.012565,0.011043,0.007274,0.003231,0.000892,0.000149,0.530333,3,3,3,3,3,3,3,3,3,3,3,3,3,3,3,3,3,3,3,3,3,3,3,50.611667,3.141667,60.000000,lev15,Almucantar
Lille,03:07:2019,12:00:00,184,184.000000,0.000156,0.000779,0.002906,0.007756,0.013677,0.014498,0.009748,0.005341,0.003386,0.003161,0.004065,0.005866,0.008239,0.010182,0.011372,0.012228,0.013791,0.016299,0.015251,0.006945,0.001233,0.000124,0.530333,3,3,3,3,3,3,3,3,3,3,3,3,3,3,3,3,3,3,3,3,3,3,3,50.611667,3.141667,60.000000,lev15,Almucantar
Lille,04:07:2019,12:00:00,185,185.000000,0.000208,0.001300,0.003873,0.006162,0.006773,0.006270,0.005212,0.003842,0.002911,0.002915,0.003838,0.004949,0.005684,0.006782,0.008080,0.009015,0.008961,0.007571,0.004924,0.002222,0.000658,0.000127,0.507500,6,6,6,6,6,6,6,6,6,6,6,6,6,6,6,6,6,6,6,6,6,6,6,50.611667,3.141667,60.000000,lev15,Almucantar
Lille,06:07:2019,12:00:00,187,187.000000,0.000153,0.001284,0.005360,0.011359,0.013159,0.009801,0.005657,0.002919,0.001738,0.001570,0.002194,0.003710,0.005599,0.006910,0.007870,0.008754,0.009256,0.008581,0.006187,0.003031,0.000915,0.000166,0.576000,3,3,3,3,3,3,3,3,3,3,3,3,3,3,3,3,3,3,3,3,3,3,3,50.611667,3.141667,60.000000,lev15,Almucantar
Lille,07:07:2019,12:00:00,188,188.000000,0.000095,0.001373,0.007435,0.015943,0.016667,0.012381,0.008205,0.004821,0.002920,0.002538,0.003572,0.005771,0.007188,0.007995,0.008576,0.009251,0.009197,0.007605,0.004724,0.002071,0.000629,0.000132,0.576000,1,1,1,1,1,1,1,1,1,1,1,1,1,1,1,1,1,1,1,1,1,1,1,50.611667,3.141667,60.000000,lev15,Almucantar
Lille,12:07:2019,12:00:00,193,193.000000,0.000440,0.001509,0.004167,0.009386,0.017781,0.029239,0.040139,0.038340,0.021778,0.008894,0.003993,0.002799,0.003321,0.005477,0.009059,0.011599,0.010399,0.006853,0.003689,0.001769,0.000793,0.000337,0.992000,1,1,1,1,1,1,1,1,1,1,1,1,1,1,1,1,1,1,1,1,1,1,1,50.611667,3.141667,60.000000,lev15,Almucantar
Lille,16:07:2019,12:00:00,197,197.000000,0.000182,0.002358,0.013076,0.031181,0.037971,0.030936,0.019123,0.008992,0.004027,0.002307,0.002053,0.002691,0.004003,0.005832,0.007842,0.010251,0.012971,0.013920,0.010624,0.005048,0.001400,0.000226,0.696000,3,3,3,3,3,3,3,3,3,3,3,3,3,3,3,3,3,3,3,3,3,3,3,50.611667,3.141667,60.000000,lev15,Almucantar
Lille,17:07:2019,12:00:00,198,198.000000,0.000361,0.003219,0.013645,0.026045,0.029232,0.028374,0.027327,0.020764,0.010412,0.004596,0.002836,0.002902,0.003972,0.005912,0.008108,0.009431,0.009466,0.008077,0.005349,0.002626,0.000976,0.000281,0.933000,4,4,4,4,4,4,4,4,4,4,4,4,4,4,4,4,4,4,4,4,4,4,4,50.611667,3.141667,60.000000,lev15,Almucantar
Lille,23:07:2019,12:00:00,204,204.000000,0.000397,0.002657,0.007794,0.010869,0.010072,0.008292,0.007059,0.005953,0.004372,0.003175,0.002990,0.003632,0.004954,0.007184,0.010081,0.013678,0.018053,0.021279,0.018261,0.008981,0.002151,0.000241,0.738286,7,7,7,7,7,7,7,7,7,7,7,7,7,7,7,7,7,7,7,7,7,7,7,50.611667,3.141667,60.000000,lev15,Almucantar
Lille,24:07:2019,12:00:00,205,205.000000,0.001053,0.011754,0.037238,0.039259,0.023941,0.014394,0.011036,0.010972,0.012085,0.012809,0.015095,0.023291,0.038894,0.048480,0.045575,0.044783,0.045245,0.037381,0.021288,0.008139,0.002191,0.000463,0.519889,9,9,9,9,9,9,9,9,9,9,9,9,9,9,9,9,9,9,9,9,9,9,9,50.611667,3.141667,60.000000,lev15,Almucantar
Lille,25:07:2019,12:00:00,206,206.000000,0.001241,0.012108,0.045252,0.063690,0.044198,0.024768,0.015614,0.012175,0.012171,0.014933,0.021451,0.035914,0.061219,0.078582,0.076786,0.073306,0.068335,0.051839,0.026902,0.009865,0.002811,0.000685,0.439000,7,7,7,7,7,7,7,7,7,7,7,7,7,7,7,7,7,7,7,7,7,7,7,50.611667,3.141667,60.000000,lev15,Almucantar
Lille,29:07:2019,12:00:00,210,210.000000,0.000257,0.001561,0.004882,0.008364,0.009297,0.008286,0.006903,0.005650,0.004377,0.003403,0.003151,0.003634,0.004932,0.007282,0.010203,0.012582,0.013982,0.013246,0.009214,0.004106,0.001082,0.000174,0.762222,9,9,9,9,9,9,9,9,9,9,9,9,9,9,9,9,9,9,9,9,9,9,9,50.611667,3.141667,60.000000,lev15,Almucantar
Lille,30:07:2019,12:00:00,211,211.000000,0.000398,0.002609,0.007742,0.011673,0.011698,0.010166,0.009201,0.008524,0.007113,0.005636,0.005407,0.006616,0.008952,0.012040,0.014488,0.015697,0.015921,0.014755,0.010713,0.005065,0.001405,0.000239,0.703800,5,5,5,5,5,5,5,5,5,5,5,5,5,5,5,5,5,5,5,5,5,5,5,50.611667,3.141667,60.000000,lev15,Almucantar
Lille,01:08:2019,12:00:00,213,213.000000,0.000340,0.001867,0.005680,0.010200,0.012845,0.014387,0.015453,0.013483,0.008803,0.005362,0.004079,0.004334,0.005721,0.007439,0.008211,0.008053,0.007754,0.007235,0.005689,0.003214,0.001174,0.000267,0.756000,1,1,1,1,1,1,1,1,1,1,1,1,1,1,1,1,1,1,1,1,1,1,1,50.611667,3.141667,60.000000,lev15,Almucantar
Lille,02:08:2019,12:00:00,214,214.000000,0.000640,0.001639,0.003682,0.007479,0.014576,0.028041,0.044642,0.038615,0.018902,0.010816,0.010407,0.013654,0.018307,0.024504,0.033231,0.038784,0.036775,0.026294,0.013573,0.005087,0.001416,0.000296,0.756000,1,1,1,1,1,1,1,1,1,1,1,1,1,1,1,1,1,1,1,1,1,1,1,50.611667,3.141667,60.000000,lev15,Almucantar
Lille,06:08:2019,12:00:00,218,218.000000,0.000254,0.000676,0.001660,0.003748,0.007606,0.013244,0.018287,0.018354,0.013232,0.007858,0.004969,0.004202,0.005235,0.008941,0.016870,0.027459,0.032247,0.025574,0.013786,0.005176,0.001374,0.000259,0.992000,1,1,1,1,1,1,1,1,1,1,1,1,1,1,1,1,1,1,1,1,1,1,1,50.611667,3.141667,60.000000,lev15,Almucantar
Lille,07:08:2019,12:00:00,219,219.000000,0.000217,0.001052,0.003377,0.007122,0.010921,0.013885,0.014773,0.011895,0.007844,0.005433,0.004969,0.005523,0.006499,0.008352,0.010882,0.012776,0.013210,0.011993,0.008592,0.004078,0.001177,0.000220,0.814400,5,5,5,5,5,5,5,5,5,5,5,5,5,5,5,5,5,5,5,5,5,5,5,50.611667,3.141667,60.000000,lev15,Almucantar
Lille,12:08:2019,12:00:00,224,224.000000,0.000359,0.001316,0.003417,0.006266,0.009555,0.014253,0.018703,0.016924,0.012037,0.010133,0.011133,0.012635,0.013430,0.016183,0.020749,0.021588,0.017735,0.011988,0.006686,0.003006,0.001073,0.000305,0.576000,2,2,2,2,2,2,2,2,2,2,2,2,2,2,2,2,2,2,2,2,2,2,2,50.611667,3.141667,60.000000,lev15,Almucantar
Lille,13:08:2019,12:00:00,225,225.000000,0.000233,0.001096,0.003442,0.007210,0.011085,0.014395,0.016200,0.013661,0.008587,0.005069,0.003629,0.003425,0.004113,0.005616,0.007439,0.008424,0.007743,0.005768,0.003477,0.001683,0.000654,0.000207,0.897600,5,5,5,5,5,5,5,5,5,5,5,5,5,5,5,5,5,5,5,5,5,5,5,50.611667,3.141667,60.000000,lev15,Almucantar
Lille,18:08:2019,12:00:00,230,230.000000,0.000176,0.001119,0.003889,0.007606,0.009195,0.008238,0.006747,0.005654,0.004837,0.004248,0.004066,0.004180,0.004387,0.004819,0.005637,0.006575,0.006968,0.006084,0.004036,0.001928,0.000643,0.000148,0.756000,1,1,1,1,1,1,1,1,1,1,1,1,1,1,1,1,1,1,1,1,1,1,1,50.611667,3.141667,60.000000,lev15,Almucantar
Lille,20:08:2019,12:00:00,232,232.000000,0.000340,0.001202,0.003157,0.006180,0.009630,0.012901,0.015102,0.014184,0.010876,0.008616,0.008485,0.009220,0.010105,0.012654,0.016207,0.017580,0.015662,0.011751,0.007242,0.003415,0.001173,0.000300,0.712571,7,7,7,7,7,7,7,7,7,7,7,7,7,7,7,7,7,7,7,7,7,7,7,50.611667,3.141667,60.000000,lev15,Almucantar
Lille,21:08:2019,12:00:00,233,233.000000,0.000347,0.002199,0.007239,0.011767,0.013721,0.014854,0.015304,0.014407,0.011005,0.007814,0.007293,0.009619,0.013761,0.017539,0.019609,0.022382,0.027981,0.033199,0.027108,0.011600,0.002327,0.000220,0.684000,5,5,5,5,5,5,5,5,5,5,5,5,5,5,5,5,5,5,5,5,5,5,5,50.611667,3.141667,60.000000,lev15,Almucantar
Lille,22:08:2019,12:00:00,234,234.000000,0.000195,0.000893,0.002661,0.005049,0.007039,0.008033,0.007989,0.007420,0.006147,0.004277,0.003403,0.003711,0.004582,0.005555,0.006179,0.006671,0.007400,0.007948,0.006851,0.003803,0.001159,0.000186,0.795333,6,6,6,6,6,6,6,6,6,6,6,6,6,6,6,6,6,6,6,6,6,6,6,50.611667,3.141667,60.000000,lev15,Almucantar
Lille,23:08:2019,12:00:00,235,235.000000,0.000335,0.003335,0.014286,0.027669,0.028156,0.019355,0.011785,0.007884,0.006547,0.006706,0.007160,0.007024,0.007235,0.008684,0.012015,0.017850,0.024626,0.025828,0.017707,0.007342,0.001780,0.000251,0.784000,2,2,2,2,2,2,2,2,2,2,2,2,2,2,2,2,2,2,2,2,2,2,2,50.611667,3.141667,60.000000,lev15,Almucantar
Lille,24:08:2019,12:00:00,236,236.000000,0.000224,0.002145,0.009020,0.016646,0.016040,0.011147,0.007599,0.005597,0.004219,0.003252,0.002802,0.002941,0.003819,0.005100,0.006781,0.009623,0.014373,0.019390,0.018156,0.008988,0.002067,0.000232,0.792500,8,8,8,8,8,8,8,8,8,8,8,8,8,8,8,8,8,8,8,8,8,8,8,50.611667,3.141667,60.000000,lev15,Almucantar
Lille,25:08:2019,12:00:00,237,237.000000,0.000239,0.002378,0.010196,0.019335,0.020683,0.015796,0.010203,0.006349,0.003935,0.002551,0.002040,0.002231,0.003107,0.004537,0.006224,0.007911,0.009519,0.010263,0.008264,0.004010,0.001070,0.000168,0.797714,7,7,7,7,7,7,7,7,7,7,7,7,7,7,7,7,7,7,7,7,7,7,7,50.611667,3.141667,60.000000,lev15,Almucantar
Lille,26:08:2019,12:00:00,238,238.000000,0.000291,0.002599,0.013026,0.031395,0.041847,0.038086,0.026219,0.015132,0.007979,0.004165,0.002828,0.002973,0.004273,0.006646,0.010100,0.014171,0.017111,0.016417,0.011469,0.005310,0.001520,0.000270,0.795333,12,12,12,12,12,12,12,12,12,12,12,12,12,12,12,12,12,12,12,12,12,12,12,50.611667,3.141667,60.000000,lev15,Almucantar
Lille,27:08:2019,12:00:00,239,239.000000,0.000332,0.002018,0.007592,0.018019,0.028306,0.032039,0.026420,0.014433,0.006502,0.003503,0.002887,0.003695,0.005860,0.008274,0.010263,0.012504,0.015538,0.018000,0.015882,0.008089,0.002030,0.000305,0.756000,7,7,7,7,7,7,7,7,7,7,7,7,7,7,7,7,7,7,7,7,7,7,7,50.611667,3.141667,60.000000,lev15,Almucantar
Lille,29:08:2019,12:00:00,241,241.000000,0.000144,0.000812,0.002651,0.005134,0.006560,0.006836,0.006910,0.006523,0.004960,0.002934,0.001887,0.001796,0.002296,0.003151,0.004222,0.005660,0.007943,0.010776,0.011311,0.006926,0.001981,0.000242,0.913333,3,3,3,3,3,3,3,3,3,3,3,3,3,3,3,3,3,3,3,3,3,3,3,50.611667,3.141667,60.000000,lev15,Almucantar
Lille,30:08:2019,12:00:00,242,242.000000,0.000212,0.002074,0.007364,0.010493,0.008413,0.005553,0.003874,0.003226,0.002911,0.002472,0.002202,0.002437,0.003293,0.004790,0.006764,0.008722,0.009956,0.009865,0.007623,0.003686,0.000937,0.000127,0.784000,2,2,2,2,2,2,2,2,2,2,2,2,2,2,2,2,2,2,2,2,2,2,2,50.611667,3.141667,60.000000,lev15,Almucantar
Lille,31:08:2019,12:00:00,243,243.000000,0.000137,0.000537,0.001579,0.003484,0.006060,0.008789,0.010454,0.009250,0.005967,0.003341,0.002206,0.002116,0.002917,0.004873,0.007720,0.009561,0.008737,0.006199,0.003503,0.001522,0.000495,0.000124,0.913333,3,3,3,3,3,3,3,3,3,3,3,3,3,3,3,3,3,3,3,3,3,3,3,50.611667,3.141667,60.000000,lev15,Almucantar
Lille,02:09:2019,12:00:00,245,245.000000,0.000218,0.001069,0.003101,0.005240,0.005928,0.005765,0.005702,0.005459,0.005239,0.005315,0.005502,0.005842,0.006634,0.008386,0.010935,0.013316,0.014418,0.012866,0.008482,0.003727,0.001027,0.000175,0.638750,8,8,8,8,8,8,8,8,8,8,8,8,8,8,8,8,8,8,8,8,8,8,8,50.611667,3.141667,60.000000,lev15,Almucantar
Lille,04:09:2019,12:00:00,247,247.000000,0.000206,0.001456,0.005579,0.011721,0.014115,0.011342,0.007908,0.006069,0.005782,0.006733,0.008491,0.010145,0.011327,0.012872,0.015440,0.018573,0.020002,0.017046,0.010427,0.004309,0.001169,0.000206,0.439000,1,1,1,1,1,1,1,1,1,1,1,1,1,1,1,1,1,1,1,1,1,1,1,50.611667,3.141667,60.000000,lev15,Almucantar
Lille,05:09:2019,12:00:00,248,248.000000,0.000219,0.001019,0.003032,0.005858,0.007861,0.008415,0.008296,0.007714,0.006526,0.005346,0.004722,0.004823,0.005810,0.007989,0.011538,0.015623,0.017636,0.015014,0.009006,0.003674,0.001005,0.000184,0.874000,2,2,2,2,2,2,2,2,2,2,2,2,2,2,2,2,2,2,2,2,2,2,2,50.611667,3.141667,60.000000,lev15,Almucantar
Lille,07:09:2019,12:00:00,250,250.000000,0.000324,0.001539,0.005333,0.012748,0.018543,0.016649,0.012775,0.010866,0.010654,0.012256,0.015742,0.018173,0.018402,0.021929,0.027633,0.027956,0.023200,0.016472,0.009755,0.004467,0.001469,0.000334,0.439000,1,1,1,1,1,1,1,1,1,1,1,1,1,1,1,1,1,1,1,1,1,1,1,50.611667,3.141667,60.000000,lev15,Almucantar
Lille,10:09:2019,12:00:00,253,253.000000,0.000337,0.002008,0.005537,0.008201,0.009240,0.010244,0.010881,0.009449,0.007147,0.005399,0.004608,0.004639,0.005088,0.006118,0.007109,0.007238,0.006526,0.005203,0.003453,0.001759,0.000652,0.000175,0.874000,6,6,6,6,6,6,6,6,6,6,6,6,6,6,6,6,6,6,6,6,6,6,6,50.611667,3.141667,60.000000,lev15,Almucantar
Lille,14:09:2019,12:00:00,257,257.000000,0.000212,0.001345,0.004607,0.008666,0.011268,0.012357,0.011346,0.008245,0.005999,0.004987,0.004518,0.004437,0.004879,0.005773,0.006684,0.007718,0.009024,0.010272,0.009714,0.005597,0.001557,0.000231,0.839429,7,7,7,7,7,7,7,7,7,7,7,7,7,7,7,7,7,7,7,7,7,7,7,50.611667,3.141667,60.000000,lev15,Almucantar
Lille,15:09:2019,12:00:00,258,258.000000,0.000192,0.001147,0.004018,0.008106,0.009967,0.008612,0.006549,0.005236,0.004394,0.003898,0.003999,0.004450,0.005166,0.006303,0.007890,0.009909,0.012535,0.015875,0.016473,0.009023,0.002008,0.000217,0.667800,5,5,5,5,5,5,5,5,5,5,5,5,5,5,5,5,5,5,5,5,5,5,5,50.611667,3.141667,60.000000,lev15,Almucantar
Lille,18:09:2019,12:00:00,261,261.000000,0.000787,0.003527,0.007073,0.007180,0.005242,0.003965,0.003766,0.004570,0.006519,0.009776,0.013024,0.014571,0.016142,0.021066,0.029897,0.036760,0.042431,0.045863,0.038482,0.019036,0.004493,0.000467,0.439000,3,3,3,3,3,3,3,3,3,3,3,3,3,3,3,3,3,3,3,3,3,3,3,50.611667,3.141667,60.000000,lev15,Almucantar
Lille,19:09:2019,12:00:00,262,262.000000,0.000145,0.000555,0.001541,0.003119,0.004740,0.005803,0.006427,0.007025,0.007096,0.005761,0.004131,0.003462,0.003956,0.005707,0.008806,0.012582,0.014956,0.013571,0.008622,0.003578,0.000933,0.000151,0.992000,1,1,1,1,1,1,1,1,1,1,1,1,1,1,1,1,1,1,1,1,1,1,1,50.611667,3.141667,60.000000,lev15,Almucantar
Lille,20:09:2019,12:00:00,263,263.000000,0.000190,0.000689,0.001686,0.002886,0.003876,0.004634,0.005193,0.005146,0.004517,0.003930,0.003800,0.004368,0.005774,0.007873,0.010511,0.013570,0.016283,0.016155,0.011146,0.004650,0.001114,0.000161,0.751833,6,6,6,6,6,6,6,6,6,6,6,6,6,6,6,6,6,6,6,6,6,6,6,50.611667,3.141667,60.000000,lev15,Almucantar
Lille,21:09:2019,12:00:00,264,264.000000,0.000216,0.001092,0.003255,0.005875,0.007437,0.007578,0.007031,0.006321,0.005480,0.004290,0.003596,0.004190,0.006190,0.008464,0.009822,0.010887,0.012237,0.012545,0.009590,0.004518,0.001167,0.000165,0.756000,11,11,11,11,11,11,11,11,11,11,11,11,11,11,11,11,11,11,11,11,11,11,11,50.611667,3.141667,60.000000,lev15,Almucantar
Lille,22:09:2019,12:00:00,265,265.000000,0.000206,0.001293,0.004288,0.007414,0.008893,0.009079,0.007843,0.006009,0.004787,0.004448,0.004925,0.006095,0.007395,0.008151,0.008537,0.009472,0.011106,0.012028,0.010012,0.005337,0.001580,0.000245,0.541750,4,4,4,4,4,4,4,4,4,4,4,4,4,4,4,4,4,4,4,4,4,4,4,50.611667,3.141667,60.000000,lev15,Almucantar
Lille,23:09:2019,12:00:00,266,266.000000,0.000619,0.002331,0.005401,0.008214,0.009728,0.011185,0.013271,0.013514,0.011216,0.010664,0.013681,0.017510,0.019196,0.022175,0.028527,0.036915,0.044406,0.043663,0.029468,0.012108,0.002866,0.000384,0.576000,1,1,1,1,1,1,1,1,1,1,1,1,1,1,1,1,1,1,1,1,1,1,1,50.611667,3.141667,60.000000,lev15,Almucantar
Lille,02:10:2019,12:00:00,275,275.000000,0.000260,0.001147,0.003198,0.005136,0.005529,0.005359,0.005628,0.006116,0.006442,0.006630,0.007158,0.008241,0.009962,0.013225,0.018818,0.025886,0.029854,0.025819,0.015295,0.005806,0.001366,0.000198,0.749750,4,4,4,4,4,4,4,4,4,4,4,4,4,4,4,4,4,4,4,4,4,4,4,50.611667,3.141667,60.000000,lev15,Almucantar
Lille,10:10:2019,12:00:00,283,283.000000,0.000144,0.000218,0.000396,0.000846,0.001958,0.004215,0.006899,0.007690,0.007324,0.007977,0.009632,0.011596,0.014121,0.017813,0.021304,0.022901,0.019356,0.012318,0.005944,0.002244,0.000680,0.000167,0.439000,1,1,1,1,1,1,1,1,1,1,1,1,1,1,1,1,1,1,1,1,1,1,1,50.611667,3.141667,60.000000,lev15,Almucantar
Lille,17:10:2019,12:00:00,290,290.000000,0.000089,0.000416,0.001312,0.002719,0.004066,0.004995,0.005183,0.004623,0.004027,0.003374,0.002669,0.002460,0.002816,0.003370,0.003636,0.003405,0.002811,0.002063,0.001310,0.000688,0.000289,0.000096,0.992000,2,2,2,2,2,2,2,2,2,2,2,2,2,2,2,2,2,2,2,2,2,2,2,50.611667,3.141667,60.000000,lev15,Almucantar
Lille,23:10:2019,12:00:00,296,296.000000,0.000532,0.001551,0.003660,0.007095,0.011730,0.017189,0.021726,0.021551,0.017923,0.015866,0.016589,0.019405,0.023411,0.028075,0.033392,0.037072,0.034402,0.024089,0.012372,0.004812,0.001473,0.000361,0.576000,1,1,1,1,1,1,1,1,1,1,1,1,1,1,1,1,1,1,1,1,1,1,1,50.611667,3.141667,60.000000,lev15,Almucantar
Lille,31:10:2019,12:00:00,304,304.000000,0.000660,0.002352,0.006062,0.011481,0.016717,0.020122,0.021547,0.021135,0.018701,0.015208,0.011851,0.009616,0.009087,0.010817,0.016111,0.027298,0.044513,0.056748,0.046658,0.021667,0.005321,0.000677,0.992000,1,1,1,1,1,1,1,1,1,1,1,1,1,1,1,1,1,1,1,1,1,1,1,50.611667,3.141667,60.000000,lev15,Almucantar
Lille,02:11:2019,12:00:00,306,306.000000,0.000268,0.000782,0.001766,0.003140,0.004636,0.006097,0.007347,0.008269,0.010084,0.012727,0.013258,0.014164,0.015667,0.016660,0.015570,0.014532,0.014545,0.013421,0.009374,0.004401,0.001321,0.000249,0.439000,1,1,1,1,1,1,1,1,1,1,1,1,1,1,1,1,1,1,1,1,1,1,1,50.611667,3.141667,60.000000,lev15,Almucantar
Lille,08:11:2019,12:00:00,312,312.000000,0.000148,0.000335,0.000798,0.001948,0.004532,0.008728,0.011489,0.010112,0.008832,0.009530,0.010158,0.009230,0.008111,0.009539,0.013589,0.016389,0.015552,0.011809,0.006911,0.002965,0.000910,0.000198,0.439000,1,1,1,1,1,1,1,1,1,1,1,1,1,1,1,1,1,1,1,1,1,1,1,50.611667,3.141667,60.000000,lev15,Almucantar
Lille,09:11:2019,12:00:00,313,313.000000,0.000145,0.000335,0.000765,0.001693,0.003375,0.005436,0.006370,0.005652,0.005231,0.006268,0.008371,0.010179,0.010412,0.013094,0.020044,0.024730,0.026974,0.025373,0.018106,0.008340,0.002215,0.000322,0.439000,1,1,1,1,1,1,1,1,1,1,1,1,1,1,1,1,1,1,1,1,1,1,1,50.611667,3.141667,60.000000,lev15,Almucantar
Lille,10:11:2019,12:00:00,314,314.000000,0.000155,0.000460,0.001294,0.003188,0.006459,0.009970,0.011058,0.009197,0.007138,0.005328,0.003565,0.002492,0.002168,0.002291,0.002671,0.003638,0.006184,0.010398,0.011768,0.006665,0.001663,0.000261,0.992000,3,3,3,3,3,3,3,3,3,3,3,3,3,3,3,3,3,3,3,3,3,3,3,50.611667,3.141667,60.000000,lev15,Almucantar
Lille,12:11:2019,12:00:00,316,316.000000,0.000378,0.001715,0.004545,0.007424,0.008649,0.008793,0.008773,0.008694,0.009060,0.010626,0.012703,0.013038,0.011745,0.013266,0.018482,0.022790,0.025434,0.024176,0.017278,0.008081,0.002245,0.000355,0.439000,1,1,1,1,1,1,1,1,1,1,1,1,1,1,1,1,1,1,1,1,1,1,1,50.611667,3.141667,60.000000,lev15,Almucantar
Lille,29:01:2020,12:00:00,29,29.000000,0.000171,0.000407,0.000870,0.001642,0.002640,0.003544,0.004148,0.004830,0.006681,0.010221,0.013299,0.016423,0.018708,0.022233,0.026497,0.025166,0.020377,0.014009,0.007579,0.003066,0.000916,0.000204,0.439000,2,2,2,2,2,2,2,2,2,2,2,2,2,2,2,2,2,2,2,2,2,2,2,50.611667,3.141667,60.000000,lev15,Almucantar
Lille,06:02:2020,12:00:00,37,37.000000,0.000132,0.000583,0.002331,0.005770,0.010796,0.014346,0.010350,0.005261,0.003531,0.003842,0.005255,0.007123,0.008527,0.009013,0.008057,0.006446,0.004922,0.003505,0.002141,0.001064,0.000430,0.000152,0.507500,4,4,4,4,4,4,4,4,4,4,4,4,4,4,4,4,4,4,4,4,4,4,4,50.611667,3.141667,60.000000,lev15,Almucantar
Lille,07:02:2020,12:00:00,38,38.000000,0.000129,0.000671,0.002263,0.004741,0.007131,0.008158,0.006419,0.003698,0.002469,0.002555,0.003295,0.003873,0.004196,0.004418,0.004322,0.004054,0.003698,0.003115,0.002165,0.001116,0.000402,0.000101,0.478143,7,7,7,7,7,7,7,7,7,7,7,7,7,7,7,7,7,7,7,7,7,7,7,50.611667,3.141667,60.000000,lev15,Almucantar
Lille,10:02:2020,12:00:00,41,41.000000,0.000339,0.000420,0.000585,0.000908,0.001536,0.002744,0.004930,0.008282,0.012223,0.016396,0.021867,0.030120,0.040697,0.048387,0.046881,0.034704,0.019753,0.009280,0.003965,0.001666,0.000719,0.000323,0.439000,1,1,1,1,1,1,1,1,1,1,1,1,1,1,1,1,1,1,1,1,1,1,1,50.611667,3.141667,60.000000,lev15,Almucantar
Lille,17:02:2020,12:00:00,48,48.000000,0.000325,0.000899,0.001726,0.002370,0.002539,0.002460,0.002552,0.003180,0.004835,0.008280,0.014068,0.021122,0.026715,0.028875,0.027643,0.023360,0.016938,0.010320,0.005256,0.002241,0.000801,0.000240,0.439000,1,1,1,1,1,1,1,1,1,1,1,1,1,1,1,1,1,1,1,1,1,1,1,50.611667,3.141667,60.000000,lev15,Almucantar
Lille,19:02:2020,12:00:00,50,50.000000,0.000160,0.000498,0.001209,0.002290,0.003341,0.003728,0.003377,0.003093,0.003891,0.006857,0.010674,0.010508,0.009220,0.010550,0.013348,0.014827,0.013906,0.010808,0.006457,0.002772,0.000838,0.000185,0.439000,2,2,2,2,2,2,2,2,2,2,2,2,2,2,2,2,2,2,2,2,2,2,2,50.611667,3.141667,60.000000,lev15,Almucantar
Lille,25:02:2020,12:00:00,56,56.000000,0.000120,0.000400,0.001056,0.002120,0.003306,0.004128,0.004153,0.003673,0.003778,0.005008,0.007205,0.009467,0.010519,0.012453,0.014088,0.015176,0.014952,0.012097,0.007259,0.003005,0.000829,0.000150,0.439000,2,2,2,2,2,2,2,2,2,2,2,2,2,2,2,2,2,2,2,2,2,2,2,50.611667,3.141667,60.000000,lev15,Almucantar
Lille,26:02:2020,12:00:00,57,57.000000,0.000277,0.001382,0.003807,0.006024,0.006154,0.005034,0.004191,0.004163,0.005168,0.007567,0.011277,0.014356,0.015362,0.016251,0.018564,0.021720,0.023023,0.019216,0.011368,0.004510,0.001173,0.000199,0.439000,1,1,1,1,1,1,1,1,1,1,1,1,1,1,1,1,1,1,1,1,1,1,1,50.611667,3.141667,60.000000,lev15,Almucantar
Lille,07:03:2020,12:00:00,67,67.000000,0.000302,0.000963,0.002902,0.007188,0.014024,0.019094,0.014442,0.006762,0.004041,0.004520,0.007046,0.008505,0.007337,0.007068,0.006968,0.006023,0.004631,0.003358,0.002248,0.001288,0.000588,0.000208,0.439000,3,3,3,3,3,3,3,3,3,3,3,3,3,3,3,3,3,3,3,3,3,3,3,50.611667,3.141667,60.000000,lev15,Almucantar
Lille,12:03:2020,12:00:00,72,72.000000,0.000240,0.000639,0.001248,0.001855,0.002299,0.002699,0.003277,0.004109,0.005352,0.007442,0.009940,0.011205,0.011033,0.012525,0.017096,0.024637,0.032638,0.032548,0.020933,0.007983,0.001724,0.000206,0.439000,1,1,1,1,1,1,1,1,1,1,1,1,1,1,1,1,1,1,1,1,1,1,1,50.611667,3.141667,60.000000,lev15,Almucantar
Lille,17:03:2020,12:00:00,77,77.000000,0.000157,0.000585,0.001501,0.002591,0.003170,0.003158,0.003130,0.003581,0.004404,0.004573,0.003709,0.002842,0.002542,0.002784,0.003603,0.005212,0.007493,0.008824,0.007026,0.003349,0.000908,0.000141,0.715500,2,2,2,2,2,2,2,2,2,2,2,2,2,2,2,2,2,2,2,2,2,2,2,50.611667,3.141667,60.000000,lev15,Almucantar
Lille,18:03:2020,12:00:00,78,78.000000,0.000151,0.001275,0.005404,0.010137,0.009551,0.006311,0.004080,0.003022,0.002624,0.002629,0.002890,0.003169,0.003463,0.004025,0.005082,0.006862,0.009382,0.011370,0.009840,0.004795,0.001145,0.000145,0.613167,6,6,6,6,6,6,6,6,6,6,6,6,6,6,6,6,6,6,6,6,6,6,6,50.611667,3.141667,60.000000,lev15,Almucantar
Lille,22:03:2020,12:00:00,82,82.000000,0.000069,0.000486,0.001966,0.004556,0.006473,0.006251,0.004401,0.002641,0.001743,0.001404,0.001357,0.001495,0.001705,0.001848,0.001989,0.002194,0.002371,0.002268,0.001703,0.000906,0.000322,0.000078,0.690545,11,11,11,11,11,11,11,11,11,11,11,11,11,11,11,11,11,11,11,11,11,11,11,50.611667,3.141667,60.000000,lev15,Almucantar
Lille,23:03:2020,12:00:00,83,83.000000,0.000282,0.001420,0.003574,0.004915,0.004765,0.004338,0.004142,0.003921,0.003767,0.004002,0.004902,0.007228,0.010784,0.010872,0.008125,0.006200,0.005177,0.004265,0.002952,0.001493,0.000520,0.000131,0.505182,11,11,11,11,11,11,11,11,11,11,11,11,11,11,11,11,11,11,11,11,11,11,11,50.611667,3.141667,60.000000,lev15,Almucantar
Lille,24:03:2020,12:00:00,84,84.000000,0.000355,0.001890,0.004650,0.005747,0.004749,0.003739,0.003381,0.003362,0.003484,0.003858,0.004834,0.007398,0.011835,0.012824,0.008948,0.005490,0.003627,0.002547,0.001607,0.000793,0.000308,0.000118,0.451455,11,11,11,11,11,11,11,11,11,11,11,11,11,11,11,11,11,11,11,11,11,11,11,50.611667,3.141667,60.000000,lev15,Almucantar
Lille,25:03:2020,12:00:00,85,85.000000,0.000156,0.001415,0.005344,0.009403,0.009533,0.006746,0.004124,0.002561,0.001843,0.001648,0.001881,0.002651,0.003709,0.004085,0.004171,0.004365,0.004601,0.004379,0.003230,0.001605,0.000497,0.000099,0.580778,9,9,9,9,9,9,9,9,9,9,9,9,9,9,9,9,9,9,9,9,9,9,9,50.611667,3.141667,60.000000,lev15,Almucantar
Lille,26:03:2020,12:00:00,86,86.000000,0.000329,0.003935,0.017504,0.026784,0.021592,0.013132,0.007471,0.004483,0.003047,0.002429,0.002530,0.003801,0.005937,0.006714,0.006879,0.008264,0.010863,0.011811,0.008555,0.003839,0.001044,0.000175,0.657818,11,11,11,11,11,11,11,11,11,11,11,11,11,11,11,11,11,11,11,11,11,11,11,50.611667,3.141667,60.000000,lev15,Almucantar
Lille,27:03:2020,12:00:00,87,87.000000,0.000747,0.004594,0.014523,0.025190,0.029046,0.024944,0.017563,0.012825,0.011811,0.013725,0.018101,0.028275,0.046311,0.047301,0.031918,0.020235,0.013808,0.009439,0.005810,0.003076,0.001365,0.000527,0.439000,11,11,11,11,11,11,11,11,11,11,11,11,11,11,11,11,11,11,11,11,11,11,11,50.611667,3.141667,60.000000,lev15,Almucantar
Lille,28:03:2020,12:00:00,88,88.000000,0.000644,0.003695,0.011904,0.023595,0.032967,0.032705,0.021814,0.012180,0.009498,0.012101,0.019587,0.034312,0.052298,0.046976,0.034470,0.027804,0.023230,0.016427,0.009105,0.004221,0.001724,0.000632,0.439000,9,9,9,9,9,9,9,9,9,9,9,9,9,9,9,9,9,9,9,9,9,9,9,50.611667,3.141667,60.000000,lev15,Almucantar
Lille,30:03:2020,12:00:00,90,90.000000,0.000144,0.000581,0.001490,0.002490,0.003261,0.003910,0.004161,0.003683,0.003327,0.003767,0.004702,0.005788,0.007280,0.009874,0.012515,0.013936,0.013562,0.010980,0.006801,0.002911,0.000803,0.000140,0.439000,3,3,3,3,3,3,3,3,3,3,3,3,3,3,3,3,3,3,3,3,3,3,3,50.611667,3.141667,60.000000,lev15,Almucantar
Lille,31:03:2020,12:00:00,91,91.000000,0.000234,0.002178,0.008812,0.016016,0.016077,0.011399,0.006819,0.003918,0.002528,0.002041,0.002027,0.002374,0.003024,0.003508,0.003686,0.004021,0.004862,0.005815,0.005320,0.002841,0.000770,0.000117,0.674182,11,11,11,11,11,11,11,11,11,11,11,11,11,11,11,11,11,11,11,11,11,11,11,50.611667,3.141667,60.000000,lev15,Almucantar
Lille,01:04:2020,12:00:00,92,92.000000,0.000551,0.007215,0.026584,0.032815,0.022203,0.012259,0.006934,0.004352,0.003067,0.002469,0.002375,0.003035,0.004754,0.006154,0.006581,0.007632,0.009694,0.010937,0.008519,0.003961,0.001028,0.000151,0.718769,13,13,13,13,13,13,13,13,13,13,13,13,13,13,13,13,13,13,13,13,13,13,13,50.611667,3.141667,60.000000,lev15,Almucantar
Lille,02:04:2020,12:00:00,93,93.000000,0.000195,0.001575,0.006235,0.011642,0.014818,0.017951,0.017478,0.010847,0.005795,0.004166,0.004534,0.005950,0.007430,0.007540,0.006432,0.005351,0.004505,0.003608,0.002481,0.001345,0.000550,0.000170,0.576000,2,2,2,2,2,2,2,2,2,2,2,2,2,2,2,2,2,2,2,2,2,2,2,50.611667,3.141667,60.000000,lev15,Almucantar
Lille,04:04:2020,12:00:00,95,95.000000,0.000215,0.001137,0.004003,0.008984,0.013914,0.016111,0.013717,0.008799,0.006293,0.006903,0.009875,0.012327,0.012741,0.012485,0.012076,0.011618,0.010759,0.008932,0.006008,0.002974,0.001028,0.000251,0.473250,8,8,8,8,8,8,8,8,8,8,8,8,8,8,8,8,8,8,8,8,8,8,8,50.611667,3.141667,60.000000,lev15,Almucantar
Lille,05:04:2020,12:00:00,96,96.000000,0.000141,0.000942,0.003527,0.007389,0.009698,0.009442,0.007501,0.004901,0.003006,0.002142,0.002020,0.002564,0.003690,0.004535,0.004823,0.005338,0.006408,0.007241,0.006204,0.003319,0.000980,0.000155,0.704923,13,13,13,13,13,13,13,13,13,13,13,13,13,13,13,13,13,13,13,13,13,13,13,50.611667,3.141667,60.000000,lev15,Almucantar
Lille,06:04:2020,12:00:00,97,97.000000,0.000233,0.002014,0.006934,0.010395,0.008697,0.005794,0.003914,0.002761,0.002025,0.001749,0.002038,0.003106,0.004977,0.006598,0.007497,0.008862,0.011899,0.015740,0.014935,0.007643,0.001784,0.000179,0.576000,2,2,2,2,2,2,2,2,2,2,2,2,2,2,2,2,2,2,2,2,2,2,2,50.611667,3.141667,60.000000,lev15,Almucantar
Lille,07:04:2020,12:00:00,98,98.000000,0.000266,0.001115,0.002900,0.004905,0.006012,0.006067,0.005534,0.004926,0.004886,0.005816,0.007484,0.008770,0.009461,0.010006,0.011023,0.012657,0.014224,0.013983,0.010307,0.004898,0.001365,0.000223,0.439000,5,5,5,5,5,5,5,5,5,5,5,5,5,5,5,5,5,5,5,5,5,5,5,50.611667,3.141667,60.000000,lev15,Almucantar
Lille,08:04:2020,12:00:00,99,99.000000,0.000323,0.003183,0.014655,0.027895,0.029987,0.024644,0.016536,0.008885,0.004233,0.002541,0.002587,0.004219,0.007365,0.010230,0.012557,0.016191,0.022044,0.026340,0.021780,0.010236,0.002424,0.000283,0.648000,10,10,10,10,10,10,10,10,10,10,10,10,10,10,10,10,10,10,10,10,10,10,10,50.611667,3.141667,60.000000,lev15,Almucantar
Lille,09:04:2020,12:00:00,100,100.000000,0.000339,0.002750,0.011001,0.022096,0.029434,0.032000,0.028488,0.017906,0.008361,0.004444,0.003945,0.005531,0.008339,0.010306,0.011705,0.014507,0.019321,0.021935,0.016680,0.007512,0.001932,0.000304,0.696000,12,12,12,12,12,12,12,12,12,12,12,12,12,12,12,12,12,12,12,12,12,12,12,50.611667,3.141667,60.000000,lev15,Almucantar
Lille,10:04:2020,12:00:00,101,101.000000,0.000152,0.001062,0.004348,0.010236,0.014117,0.012019,0.007296,0.004000,0.002857,0.003047,0.003905,0.004622,0.004939,0.005282,0.006054,0.007726,0.010450,0.012901,0.011614,0.005967,0.001510,0.000196,0.496083,12,12,12,12,12,12,12,12,12,12,12,12,12,12,12,12,12,12,12,12,12,12,12,50.611667,3.141667,60.000000,lev15,Almucantar
Lille,11:04:2020,12:00:00,102,102.000000,0.000108,0.000709,0.002758,0.006305,0.008880,0.008051,0.005048,0.002693,0.001710,0.001607,0.002011,0.002486,0.002846,0.003206,0.003754,0.004970,0.007147,0.009230,0.008400,0.004393,0.001156,0.000146,0.530333,12,12,12,12,12,12,12,12,12,12,12,12,12,12,12,12,12,12,12,12,12,12,12,50.611667,3.141667,60.000000,lev15,Almucantar
Lille,12:04:2020,12:00:00,103,103.000000,0.000300,0.004013,0.018949,0.030844,0.029016,0.022543,0.014851,0.008745,0.005010,0.003043,0.002415,0.003031,0.004965,0.006954,0.008164,0.009133,0.009975,0.009455,0.006821,0.003367,0.001072,0.000231,0.756000,6,6,6,6,6,6,6,6,6,6,6,6,6,6,6,6,6,6,6,6,6,6,6,50.611667,3.141667,60.000000,lev15,Almucantar
Lille,13:04:2020,12:00:00,104,104.000000,0.000330,0.001910,0.005811,0.009559,0.009617,0.007104,0.005032,0.004696,0.006467,0.010060,0.012723,0.014211,0.017651,0.021661,0.023258,0.026203,0.030842,0.031278,0.021974,0.009404,0.002286,0.000308,0.439000,6,6,6,6,6,6,6,6,6,6,6,6,6,6,6,6,6,6,6,6,6,6,6,50.611667,3.141667,60.000000,lev15,Almucantar
Lille,14:04:2020,12:00:00,105,105.000000,0.000296,0.001617,0.006208,0.017172,0.033048,0.034407,0.017529,0.007394,0.004732,0.005095,0.006354,0.007291,0.008436,0.009868,0.011698,0.014441,0.016815,0.015669,0.009924,0.004137,0.001193,0.000247,0.439000,3,3,3,3,3,3,3,3,3,3,3,3,3,3,3,3,3,3,3,3,3,3,3,50.611667,3.141667,60.000000,lev15,Almucantar
Lille,15:04:2020,12:00:00,106,106.000000,0.000157,0.000932,0.003372,0.007385,0.009738,0.008017,0.004867,0.002967,0.002415,0.002798,0.003882,0.005242,0.006114,0.006344,0.006631,0.007373,0.008124,0.007705,0.005492,0.002684,0.000860,0.000178,0.439000,1,1,1,1,1,1,1,1,1,1,1,1,1,1,1,1,1,1,1,1,1,1,1,50.611667,3.141667,60.000000,lev15,Almucantar
Lille,16:04:2020,12:00:00,107,107.000000,0.000296,0.001969,0.007702,0.016876,0.022222,0.016641,0.007658,0.003737,0.002897,0.003562,0.005286,0.007486,0.009268,0.010443,0.012064,0.016532,0.024832,0.029552,0.020036,0.007338,0.001634,0.000256,0.439000,3,3,3,3,3,3,3,3,3,3,3,3,3,3,3,3,3,3,3,3,3,3,3,50.611667,3.141667,60.000000,lev15,Almucantar
Lille,17:04:2020,12:00:00,108,108.000000,0.000246,0.001560,0.006127,0.015222,0.023590,0.021956,0.013077,0.006502,0.004132,0.004153,0.005659,0.008147,0.010614,0.011991,0.012898,0.014677,0.017812,0.020317,0.017434,0.008906,0.002320,0.000298,0.507500,2,2,2,2,2,2,2,2,2,2,2,2,2,2,2,2,2,2,2,2,2,2,2,50.611667,3.141667,60.000000,lev15,Almucantar
Lille,19:04:2020,12:00:00,110,110.000000,0.000475,0.003346,0.012545,0.026281,0.036074,0.041683,0.044298,0.034385,0.019677,0.014543,0.017203,0.022718,0.026674,0.030097,0.032422,0.031568,0.026659,0.019150,0.011292,0.005197,0.001801,0.000464,0.576000,1,1,1,1,1,1,1,1,1,1,1,1,1,1,1,1,1,1,1,1,1,1,1,50.611667,3.141667,60.000000,lev15,Almucantar
Lille,20:04:2020,12:00:00,111,111.000000,0.000210,0.001376,0.004779,0.009100,0.010552,0.008583,0.005595,0.003460,0.002600,0.002651,0.003255,0.004180,0.005248,0.006308,0.008122,0.012032,0.018654,0.024131,0.020380,0.009312,0.002056,0.000219,0.480100,10,10,10,10,10,10,10,10,10,10,10,10,10,10,10,10,10,10,10,10,10,10,10,50.611667,3.141667,60.000000,lev15,Almucantar
Lille,21:04:2020,12:00:00,112,112.000000,0.000151,0.001030,0.003568,0.006518,0.007173,0.005682,0.003720,0.002318,0.001711,0.001695,0.002120,0.002851,0.003638,0.004351,0.005305,0.007028,0.009534,0.011063,0.008883,0.004174,0.001041,0.000133,0.548600,5,5,5,5,5,5,5,5,5,5,5,5,5,5,5,5,5,5,5,5,5,5,5,50.611667,3.141667,60.000000,lev15,Almucantar
Lille,22:04:2020,12:00:00,113,113.000000,0.000191,0.001326,0.004786,0.009142,0.010473,0.008594,0.005726,0.003413,0.002200,0.001844,0.002133,0.003135,0.004688,0.005922,0.007306,0.009467,0.012458,0.013926,0.010425,0.004490,0.001059,0.000144,0.556429,7,7,7,7,7,7,7,7,7,7,7,7,7,7,7,7,7,7,7,7,7,7,7,50.611667,3.141667,60.000000,lev15,Almucantar
Lille,23:04:2020,12:00:00,114,114.000000,0.000278,0.002245,0.008701,0.015051,0.014779,0.010379,0.005901,0.003394,0.002434,0.002289,0.002851,0.004321,0.006502,0.008445,0.010790,0.015162,0.022072,0.027175,0.022160,0.009846,0.002094,0.000207,0.555000,11,11,11,11,11,11,11,11,11,11,11,11,11,11,11,11,11,11,11,11,11,11,11,50.611667,3.141667,60.000000,lev15,Almucantar
Lille,24:04:2020,12:00:00,115,115.000000,0.000401,0.002171,0.007406,0.015925,0.022746,0.023469,0.018497,0.011449,0.007003,0.005621,0.006145,0.008151,0.011046,0.013084,0.014281,0.016111,0.018916,0.019487,0.013748,0.006024,0.001652,0.000313,0.576000,4,4,4,4,4,4,4,4,4,4,4,4,4,4,4,4,4,4,4,4,4,4,4,50.611667,3.141667,60.000000,lev15,Almucantar
Lille,25:04:2020,12:00:00,116,116.000000,0.000233,0.000935,0.003856,0.012395,0.029876,0.044650,0.026673,0.008498,0.003413,0.002709,0.003586,0.005173,0.006296,0.007340,0.009181,0.012380,0.016951,0.018850,0.013319,0.005597,0.001427,0.000228,0.576000,6,6,6,6,6,6,6,6,6,6,6,6,6,6,6,6,6,6,6,6,6,6,6,50.611667,3.141667,60.000000,lev15,Almucantar
Lille,26:04:2020,12:00:00,117,117.000000,0.000239,0.000800,0.002643,0.007146,0.015029,0.022321,0.019844,0.009584,0.004397,0.003902,0.005951,0.008629,0.010006,0.010681,0.011181,0.012273,0.013891,0.014391,0.011043,0.005177,0.001370,0.000216,0.518917,12,12,12,12,12,12,12,12,12,12,12,12,12,12,12,12,12,12,12,12,12,12,12,50.611667,3.141667,60.000000,lev15,Almucantar
Lille,27:04:2020,12:00:00,118,118.000000,0.000424,0.000779,0.001674,0.004135,0.010691,0.022943,0.026478,0.012361,0.004783,0.003206,0.003922,0.005889,0.007956,0.009476,0.009985,0.010242,0.010802,0.010623,0.008026,0.003979,0.001192,0.000211,0.576000,1,1,1,1,1,1,1,1,1,1,1,1,1,1,1,1,1,1,1,1,1,1,1,50.611667,3.141667,60.000000,lev15,Almucantar
Lille,30:04:2020,12:00:00,121,121.000000,0.000153,0.000491,0.001293,0.002499,0.003681,0.004667,0.005405,0.005371,0.005156,0.006014,0.008413,0.011346,0.013079,0.015452,0.019796,0.024212,0.025478,0.020888,0.011994,0.004523,0.001088,0.000167,0.439000,2,2,2,2,2,2,2,2,2,2,2,2,2,2,2,2,2,2,2,2,2,2,2,50.611667,3.141667,60.000000,lev15,Almucantar
Lille,01:05:2020,12:00:00,122,122.000000,0.000247,0.001078,0.003071,0.005751,0.007305,0.006808,0.005424,0.004630,0.005084,0.007042,0.010206,0.013412,0.016146,0.019453,0.023668,0.026439,0.024248,0.016974,0.008857,0.003451,0.001010,0.000222,0.439000,1,1,1,1,1,1,1,1,1,1,1,1,1,1,1,1,1,1,1,1,1,1,1,50.611667,3.141667,60.000000,lev15,Almucantar
Lille,06:05:2020,12:00:00,127,127.000000,0.000165,0.001048,0.003785,0.007957,0.010796,0.009214,0.005170,0.002731,0.001987,0.002315,0.003453,0.004624,0.005137,0.005418,0.005718,0.006752,0.008913,0.011150,0.009811,0.004856,0.001209,0.000150,0.463909,11,11,11,11,11,11,11,11,11,11,11,11,11,11,11,11,11,11,11,11,11,11,11,50.611667,3.141667,60.000000,lev15,Almucantar
Lille,07:05:2020,12:00:00,128,128.000000,0.000132,0.000917,0.003632,0.008202,0.011199,0.010235,0.006814,0.003785,0.002416,0.002112,0.002396,0.003081,0.004023,0.005043,0.006105,0.007262,0.008195,0.007949,0.005788,0.002781,0.000810,0.000142,0.612000,5,5,5,5,5,5,5,5,5,5,5,5,5,5,5,5,5,5,5,5,5,5,5,50.611667,3.141667,60.000000,lev15,Almucantar
Lille,08:05:2020,12:00:00,129,129.000000,0.000318,0.001102,0.002988,0.006456,0.011475,0.016682,0.017101,0.010270,0.004976,0.003297,0.003492,0.004710,0.006384,0.007785,0.008683,0.009688,0.010993,0.011386,0.009130,0.004949,0.001671,0.000343,0.696000,3,3,3,3,3,3,3,3,3,3,3,3,3,3,3,3,3,3,3,3,3,3,3,50.611667,3.141667,60.000000,lev15,Almucantar
Lille,09:05:2020,12:00:00,130,130.000000,0.000519,0.002230,0.006572,0.013511,0.020288,0.023969,0.024067,0.021446,0.017247,0.013033,0.010146,0.009026,0.009818,0.013163,0.020471,0.032838,0.046638,0.050070,0.035540,0.015209,0.003735,0.000518,0.992000,1,1,1,1,1,1,1,1,1,1,1,1,1,1,1,1,1,1,1,1,1,1,1,50.611667,3.141667,60.000000,lev15,Almucantar
Lille,12:05:2020,12:00:00,133,133.000000,0.000145,0.000505,0.001377,0.002941,0.004850,0.006047,0.005771,0.004839,0.004627,0.005978,0.008921,0.011203,0.012686,0.016112,0.020563,0.023556,0.023616,0.021459,0.015858,0.007788,0.002167,0.000319,0.439000,2,2,2,2,2,2,2,2,2,2,2,2,2,2,2,2,2,2,2,2,2,2,2,50.611667,3.141667,60.000000,lev15,Almucantar
Lille,13:05:2020,12:00:00,134,134.000000,0.000231,0.001175,0.003405,0.005889,0.006719,0.005748,0.004191,0.003112,0.003061,0.004338,0.006419,0.007603,0.008788,0.011857,0.016303,0.021163,0.026437,0.029598,0.023894,0.011058,0.002532,0.000271,0.439000,2,2,2,2,2,2,2,2,2,2,2,2,2,2,2,2,2,2,2,2,2,2,2,50.611667,3.141667,60.000000,lev15,Almucantar
Lille,14:05:2020,12:00:00,135,135.000000,0.000237,0.001782,0.006674,0.012079,0.012721,0.009059,0.005287,0.003476,0.003060,0.003652,0.004992,0.006528,0.008272,0.011008,0.014639,0.018667,0.023792,0.028856,0.025799,0.012793,0.002926,0.000291,0.478625,8,8,8,8,8,8,8,8,8,8,8,8,8,8,8,8,8,8,8,8,8,8,8,50.611667,3.141667,60.000000,lev15,Almucantar
Lille,15:05:2020,12:00:00,136,136.000000,0.000172,0.000993,0.003419,0.007164,0.010078,0.010465,0.008013,0.004839,0.003205,0.002921,0.003500,0.004417,0.005397,0.006556,0.008037,0.010265,0.013412,0.015721,0.013331,0.006611,0.001638,0.000194,0.549100,10,10,10,10,10,10,10,10,10,10,10,10,10,10,10,10,10,10,10,10,10,10,10,50.611667,3.141667,60.000000,lev15,Almucantar
Lille,16:05:2020,12:00:00,137,137.000000,0.000455,0.003567,0.011517,0.017123,0.018398,0.017353,0.012756,0.007269,0.004268,0.003299,0.003578,0.004864,0.006645,0.007421,0.007431,0.007841,0.008603,0.008363,0.005951,0.002798,0.000850,0.000179,0.621000,4,4,4,4,4,4,4,4,4,4,4,4,4,4,4,4,4,4,4,4,4,4,4,50.611667,3.141667,60.000000,lev15,Almucantar
Lille,17:05:2020,12:00:00,138,138.000000,0.000161,0.001681,0.008337,0.016313,0.016680,0.012591,0.007123,0.003328,0.001990,0.001920,0.002462,0.003343,0.004388,0.005149,0.005451,0.005718,0.006117,0.006110,0.004803,0.002441,0.000699,0.000113,0.553167,6,6,6,6,6,6,6,6,6,6,6,6,6,6,6,6,6,6,6,6,6,6,6,50.611667,3.141667,60.000000,lev15,Almucantar
Lille,18:05:2020,12:00:00,139,139.000000,0.000109,0.000616,0.002214,0.005043,0.007213,0.006530,0.004164,0.002481,0.001964,0.002430,0.004037,0.006746,0.009486,0.010943,0.011211,0.010782,0.009473,0.007022,0.004070,0.001754,0.000547,0.000123,0.439000,1,1,1,1,1,1,1,1,1,1,1,1,1,1,1,1,1,1,1,1,1,1,1,50.611667,3.141667,60.000000,lev15,Almucantar
Lille,19:05:2020,12:00:00,140,140.000000,0.000148,0.000955,0.003554,0.007550,0.009643,0.007860,0.004666,0.002789,0.002340,0.002820,0.004019,0.005220,0.005591,0.005777,0.006745,0.009313,0.014033,0.019282,0.018535,0.009521,0.002192,0.000217,0.439000,5,5,5,5,5,5,5,5,5,5,5,5,5,5,5,5,5,5,5,5,5,5,5,50.611667,3.141667,60.000000,lev15,Almucantar
Lille,20:05:2020,12:00:00,141,141.000000,0.000168,0.000768,0.002673,0.006702,0.011736,0.014038,0.011604,0.006800,0.004028,0.003545,0.004307,0.005531,0.006834,0.007957,0.009021,0.011098,0.015517,0.020996,0.020034,0.009839,0.002140,0.000236,0.584600,5,5,5,5,5,5,5,5,5,5,5,5,5,5,5,5,5,5,5,5,5,5,5,50.611667,3.141667,60.000000,lev15,Almucantar
Lille,21:05:2020,12:00:00,142,142.000000,0.000130,0.001690,0.009428,0.022797,0.024770,0.014503,0.006394,0.002825,0.001589,0.001386,0.001959,0.003627,0.006004,0.007354,0.008554,0.011221,0.015747,0.018824,0.014933,0.006620,0.001496,0.000167,0.576000,1,1,1,1,1,1,1,1,1,1,1,1,1,1,1,1,1,1,1,1,1,1,1,50.611667,3.141667,60.000000,lev15,Almucantar
Lille,23:05:2020,12:00:00,144,144.000000,0.000276,0.001117,0.002708,0.004059,0.004153,0.003489,0.003040,0.003306,0.004669,0.007493,0.011238,0.014498,0.015394,0.015704,0.016368,0.016598,0.018707,0.023658,0.025967,0.016823,0.004885,0.000582,0.439000,2,2,2,2,2,2,2,2,2,2,2,2,2,2,2,2,2,2,2,2,2,2,2,50.611667,3.141667,60.000000,lev15,Almucantar
Lille,25:05:2020,12:00:00,146,146.000000,0.000246,0.001420,0.005072,0.011158,0.014866,0.011977,0.007108,0.004751,0.005084,0.008372,0.013239,0.013880,0.012931,0.012090,0.011179,0.012227,0.014935,0.016279,0.012331,0.005469,0.001331,0.000194,0.439000,4,4,4,4,4,4,4,4,4,4,4,4,4,4,4,4,4,4,4,4,4,4,4,50.611667,3.141667,60.000000,lev15,Almucantar
Lille,26:05:2020,12:00:00,147,147.000000,0.000253,0.001399,0.004474,0.008476,0.010060,0.007830,0.004586,0.002951,0.003072,0.004987,0.008111,0.010168,0.010599,0.009911,0.009122,0.008330,0.007049,0.005131,0.003087,0.001516,0.000603,0.000194,0.439000,1,1,1,1,1,1,1,1,1,1,1,1,1,1,1,1,1,1,1,1,1,1,1,50.611667,3.141667,60.000000,lev15,Almucantar
Lille,27:05:2020,12:00:00,148,148.000000,0.000250,0.001341,0.003663,0.005668,0.006012,0.005196,0.004042,0.003387,0.004009,0.005973,0.007513,0.007795,0.007585,0.008016,0.009276,0.011483,0.014810,0.018120,0.016925,0.008960,0.002176,0.000243,0.439000,7,7,7,7,7,7,7,7,7,7,7,7,7,7,7,7,7,7,7,7,7,7,7,50.611667,3.141667,60.000000,lev15,Almucantar
Lille,28:05:2020,12:00:00,149,149.000000,0.000410,0.001860,0.004053,0.004800,0.003987,0.003048,0.002534,0.002439,0.002932,0.004398,0.006678,0.008245,0.008315,0.008169,0.008620,0.010506,0.015187,0.021376,0.020148,0.009653,0.002071,0.000209,0.439000,10,10,10,10,10,10,10,10,10,10,10,10,10,10,10,10,10,10,10,10,10,10,10,50.611667,3.141667,60.000000,lev15,Almucantar
Lille,29:05:2020,12:00:00,150,150.000000,0.000375,0.002257,0.006014,0.007713,0.006095,0.004168,0.003179,0.002916,0.003376,0.004874,0.007592,0.009899,0.009936,0.009030,0.009278,0.012127,0.018220,0.023208,0.018830,0.008352,0.001872,0.000210,0.439000,7,7,7,7,7,7,7,7,7,7,7,7,7,7,7,7,7,7,7,7,7,7,7,50.611667,3.141667,60.000000,lev15,Almucantar
Lille,30:05:2020,12:00:00,151,151.000000,0.000345,0.003015,0.009637,0.012925,0.009970,0.006177,0.003722,0.002550,0.002458,0.003469,0.005361,0.006898,0.007669,0.008104,0.008675,0.010709,0.015801,0.022930,0.022717,0.011241,0.002295,0.000184,0.439000,7,7,7,7,7,7,7,7,7,7,7,7,7,7,7,7,7,7,7,7,7,7,7,50.611667,3.141667,60.000000,lev15,Almucantar
Lille,31:05:2020,12:00:00,152,152.000000,0.000192,0.001390,0.004573,0.007320,0.007302,0.005985,0.004466,0.003029,0.002235,0.002177,0.002666,0.003484,0.004414,0.005181,0.006154,0.008218,0.011897,0.015306,0.013419,0.006434,0.001449,0.000147,0.548600,5,5,5,5,5,5,5,5,5,5,5,5,5,5,5,5,5,5,5,5,5,5,5,50.611667,3.141667,60.000000,lev15,Almucantar
Lille,01:06:2020,12:00:00,153,153.000000,0.000231,0.002394,0.008710,0.012277,0.009269,0.005341,0.003151,0.002355,0.002363,0.002891,0.003827,0.005133,0.006540,0.007555,0.008124,0.008300,0.007786,0.006210,0.003861,0.001747,0.000556,0.000124,0.439000,5,5,5,5,5,5,5,5,5,5,5,5,5,5,5,5,5,5,5,5,5,5,5,50.611667,3.141667,60.000000,lev15,Almucantar
Lille,02:06:2020,12:00:00,154,154.000000,0.000415,0.003109,0.010074,0.015284,0.014017,0.009935,0.006535,0.004623,0.003917,0.004071,0.004896,0.006509,0.008873,0.010923,0.012757,0.015272,0.017643,0.017132,0.011827,0.005048,0.001256,0.000189,0.484667,3,3,3,3,3,3,3,3,3,3,3,3,3,3,3,3,3,3,3,3,3,3,3,50.611667,3.141667,60.000000,lev15,Almucantar
Lille,03:06:2020,12:00:00,155,155.000000,0.000443,0.003009,0.009217,0.013643,0.011783,0.007835,0.005165,0.004025,0.004097,0.005254,0.007224,0.009254,0.011138,0.013641,0.017568,0.023445,0.029654,0.030384,0.021284,0.008967,0.002124,0.000277,0.439000,1,1,1,1,1,1,1,1,1,1,1,1,1,1,1,1,1,1,1,1,1,1,1,50.611667,3.141667,60.000000,lev15,Almucantar
Lille,07:06:2020,12:00:00,159,159.000000,0.000092,0.000412,0.001355,0.003291,0.005775,0.006921,0.005536,0.003600,0.002868,0.003475,0.005081,0.006518,0.007825,0.009457,0.010643,0.010726,0.008988,0.006175,0.003381,0.001413,0.000443,0.000107,0.439000,2,2,2,2,2,2,2,2,2,2,2,2,2,2,2,2,2,2,2,2,2,2,2,50.611667,3.141667,60.000000,lev15,Almucantar
Lille,10:06:2020,12:00:00,162,162.000000,0.000205,0.000728,0.002380,0.006464,0.014079,0.024275,0.029407,0.020029,0.010125,0.006778,0.007348,0.009775,0.012002,0.013362,0.013704,0.012957,0.010893,0.007793,0.004602,0.002201,0.000846,0.000265,0.612000,5,5,5,5,5,5,5,5,5,5,5,5,5,5,5,5,5,5,5,5,5,5,5,50.611667,3.141667,60.000000,lev15,Almucantar
Lille,13:06:2020,12:00:00,165,165.000000,0.000077,0.000565,0.002282,0.004826,0.006195,0.006133,0.004892,0.003081,0.001877,0.001409,0.001440,0.001908,0.002834,0.004002,0.004972,0.005579,0.005709,0.005049,0.003437,0.001593,0.000465,0.000084,0.666000,2,2,2,2,2,2,2,2,2,2,2,2,2,2,2,2,2,2,2,2,2,2,2,50.611667,3.141667,60.000000,lev15,Almucantar
Lille,15:06:2020,12:00:00,167,167.000000,0.000078,0.000422,0.001522,0.003657,0.005975,0.006699,0.005024,0.002891,0.002025,0.002344,0.003573,0.004772,0.005096,0.005202,0.005492,0.005940,0.006420,0.006230,0.004626,0.002247,0.000647,0.000108,0.439000,5,5,5,5,5,5,5,5,5,5,5,5,5,5,5,5,5,5,5,5,5,5,5,50.611667,3.141667,60.000000,lev15,Almucantar
Lille,16:06:2020,12:00:00,168,168.000000,0.000086,0.000574,0.002226,0.004911,0.006681,0.006455,0.004716,0.002855,0.002055,0.002177,0.002868,0.003649,0.004218,0.004434,0.004603,0.005076,0.005712,0.005733,0.004355,0.002137,0.000611,0.000102,0.507500,4,4,4,4,4,4,4,4,4,4,4,4,4,4,4,4,4,4,4,4,4,4,4,50.611667,3.141667,60.000000,lev15,Almucantar
Lille,20:06:2020,12:00:00,172,172.000000,0.000135,0.001507,0.007782,0.018892,0.022864,0.015837,0.008038,0.004058,0.002539,0.002143,0.002477,0.003736,0.006331,0.009997,0.013483,0.016606,0.018644,0.016794,0.010324,0.003964,0.000917,0.000126,0.576000,1,1,1,1,1,1,1,1,1,1,1,1,1,1,1,1,1,1,1,1,1,1,1,50.611667,3.141667,60.000000,lev15,Almucantar
Lille,22:06:2020,12:00:00,174,174.000000,0.000381,0.002231,0.006757,0.010780,0.010138,0.006868,0.004618,0.004045,0.005168,0.008670,0.014407,0.020028,0.023267,0.025313,0.027254,0.027715,0.027869,0.024721,0.016320,0.006945,0.001756,0.000266,0.439000,7,7,7,7,7,7,7,7,7,7,7,7,7,7,7,7,7,7,7,7,7,7,7,50.611667,3.141667,60.000000,lev15,Almucantar
Lille,23:06:2020,12:00:00,175,175.000000,0.000321,0.002282,0.007487,0.011604,0.010445,0.007250,0.005031,0.004176,0.004511,0.005866,0.007844,0.010351,0.012997,0.014836,0.015939,0.017642,0.020008,0.020587,0.015501,0.006987,0.001676,0.000211,0.454222,9,9,9,9,9,9,9,9,9,9,9,9,9,9,9,9,9,9,9,9,9,9,9,50.611667,3.141667,60.000000,lev15,Almucantar
Lille,24:06:2020,12:00:00,176,176.000000,0.000307,0.002658,0.008939,0.013230,0.011475,0.007600,0.004634,0.003252,0.002927,0.003076,0.003564,0.004509,0.005955,0.007453,0.009039,0.011639,0.015437,0.017527,0.013446,0.005809,0.001280,0.000153,0.458571,7,7,7,7,7,7,7,7,7,7,7,7,7,7,7,7,7,7,7,7,7,7,7,50.611667,3.141667,60.000000,lev15,Almucantar
Lille,25:06:2020,12:00:00,177,177.000000,0.000333,0.002649,0.008250,0.010922,0.007991,0.004660,0.002879,0.002096,0.001907,0.002154,0.002868,0.004063,0.005431,0.006825,0.008821,0.012385,0.017623,0.021056,0.016681,0.007258,0.001548,0.000157,0.454222,9,9,9,9,9,9,9,9,9,9,9,9,9,9,9,9,9,9,9,9,9,9,9,50.611667,3.141667,60.000000,lev15,Almucantar
Lille,28:06:2020,12:00:00,180,180.000000,0.000238,0.001972,0.007492,0.012228,0.010008,0.005901,0.003643,0.002914,0.003207,0.004459,0.006511,0.009007,0.012395,0.017136,0.022909,0.028734,0.030923,0.025603,0.014826,0.005562,0.001288,0.000183,0.439000,3,3,3,3,3,3,3,3,3,3,3,3,3,3,3,3,3,3,3,3,3,3,3,50.611667,3.141667,60.000000,lev15,Almucantar
Lille,29:06:2020,12:00:00,181,181.000000,0.000251,0.001406,0.004082,0.006424,0.006225,0.004629,0.003473,0.003300,0.004250,0.006475,0.009250,0.011708,0.016245,0.025831,0.036191,0.039555,0.030550,0.016728,0.006893,0.002270,0.000618,0.000141,0.439000,1,1,1,1,1,1,1,1,1,1,1,1,1,1,1,1,1,1,1,1,1,1,1,50.611667,3.141667,60.000000,lev15,Almucantar
Lille,07:07:2020,12:00:00,189,189.000000,0.000272,0.001540,0.004414,0.006752,0.006313,0.004572,0.003373,0.003042,0.003591,0.005348,0.008311,0.011012,0.012729,0.014664,0.016389,0.016404,0.014233,0.010318,0.005863,0.002473,0.000759,0.000172,0.439000,2,2,2,2,2,2,2,2,2,2,2,2,2,2,2,2,2,2,2,2,2,2,2,50.611667,3.141667,60.000000,lev15,Almucantar
Lille,09:07:2020,12:00:00,191,191.000000,0.000146,0.001198,0.004304,0.007169,0.006642,0.004466,0.002694,0.001786,0.001596,0.001810,0.002252,0.002800,0.003212,0.004033,0.005965,0.009348,0.013471,0.015307,0.011518,0.004812,0.001011,0.000106,0.439000,3,3,3,3,3,3,3,3,3,3,3,3,3,3,3,3,3,3,3,3,3,3,3,50.611667,3.141667,60.000000,lev15,Almucantar
Lille,11:07:2020,12:00:00,193,193.000000,0.000146,0.001143,0.004191,0.007496,0.008235,0.007043,0.004774,0.002789,0.002077,0.002420,0.003688,0.005007,0.005670,0.006900,0.008795,0.010549,0.011636,0.010893,0.007494,0.003316,0.000865,0.000129,0.461833,6,6,6,6,6,6,6,6,6,6,6,6,6,6,6,6,6,6,6,6,6,6,6,50.611667,3.141667,60.000000,lev15,Almucantar
Lille,12:07:2020,12:00:00,194,194.000000,0.000123,0.001172,0.005023,0.009623,0.010504,0.008650,0.005873,0.003165,0.001900,0.001938,0.002988,0.004376,0.004570,0.004743,0.005452,0.006343,0.006846,0.006083,0.003961,0.001760,0.000519,0.000100,0.530333,3,3,3,3,3,3,3,3,3,3,3,3,3,3,3,3,3,3,3,3,3,3,3,50.611667,3.141667,60.000000,lev15,Almucantar
Lille,13:07:2020,12:00:00,195,195.000000,0.000218,0.003876,0.022956,0.046713,0.038505,0.017316,0.006757,0.003488,0.002649,0.002445,0.002410,0.002901,0.004575,0.007762,0.011659,0.015120,0.017635,0.018196,0.013816,0.006320,0.001547,0.000195,0.696000,3,3,3,3,3,3,3,3,3,3,3,3,3,3,3,3,3,3,3,3,3,3,3,50.611667,3.141667,60.000000,lev15,Almucantar
Lille,17:07:2020,12:00:00,199,199.000000,0.000265,0.001342,0.004507,0.010143,0.015875,0.018477,0.017468,0.014578,0.011387,0.008775,0.007086,0.006308,0.006331,0.007021,0.008107,0.008991,0.008838,0.007204,0.004649,0.002308,0.000869,0.000247,0.992000,1,1,1,1,1,1,1,1,1,1,1,1,1,1,1,1,1,1,1,1,1,1,1,50.611667,3.141667,60.000000,lev15,Almucantar
Lille,20:07:2020,12:00:00,202,202.000000,0.000218,0.001343,0.003805,0.005351,0.005080,0.004284,0.003500,0.003086,0.003427,0.004647,0.006546,0.008597,0.009980,0.011478,0.012979,0.012871,0.011021,0.007881,0.004425,0.001854,0.000572,0.000134,0.439000,7,7,7,7,7,7,7,7,7,7,7,7,7,7,7,7,7,7,7,7,7,7,7,50.611667,3.141667,60.000000,lev15,Almucantar
Lille,21:07:2020,12:00:00,203,203.000000,0.000143,0.001152,0.004442,0.007966,0.007731,0.005305,0.003352,0.002283,0.001943,0.002247,0.003079,0.004011,0.004904,0.006232,0.007594,0.008713,0.009542,0.009337,0.006900,0.003072,0.000727,0.000096,0.512875,8,8,8,8,8,8,8,8,8,8,8,8,8,8,8,8,8,8,8,8,8,8,8,50.611667,3.141667,60.000000,lev15,Almucantar
Lille,23:07:2020,12:00:00,205,205.000000,0.000266,0.002334,0.008048,0.011899,0.010147,0.006842,0.004122,0.002515,0.002116,0.002792,0.004325,0.005498,0.006818,0.009996,0.013177,0.014805,0.015775,0.016218,0.012955,0.006012,0.001368,0.000148,0.439000,4,4,4,4,4,4,4,4,4,4,4,4,4,4,4,4,4,4,4,4,4,4,4,50.611667,3.141667,60.000000,lev15,Almucantar
Lille,27:07:2020,12:00:00,209,209.000000,0.000209,0.001525,0.004723,0.006743,0.005509,0.003334,0.001822,0.001096,0.000879,0.001025,0.001605,0.002773,0.004464,0.006527,0.009622,0.015180,0.023529,0.029396,0.023334,0.009499,0.001741,0.000138,0.439000,1,1,1,1,1,1,1,1,1,1,1,1,1,1,1,1,1,1,1,1,1,1,1,50.611667,3.141667,60.000000,lev15,Almucantar
Lille,29:07:2020,12:00:00,211,211.000000,0.000382,0.003040,0.009903,0.013226,0.009319,0.005376,0.003534,0.002967,0.003416,0.005051,0.007493,0.008983,0.009660,0.012045,0.017460,0.024771,0.029972,0.028371,0.018503,0.007106,0.001493,0.000182,0.439000,4,4,4,4,4,4,4,4,4,4,4,4,4,4,4,4,4,4,4,4,4,4,4,50.611667,3.141667,60.000000,lev15,Almucantar
Lille,30:07:2020,12:00:00,212,212.000000,0.000245,0.001860,0.005391,0.006772,0.004958,0.002957,0.001880,0.001472,0.001431,0.001667,0.002228,0.003108,0.004414,0.006538,0.009417,0.013178,0.018190,0.022247,0.018781,0.008480,0.001736,0.000152,0.458571,7,7,7,7,7,7,7,7,7,7,7,7,7,7,7,7,7,7,7,7,7,7,7,50.611667,3.141667,60.000000,lev15,Almucantar
Lille,31:07:2020,12:00:00,213,213.000000,0.004652,0.007571,0.009718,0.008889,0.005848,0.003130,0.001880,0.001441,0.001387,0.001704,0.002517,0.003925,0.005778,0.007998,0.010944,0.015346,0.021430,0.025631,0.020696,0.008978,0.001815,0.000166,0.439000,6,6,6,6,6,6,6,6,6,6,6,6,6,6,6,6,6,6,6,6,6,6,6,50.611667,3.141667,60.000000,lev15,Almucantar
Lille,01:08:2020,12:00:00,214,214.000000,0.000136,0.000953,0.003378,0.006266,0.006882,0.005228,0.003300,0.002315,0.002265,0.003003,0.003968,0.004199,0.004168,0.004594,0.005492,0.006814,0.008602,0.010119,0.008989,0.004707,0.001240,0.000157,0.439000,5,5,5,5,5,5,5,5,5,5,5,5,5,5,5,5,5,5,5,5,5,5,5,50.611667,3.141667,60.000000,lev15,Almucantar
Lille,02:08:2020,12:00:00,215,215.000000,0.000161,0.001216,0.004497,0.008451,0.009014,0.006600,0.004209,0.002937,0.002581,0.002918,0.003797,0.004820,0.005643,0.006507,0.007785,0.009527,0.010908,0.010198,0.006814,0.002959,0.000794,0.000129,0.439000,1,1,1,1,1,1,1,1,1,1,1,1,1,1,1,1,1,1,1,1,1,1,1,50.611667,3.141667,60.000000,lev15,Almucantar
Lille,04:08:2020,12:00:00,217,217.000000,0.000158,0.001036,0.003640,0.007159,0.008762,0.007569,0.005008,0.002956,0.002211,0.002500,0.003217,0.003405,0.003588,0.004808,0.006595,0.008046,0.008889,0.009068,0.007472,0.004016,0.001202,0.000189,0.439000,5,5,5,5,5,5,5,5,5,5,5,5,5,5,5,5,5,5,5,5,5,5,5,50.611667,3.141667,60.000000,lev15,Almucantar
Lille,05:08:2020,12:00:00,218,218.000000,0.000245,0.001444,0.003937,0.005435,0.004546,0.002968,0.001950,0.001534,0.001603,0.002155,0.003119,0.004236,0.005725,0.008046,0.011603,0.017255,0.024677,0.029025,0.023019,0.009999,0.001999,0.000170,0.439000,10,10,10,10,10,10,10,10,10,10,10,10,10,10,10,10,10,10,10,10,10,10,10,50.611667,3.141667,60.000000,lev15,Almucantar
Lille,06:08:2020,12:00:00,219,219.000000,0.000276,0.002025,0.006504,0.009174,0.006858,0.003892,0.002437,0.002015,0.002129,0.002567,0.003339,0.004709,0.007188,0.011840,0.020017,0.032601,0.046855,0.050489,0.033717,0.012127,0.002193,0.000195,0.439000,2,2,2,2,2,2,2,2,2,2,2,2,2,2,2,2,2,2,2,2,2,2,2,50.611667,3.141667,60.000000,lev15,Almucantar
Lille,07:08:2020,12:00:00,220,220.000000,0.000190,0.001785,0.006618,0.010305,0.007783,0.003823,0.001844,0.001192,0.001161,0.001543,0.002259,0.003289,0.004727,0.006762,0.009753,0.013977,0.018851,0.021327,0.016912,0.007543,0.001572,0.000146,0.439000,11,11,11,11,11,11,11,11,11,11,11,11,11,11,11,11,11,11,11,11,11,11,11,50.611667,3.141667,60.000000,lev15,Almucantar
Lille,08:08:2020,12:00:00,221,221.000000,0.000503,0.006815,0.026562,0.033232,0.018757,0.008436,0.004884,0.004236,0.004988,0.006829,0.010032,0.016032,0.025909,0.032570,0.030532,0.026565,0.021879,0.015227,0.008180,0.003290,0.000987,0.000221,0.439000,1,1,1,1,1,1,1,1,1,1,1,1,1,1,1,1,1,1,1,1,1,1,1,50.611667,3.141667,60.000000,lev15,Almucantar
Lille,09:08:2020,12:00:00,222,222.000000,0.000431,0.008898,0.053421,0.101630,0.080234,0.038362,0.014400,0.005643,0.003168,0.002968,0.004408,0.008517,0.015954,0.023230,0.027542,0.030701,0.030820,0.023277,0.011844,0.004281,0.001210,0.000282,0.576000,2,2,2,2,2,2,2,2,2,2,2,2,2,2,2,2,2,2,2,2,2,2,2,50.611667,3.141667,60.000000,lev15,Almucantar
Lille,17:08:2020,12:00:00,230,230.000000,0.000126,0.000801,0.002653,0.004853,0.006127,0.006304,0.005041,0.003045,0.001854,0.001616,0.002091,0.003091,0.004372,0.005771,0.006543,0.006502,0.006249,0.005547,0.003891,0.001836,0.000533,0.000097,0.576000,3,3,3,3,3,3,3,3,3,3,3,3,3,3,3,3,3,3,3,3,3,3,3,50.611667,3.141667,60.000000,lev15,Almucantar
Lille,21:08:2020,12:00:00,234,234.000000,0.000107,0.000610,0.001863,0.003192,0.003483,0.002862,0.002109,0.001712,0.001744,0.002068,0.002471,0.002827,0.003224,0.003859,0.004814,0.005990,0.006886,0.006531,0.004487,0.002007,0.000551,0.000091,0.439000,2,2,2,2,2,2,2,2,2,2,2,2,2,2,2,2,2,2,2,2,2,2,2,50.611667,3.141667,60.000000,lev15,Almucantar
Lille,22:08:2020,12:00:00,235,235.000000,0.000197,0.000658,0.001766,0.003759,0.006043,0.006802,0.005350,0.003793,0.003721,0.006140,0.012725,0.020700,0.024928,0.028188,0.035577,0.038963,0.032620,0.020321,0.009648,0.003553,0.001019,0.000228,0.439000,1,1,1,1,1,1,1,1,1,1,1,1,1,1,1,1,1,1,1,1,1,1,1,50.611667,3.141667,60.000000,lev15,Almucantar
Lille,02:09:2020,12:00:00,246,246.000000,0.000097,0.000408,0.001278,0.003006,0.005377,0.007377,0.007526,0.005509,0.003408,0.002408,0.002335,0.002985,0.004359,0.006686,0.009835,0.012510,0.013029,0.010588,0.006248,0.002490,0.000641,0.000105,0.756000,1,1,1,1,1,1,1,1,1,1,1,1,1,1,1,1,1,1,1,1,1,1,1,50.611667,3.141667,60.000000,lev15,Almucantar
Lille,05:09:2020,12:00:00,249,249.000000,0.000324,0.001153,0.002798,0.004723,0.005852,0.005797,0.005102,0.004560,0.005069,0.008107,0.016273,0.028561,0.033423,0.029505,0.029651,0.032183,0.032247,0.025621,0.014720,0.005837,0.001567,0.000283,0.439000,1,1,1,1,1,1,1,1,1,1,1,1,1,1,1,1,1,1,1,1,1,1,1,50.611667,3.141667,60.000000,lev15,Almucantar
Lille,06:09:2020,12:00:00,250,250.000000,0.000467,0.002347,0.005092,0.005469,0.004082,0.003145,0.002965,0.003148,0.003566,0.004614,0.006418,0.008183,0.009144,0.009660,0.010323,0.012006,0.013646,0.012451,0.007823,0.003135,0.000779,0.000119,0.439000,1,1,1,1,1,1,1,1,1,1,1,1,1,1,1,1,1,1,1,1,1,1,1,50.611667,3.141667,60.000000,lev15,Almucantar
Lille,07:09:2020,12:00:00,251,251.000000,0.000321,0.002157,0.005761,0.006924,0.005607,0.004250,0.003202,0.002774,0.003475,0.006086,0.010741,0.015115,0.017451,0.019290,0.023181,0.026842,0.025587,0.018337,0.009515,0.003507,0.000910,0.000166,0.439000,2,2,2,2,2,2,2,2,2,2,2,2,2,2,2,2,2,2,2,2,2,2,2,50.611667,3.141667,60.000000,lev15,Almucantar
Lille,09:09:2020,12:00:00,253,253.000000,0.000122,0.000782,0.002543,0.004504,0.005404,0.004981,0.003299,0.001892,0.001580,0.002272,0.004033,0.006339,0.007814,0.007676,0.006950,0.006532,0.006327,0.005526,0.003716,0.001738,0.000545,0.000115,0.439000,2,2,2,2,2,2,2,2,2,2,2,2,2,2,2,2,2,2,2,2,2,2,2,50.611667,3.141667,60.000000,lev15,Almucantar
Lille,10:09:2020,12:00:00,254,254.000000,0.000146,0.000876,0.003395,0.008361,0.013084,0.013705,0.011026,0.007768,0.005200,0.003875,0.003984,0.005833,0.009641,0.013080,0.013146,0.010579,0.007438,0.004910,0.002906,0.001400,0.000521,0.000157,0.590333,3,3,3,3,3,3,3,3,3,3,3,3,3,3,3,3,3,3,3,3,3,3,3,50.611667,3.141667,60.000000,lev15,Almucantar
Lille,11:09:2020,12:00:00,255,255.000000,0.000670,0.001879,0.006201,0.018704,0.047339,0.080300,0.058771,0.021554,0.008308,0.005627,0.006761,0.010212,0.014186,0.016930,0.019138,0.023213,0.028863,0.030598,0.022391,0.010045,0.002783,0.000550,0.621000,4,4,4,4,4,4,4,4,4,4,4,4,4,4,4,4,4,4,4,4,4,4,4,50.611667,3.141667,60.000000,lev15,Almucantar
Lille,13:09:2020,12:00:00,257,257.000000,0.000148,0.000779,0.002963,0.007826,0.014726,0.017782,0.011217,0.004496,0.002070,0.001668,0.002144,0.003102,0.004073,0.004643,0.004968,0.005319,0.005554,0.005417,0.004386,0.002459,0.000854,0.000189,0.576000,8,8,8,8,8,8,8,8,8,8,8,8,8,8,8,8,8,8,8,8,8,8,8,50.611667,3.141667,60.000000,lev15,Almucantar
Lille,14:09:2020,12:00:00,258,258.000000,0.000249,0.001146,0.004015,0.009411,0.017460,0.024967,0.018259,0.006469,0.002297,0.001503,0.001945,0.003461,0.005554,0.006904,0.008176,0.010322,0.013197,0.014658,0.011656,0.005496,0.001423,0.000243,0.598500,8,8,8,8,8,8,8,8,8,8,8,8,8,8,8,8,8,8,8,8,8,8,8,50.611667,3.141667,60.000000,lev15,Almucantar
Lille,15:09:2020,12:00:00,259,259.000000,0.000253,0.002612,0.013783,0.030734,0.036527,0.027806,0.014043,0.005825,0.002787,0.002119,0.002959,0.006020,0.011452,0.016100,0.020382,0.026492,0.032623,0.031764,0.020981,0.008387,0.001913,0.000264,0.583167,6,6,6,6,6,6,6,6,6,6,6,6,6,6,6,6,6,6,6,6,6,6,6,50.611667,3.141667,60.000000,lev15,Almucantar
Lille,16:09:2020,12:00:00,260,260.000000,0.000335,0.003446,0.017600,0.039974,0.050241,0.047084,0.034608,0.018351,0.008472,0.005169,0.005263,0.007890,0.013080,0.020077,0.027034,0.034343,0.039361,0.034018,0.019342,0.007192,0.001842,0.000354,0.648000,5,5,5,5,5,5,5,5,5,5,5,5,5,5,5,5,5,5,5,5,5,5,5,50.611667,3.141667,60.000000,lev15,Almucantar
Lille,17:09:2020,12:00:00,261,261.000000,0.000361,0.000311,0.000439,0.000945,0.002841,0.009728,0.024227,0.024410,0.012327,0.007642,0.007180,0.008021,0.009918,0.012779,0.015259,0.018378,0.022231,0.023990,0.019101,0.009555,0.002687,0.000416,0.782545,11,11,11,11,11,11,11,11,11,11,11,11,11,11,11,11,11,11,11,11,11,11,11,50.611667,3.141667,60.000000,lev15,Almucantar
Lille,18:09:2020,12:00:00,262,262.000000,0.000276,0.000819,0.002047,0.004208,0.007923,0.014655,0.021657,0.015683,0.006709,0.003225,0.002479,0.002970,0.004466,0.006841,0.009484,0.011788,0.013080,0.012289,0.008880,0.004465,0.001461,0.000308,0.782222,9,9,9,9,9,9,9,9,9,9,9,9,9,9,9,9,9,9,9,9,9,9,9,50.611667,3.141667,60.000000,lev15,Almucantar
Lille,19:09:2020,12:00:00,263,263.000000,0.000415,0.001324,0.003865,0.009944,0.021017,0.030874,0.024784,0.011735,0.005854,0.004794,0.006382,0.010203,0.014217,0.015826,0.016355,0.018561,0.022554,0.023860,0.017523,0.007731,0.001940,0.000289,0.606000,6,6,6,6,6,6,6,6,6,6,6,6,6,6,6,6,6,6,6,6,6,6,6,50.611667,3.141667,60.000000,lev15,Almucantar
Lille,21:09:2020,12:00:00,265,265.000000,0.000365,0.001718,0.005105,0.009506,0.012721,0.015419,0.016485,0.010580,0.004902,0.002718,0.002338,0.003019,0.004659,0.007094,0.009937,0.012787,0.015326,0.015871,0.011540,0.005152,0.001398,0.000247,0.738000,10,10,10,10,10,10,10,10,10,10,10,10,10,10,10,10,10,10,10,10,10,10,10,50.611667,3.141667,60.000000,lev15,Almucantar
Lille,22:09:2020,12:00:00,266,266.000000,0.000296,0.001448,0.004702,0.010306,0.015813,0.018328,0.016459,0.010802,0.005738,0.003339,0.002919,0.003903,0.006089,0.008553,0.010480,0.012148,0.013944,0.013672,0.008995,0.003833,0.001156,0.000264,0.678857,7,7,7,7,7,7,7,7,7,7,7,7,7,7,7,7,7,7,7,7,7,7,7,50.611667,3.141667,60.000000,lev15,Almucantar
Lille,24:09:2020,12:00:00,268,268.000000,0.000119,0.000347,0.000862,0.001852,0.003481,0.005696,0.007234,0.005978,0.003980,0.003498,0.004298,0.005004,0.005143,0.006839,0.010296,0.012396,0.011817,0.009076,0.005329,0.002241,0.000650,0.000128,0.576000,1,1,1,1,1,1,1,1,1,1,1,1,1,1,1,1,1,1,1,1,1,1,1,50.611667,3.141667,60.000000,lev15,Almucantar
Lille,01:10:2020,12:00:00,275,275.000000,0.000129,0.000631,0.001946,0.003861,0.005188,0.005221,0.004495,0.003736,0.003247,0.003072,0.003314,0.004255,0.005961,0.007814,0.009230,0.009819,0.008947,0.006549,0.003694,0.001565,0.000492,0.000114,0.576000,1,1,1,1,1,1,1,1,1,1,1,1,1,1,1,1,1,1,1,1,1,1,1,50.611667,3.141667,60.000000,lev15,Almucantar
Lille,10:10:2020,12:00:00,284,284.000000,0.000115,0.000261,0.000524,0.000895,0.001473,0.002451,0.003466,0.003797,0.003871,0.004030,0.004470,0.005087,0.006164,0.009225,0.012860,0.013492,0.010956,0.007779,0.004857,0.002293,0.000712,0.000142,0.623333,3,3,3,3,3,3,3,3,3,3,3,3,3,3,3,3,3,3,3,3,3,3,3,50.611667,3.141667,60.000000,lev15,Almucantar
Lille,12:10:2020,12:00:00,286,286.000000,0.000222,0.001702,0.005521,0.007975,0.006098,0.003451,0.002164,0.001970,0.002606,0.004109,0.006103,0.007757,0.009422,0.012343,0.016971,0.022120,0.023776,0.018894,0.010386,0.003811,0.000916,0.000143,0.439000,1,1,1,1,1,1,1,1,1,1,1,1,1,1,1,1,1,1,1,1,1,1,1,50.611667,3.141667,60.000000,lev15,Almucantar
Lille,17:10:2020,12:00:00,291,291.000000,0.000265,0.001335,0.005232,0.015707,0.034361,0.049898,0.043812,0.024244,0.010558,0.004918,0.003312,0.003604,0.005362,0.008039,0.009955,0.009775,0.007695,0.005063,0.002903,0.001493,0.000700,0.000300,0.756000,1,1,1,1,1,1,1,1,1,1,1,1,1,1,1,1,1,1,1,1,1,1,1,50.611667,3.141667,60.000000,lev15,Almucantar
Lille,19:10:2020,12:00:00,293,293.000000,0.000189,0.000728,0.002382,0.006533,0.014397,0.023040,0.020338,0.007872,0.002787,0.001870,0.002337,0.003348,0.004174,0.004575,0.004947,0.005366,0.005568,0.005051,0.003628,0.001934,0.000743,0.000203,0.576000,1,1,1,1,1,1,1,1,1,1,1,1,1,1,1,1,1,1,1,1,1,1,1,50.611667,3.141667,60.000000,lev15,Almucantar
Lille,22:10:2020,12:00:00,296,296.000000,0.000073,0.000447,0.001756,0.004436,0.007111,0.007247,0.005040,0.002932,0.001891,0.001662,0.002109,0.003519,0.005951,0.007170,0.005960,0.003935,0.002324,0.001292,0.000687,0.000349,0.000169,0.000078,0.576000,1,1,1,1,1,1,1,1,1,1,1,1,1,1,1,1,1,1,1,1,1,1,1,50.611667,3.141667,60.000000,lev15,Almucantar
Lille,03:11:2020,12:00:00,308,308.000000,0.000321,0.001682,0.004195,0.005205,0.003762,0.002235,0.001674,0.002086,0.004039,0.008401,0.013134,0.014737,0.016885,0.022362,0.026514,0.026303,0.024842,0.022154,0.015740,0.007365,0.002013,0.000308,0.439000,1,1,1,1,1,1,1,1,1,1,1,1,1,1,1,1,1,1,1,1,1,1,1,50.611667,3.141667,60.000000,lev15,Almucantar
Lille,04:11:2020,12:00:00,309,309.000000,0.000596,0.002690,0.007084,0.009560,0.008332,0.006300,0.005049,0.004706,0.005043,0.006598,0.009682,0.012237,0.014348,0.017389,0.018229,0.017697,0.016976,0.016276,0.013450,0.007706,0.002417,0.000366,0.439000,4,4,4,4,4,4,4,4,4,4,4,4,4,4,4,4,4,4,4,4,4,4,4,50.611667,3.141667,60.000000,lev15,Almucantar
Lille,05:11:2020,12:00:00,310,310.000000,0.000254,0.000972,0.002149,0.003210,0.004263,0.005651,0.006853,0.006505,0.004950,0.004025,0.004197,0.005074,0.005941,0.006394,0.006239,0.005528,0.004549,0.003442,0.002267,0.001212,0.000499,0.000155,0.705333,6,6,6,6,6,6,6,6,6,6,6,6,6,6,6,6,6,6,6,6,6,6,6,50.611667,3.141667,60.000000,lev15,Almucantar
Lille,06:11:2020,12:00:00,311,311.000000,0.000148,0.000713,0.001843,0.002749,0.003144,0.003581,0.003949,0.003477,0.002285,0.001420,0.001243,0.001689,0.002715,0.003866,0.004516,0.004867,0.005544,0.006387,0.005740,0.003050,0.000811,0.000106,0.711000,4,4,4,4,4,4,4,4,4,4,4,4,4,4,4,4,4,4,4,4,4,4,4,50.611667,3.141667,60.000000,lev15,Almucantar
Lille,12:11:2020,12:00:00,317,317.000000,0.000295,0.000497,0.000814,0.001285,0.001910,0.002611,0.003324,0.004289,0.006311,0.011085,0.020370,0.030902,0.036490,0.041639,0.051234,0.061265,0.064089,0.054110,0.032694,0.012469,0.002777,0.000363,0.439000,2,2,2,2,2,2,2,2,2,2,2,2,2,2,2,2,2,2,2,2,2,2,2,50.611667,3.141667,60.000000,lev15,Almucantar
Lille,14:11:2020,12:00:00,319,319.000000,0.000182,0.000947,0.003140,0.006712,0.009608,0.009934,0.008367,0.006642,0.005641,0.005481,0.006048,0.007134,0.008372,0.009250,0.009317,0.008402,0.006687,0.004618,0.002711,0.001324,0.000529,0.000172,0.576000,1,1,1,1,1,1,1,1,1,1,1,1,1,1,1,1,1,1,1,1,1,1,1,50.611667,3.141667,60.000000,lev15,Almucantar
