AERONET Data Download (Version 3 Direct Sun and Inversion Algorithms)
AERONET Version 3
Lucinda
Version 3: Almucantar Level 1.5 Inversion
The following data are cloud cleared and quality controls have been applied but these data may not have final calibration applied.  These data may change.
Daily Averages,Contact: PI=Thomas_Schroeder; PI Email=Thomas.Schroeder@csiro.au 
AERONET_AERONET_Site,Date(dd:mm:yyyy),Time(hh:mm:ss),Day_of_Year,Day_of_Year(fraction),AOD_Extinction-Total[443nm],AOD_Extinction-Total[667nm],AOD_Extinction-Total[870nm],AOD_Extinction-Total[1020nm],AOD_Extinction-Fine[443nm],AOD_Extinction-Fine[667nm],AOD_Extinction-Fine[870nm],AOD_Extinction-Fine[1020nm],AOD_Extinction-Coarse[443nm],AOD_Extinction-Coarse[667nm],AOD_Extinction-Coarse[870nm],AOD_Extinction-Coarse[1020nm],Extinction_Angstrom_Exponent_440-870nm-Total,N[AOD_Extinction-Total[443nm]],N[AOD_Extinction-Total[667nm]],N[AOD_Extinction-Total[870nm]],N[AOD_Extinction-Total[1020nm]],N[AOD_Extinction-Fine[443nm]],N[AOD_Extinction-Fine[667nm]],N[AOD_Extinction-Fine[870nm]],N[AOD_Extinction-Fine[1020nm]],N[AOD_Extinction-Coarse[443nm]],N[AOD_Extinction-Coarse[667nm]],N[AOD_Extinction-Coarse[870nm]],N[AOD_Extinction-Coarse[1020nm]],N[Extinction_Angstrom_Exponent_440-870nm-Total],Latitude(Degrees),Longitude(Degrees),Elevation(m),Level,Retrieval_Measurement_Scan_Type
Lucinda,01:01:2020,12:00:00,1,1.000000,0.121050,0.076433,0.060783,0.055317,0.084883,0.037183,0.019133,0.012617,0.036167,0.039267,0.041650,0.042700,1.020447,6,6,6,6,6,6,6,6,6,6,6,6,6,-18.519800,146.386100,8.000000,lev15,Almucantar
Lucinda,02:01:2020,12:00:00,2,2.000000,0.054400,0.037200,0.030300,0.027767,0.037700,0.018733,0.010400,0.007333,0.016733,0.018500,0.019933,0.020500,0.866442,3,3,3,3,3,3,3,3,3,3,3,3,3,-18.519800,146.386100,8.000000,lev15,Almucantar
Lucinda,05:01:2020,12:00:00,5,5.000000,0.188217,0.121283,0.093550,0.083617,0.135233,0.063800,0.032867,0.021883,0.052983,0.057500,0.060667,0.061767,1.022597,6,6,6,6,6,6,6,6,6,6,6,6,6,-18.519800,146.386100,8.000000,lev15,Almucantar
Lucinda,06:01:2020,12:00:00,6,6.000000,0.092500,0.059950,0.047550,0.043500,0.064700,0.029550,0.014950,0.009900,0.027800,0.030350,0.032600,0.033600,0.997152,2,2,2,2,2,2,2,2,2,2,2,2,2,-18.519800,146.386100,8.000000,lev15,Almucantar
Lucinda,09:01:2020,12:00:00,9,9.000000,0.149450,0.104500,0.080450,0.070550,0.109150,0.060600,0.034300,0.023700,0.040300,0.043900,0.046150,0.046850,0.897029,2,2,2,2,2,2,2,2,2,2,2,2,2,-18.519800,146.386100,8.000000,lev15,Almucantar
Lucinda,10:01:2020,12:00:00,10,10.000000,0.268500,0.186000,0.146800,0.130400,0.198100,0.108400,0.064400,0.046400,0.070500,0.077600,0.082400,0.084100,0.889082,1,1,1,1,1,1,1,1,1,1,1,1,1,-18.519800,146.386100,8.000000,lev15,Almucantar
Lucinda,11:01:2020,12:00:00,11,11.000000,0.158100,0.108100,0.083800,0.073900,0.115700,0.060700,0.033200,0.022400,0.042500,0.047400,0.050700,0.051500,0.933573,1,1,1,1,1,1,1,1,1,1,1,1,1,-18.519800,146.386100,8.000000,lev15,Almucantar
Lucinda,12:01:2020,12:00:00,12,12.000000,0.381157,0.265700,0.212071,0.191429,0.260586,0.136029,0.075414,0.051786,0.120614,0.129657,0.136657,0.139700,0.865966,7,7,7,7,7,7,7,7,7,7,7,7,7,-18.519800,146.386100,8.000000,lev15,Almucantar
Lucinda,13:01:2020,12:00:00,13,13.000000,0.311033,0.235767,0.203233,0.190367,0.186933,0.101167,0.060000,0.043367,0.124167,0.134600,0.143233,0.147033,0.637935,3,3,3,3,3,3,3,3,3,3,3,3,3,-18.519800,146.386100,8.000000,lev15,Almucantar
Lucinda,14:01:2020,12:00:00,14,14.000000,0.114500,0.091100,0.080600,0.076500,0.064300,0.036500,0.022200,0.016300,0.050200,0.054600,0.058500,0.060200,0.520055,1,1,1,1,1,1,1,1,1,1,1,1,1,-18.519800,146.386100,8.000000,lev15,Almucantar
Lucinda,15:01:2020,12:00:00,15,15.000000,0.116140,0.084320,0.071720,0.067500,0.070700,0.034120,0.018120,0.012720,0.045460,0.050240,0.053620,0.054800,0.712441,5,5,5,5,5,5,5,5,5,5,5,5,5,-18.519800,146.386100,8.000000,lev15,Almucantar
Lucinda,16:01:2020,12:00:00,16,16.000000,0.209675,0.138850,0.113025,0.103650,0.140475,0.063450,0.033250,0.022125,0.069225,0.075425,0.079775,0.081525,0.903765,4,4,4,4,4,4,4,4,4,4,4,4,4,-18.519800,146.386100,8.000000,lev15,Almucantar
Lucinda,17:01:2020,12:00:00,17,17.000000,0.233300,0.195133,0.183100,0.178933,0.096133,0.047150,0.026650,0.018850,0.137167,0.148050,0.156450,0.160100,0.382208,6,6,6,6,6,6,6,6,6,6,6,6,6,-18.519800,146.386100,8.000000,lev15,Almucantar
Lucinda,18:01:2020,12:00:00,18,18.000000,0.256357,0.213243,0.197943,0.192471,0.114229,0.059143,0.034157,0.024386,0.142157,0.154100,0.163786,0.168086,0.387193,7,7,7,7,7,7,7,7,7,7,7,7,7,-18.519800,146.386100,8.000000,lev15,Almucantar
Lucinda,19:01:2020,12:00:00,19,19.000000,0.176725,0.138425,0.123100,0.117100,0.095325,0.050325,0.029800,0.021425,0.081425,0.088100,0.093325,0.095675,0.538011,4,4,4,4,4,4,4,4,4,4,4,4,4,-18.519800,146.386100,8.000000,lev15,Almucantar
Lucinda,07:08:2020,12:00:00,220,220.000000,0.124000,0.091000,0.075600,0.067600,0.090700,0.055450,0.038500,0.029800,0.033300,0.035500,0.037100,0.037800,0.730806,2,2,2,2,2,2,2,2,2,2,2,2,2,-18.519800,146.386100,8.000000,lev15,Almucantar
Lucinda,10:08:2020,12:00:00,223,223.000000,0.061333,0.036033,0.026433,0.022400,0.049267,0.022833,0.012500,0.008233,0.012133,0.013233,0.013933,0.014167,1.246259,3,3,3,3,3,3,3,3,3,3,3,3,3,-18.519800,146.386100,8.000000,lev15,Almucantar
Lucinda,11:08:2020,12:00:00,224,224.000000,0.041922,0.026300,0.019767,0.017256,0.033411,0.017144,0.010178,0.007544,0.008500,0.009156,0.009589,0.009722,1.108689,9,9,9,9,9,9,9,9,9,9,9,9,9,-18.519800,146.386100,8.000000,lev15,Almucantar
Lucinda,12:08:2020,12:00:00,225,225.000000,0.067980,0.039330,0.029410,0.025730,0.052030,0.022010,0.011320,0.007440,0.015950,0.017300,0.018060,0.018310,1.220022,10,10,10,10,10,10,10,10,10,10,10,10,10,-18.519800,146.386100,8.000000,lev15,Almucantar
Lucinda,13:08:2020,12:00:00,226,226.000000,0.069538,0.044200,0.034975,0.031512,0.048863,0.021813,0.011487,0.007713,0.020700,0.022438,0.023500,0.023800,1.027749,8,8,8,8,8,8,8,8,8,8,8,8,8,-18.519800,146.386100,8.000000,lev15,Almucantar
Lucinda,14:08:2020,12:00:00,227,227.000000,0.067000,0.040562,0.031200,0.027787,0.050363,0.022563,0.012225,0.008425,0.016650,0.018013,0.018975,0.019338,1.141522,8,8,8,8,8,8,8,8,8,8,8,8,8,-18.519800,146.386100,8.000000,lev15,Almucantar
Lucinda,15:08:2020,12:00:00,228,228.000000,0.071000,0.042433,0.033367,0.030133,0.050900,0.020333,0.010300,0.006833,0.020100,0.022067,0.023067,0.023300,1.125270,3,3,3,3,3,3,3,3,3,3,3,3,3,-18.519800,146.386100,8.000000,lev15,Almucantar
Lucinda,16:08:2020,12:00:00,229,229.000000,0.109462,0.072600,0.059850,0.055087,0.073200,0.032800,0.017875,0.012425,0.036262,0.039775,0.041987,0.042675,0.913451,8,8,8,8,8,8,8,8,8,8,8,8,8,-18.519800,146.386100,8.000000,lev15,Almucantar
Lucinda,17:08:2020,12:00:00,230,230.000000,0.057929,0.035986,0.026386,0.023114,0.050400,0.028029,0.018043,0.014643,0.007500,0.007971,0.008357,0.008486,1.154443,7,7,7,7,7,7,7,7,7,7,7,7,7,-18.519800,146.386100,8.000000,lev15,Almucantar
Lucinda,18:08:2020,12:00:00,231,231.000000,0.044433,0.026767,0.019167,0.016300,0.039533,0.021467,0.013533,0.010633,0.004933,0.005333,0.005600,0.005667,1.226591,3,3,3,3,3,3,3,3,3,3,3,3,3,-18.519800,146.386100,8.000000,lev15,Almucantar
Lucinda,19:08:2020,12:00:00,232,232.000000,0.039437,0.022388,0.015912,0.013350,0.033575,0.016125,0.009262,0.006525,0.005862,0.006238,0.006638,0.006837,1.338501,8,8,8,8,8,8,8,8,8,8,8,8,8,-18.519800,146.386100,8.000000,lev15,Almucantar
Lucinda,20:08:2020,12:00:00,233,233.000000,0.048412,0.027113,0.019213,0.016287,0.040525,0.018575,0.010150,0.007000,0.007888,0.008525,0.009050,0.009275,1.364051,8,8,8,8,8,8,8,8,8,8,8,8,8,-18.519800,146.386100,8.000000,lev15,Almucantar
Lucinda,21:08:2020,12:00:00,234,234.000000,0.073362,0.041412,0.030138,0.025950,0.059413,0.026375,0.014300,0.009775,0.013975,0.015037,0.015825,0.016150,1.287259,8,8,8,8,8,8,8,8,8,8,8,8,8,-18.519800,146.386100,8.000000,lev15,Almucantar
Lucinda,22:08:2020,12:00:00,235,235.000000,0.071911,0.044400,0.034167,0.030867,0.057767,0.028944,0.017733,0.014211,0.014156,0.015456,0.016456,0.016633,1.099885,9,9,9,9,9,9,9,9,9,9,9,9,9,-18.519800,146.386100,8.000000,lev15,Almucantar
Lucinda,23:08:2020,12:00:00,236,236.000000,0.081791,0.048600,0.036573,0.032273,0.067027,0.032600,0.019582,0.014945,0.014755,0.015982,0.017000,0.017345,1.188288,11,11,11,11,11,11,11,11,11,11,11,11,11,-18.519800,146.386100,8.000000,lev15,Almucantar
Lucinda,24:08:2020,12:00:00,237,237.000000,0.055700,0.034100,0.026000,0.026400,0.046400,0.023900,0.015300,0.015900,0.009200,0.010100,0.010700,0.010400,1.128447,1,1,1,1,1,1,1,1,1,1,1,1,1,-18.519800,146.386100,8.000000,lev15,Almucantar
Lucinda,25:08:2020,12:00:00,238,238.000000,0.084633,0.057167,0.047211,0.043711,0.058200,0.028578,0.016878,0.012800,0.026456,0.028578,0.030344,0.030911,0.877359,9,9,9,9,9,9,9,9,9,9,9,9,9,-18.519800,146.386100,8.000000,lev15,Almucantar
Lucinda,29:08:2020,12:00:00,242,242.000000,0.080125,0.068275,0.063875,0.061975,0.032475,0.015975,0.009025,0.006375,0.047675,0.052325,0.054825,0.055600,0.339032,4,4,4,4,4,4,4,4,4,4,4,4,4,-18.519800,146.386100,8.000000,lev15,Almucantar
Lucinda,02:09:2020,12:00:00,246,246.000000,0.102700,0.056700,0.041550,0.036200,0.083450,0.035550,0.018900,0.012850,0.019300,0.021150,0.022650,0.023350,1.343207,2,2,2,2,2,2,2,2,2,2,2,2,2,-18.519800,146.386100,8.000000,lev15,Almucantar
Lucinda,07:09:2020,12:00:00,251,251.000000,0.144750,0.110650,0.093000,0.085450,0.097850,0.060650,0.039950,0.031100,0.046950,0.050100,0.053050,0.054350,0.652156,2,2,2,2,2,2,2,2,2,2,2,2,2,-18.519800,146.386100,8.000000,lev15,Almucantar
Lucinda,08:09:2020,12:00:00,252,252.000000,0.168000,0.134600,0.124900,0.121000,0.075450,0.033850,0.018800,0.013200,0.092450,0.100750,0.106100,0.107850,0.445580,2,2,2,2,2,2,2,2,2,2,2,2,2,-18.519800,146.386100,8.000000,lev15,Almucantar
Lucinda,09:09:2020,12:00:00,253,253.000000,0.064400,0.044100,0.036900,0.034200,0.043500,0.021100,0.012300,0.008700,0.020900,0.022900,0.024700,0.025500,0.829118,1,1,1,1,1,1,1,1,1,1,1,1,1,-18.519800,146.386100,8.000000,lev15,Almucantar
Lucinda,11:09:2020,12:00:00,255,255.000000,0.067533,0.046656,0.039244,0.036456,0.043622,0.020422,0.011522,0.008178,0.023911,0.026233,0.027744,0.028278,0.807541,9,9,9,9,9,9,9,9,9,9,9,9,9,-18.519800,146.386100,8.000000,lev15,Almucantar
Lucinda,12:09:2020,12:00:00,256,256.000000,0.090729,0.064514,0.054543,0.051157,0.054543,0.024986,0.012943,0.008986,0.036186,0.039529,0.041629,0.042171,0.768462,7,7,7,7,7,7,7,7,7,7,7,7,7,-18.519800,146.386100,8.000000,lev15,Almucantar
Lucinda,13:09:2020,12:00:00,257,257.000000,0.065780,0.045220,0.036520,0.033480,0.044260,0.021640,0.011640,0.008220,0.021520,0.023580,0.024900,0.025240,0.871804,5,5,5,5,5,5,5,5,5,5,5,5,5,-18.519800,146.386100,8.000000,lev15,Almucantar
Lucinda,15:09:2020,12:00:00,259,259.000000,0.108950,0.092650,0.087950,0.086400,0.041850,0.018850,0.010150,0.007100,0.067100,0.073800,0.077850,0.079250,0.321962,2,2,2,2,2,2,2,2,2,2,2,2,2,-18.519800,146.386100,8.000000,lev15,Almucantar
Lucinda,21:09:2020,12:00:00,265,265.000000,0.131300,0.101633,0.086400,0.078833,0.089667,0.056933,0.038967,0.030100,0.041633,0.044733,0.047400,0.048700,0.618276,3,3,3,3,3,3,3,3,3,3,3,3,3,-18.519800,146.386100,8.000000,lev15,Almucantar
Lucinda,22:09:2020,12:00:00,266,266.000000,0.196700,0.164300,0.151700,0.145700,0.094200,0.048200,0.028200,0.020400,0.102500,0.116100,0.123500,0.125300,0.387472,1,1,1,1,1,1,1,1,1,1,1,1,1,-18.519800,146.386100,8.000000,lev15,Almucantar
Lucinda,23:09:2020,12:00:00,267,267.000000,0.130933,0.099700,0.085233,0.079750,0.078117,0.041233,0.023200,0.016833,0.052850,0.058517,0.062017,0.062917,0.653162,6,6,6,6,6,6,6,6,6,6,6,6,6,-18.519800,146.386100,8.000000,lev15,Almucantar
Lucinda,25:09:2020,12:00:00,269,269.000000,0.122250,0.081100,0.065317,0.059333,0.087667,0.043483,0.025150,0.018100,0.034567,0.037633,0.040167,0.041217,0.963972,6,6,6,6,6,6,6,6,6,6,6,6,6,-18.519800,146.386100,8.000000,lev15,Almucantar
Lucinda,26:09:2020,12:00:00,270,270.000000,0.138937,0.086700,0.066200,0.059012,0.103737,0.048262,0.025150,0.016938,0.035200,0.038437,0.041050,0.042062,1.114226,8,8,8,8,8,8,8,8,8,8,8,8,8,-18.519800,146.386100,8.000000,lev15,Almucantar
Lucinda,27:09:2020,12:00:00,271,271.000000,0.114733,0.074056,0.058067,0.052122,0.084111,0.040800,0.022822,0.016011,0.030600,0.033256,0.035233,0.036111,1.011205,9,9,9,9,9,9,9,9,9,9,9,9,9,-18.519800,146.386100,8.000000,lev15,Almucantar
Lucinda,28:09:2020,12:00:00,272,272.000000,0.134375,0.094675,0.082275,0.077950,0.077975,0.033425,0.017700,0.012225,0.056400,0.061225,0.064575,0.065775,0.733559,4,4,4,4,4,4,4,4,4,4,4,4,4,-18.519800,146.386100,8.000000,lev15,Almucantar
Lucinda,29:09:2020,12:00:00,273,273.000000,0.150800,0.119600,0.110000,0.106200,0.072500,0.034800,0.020400,0.014700,0.078300,0.084800,0.089600,0.091400,0.473380,1,1,1,1,1,1,1,1,1,1,1,1,1,-18.519800,146.386100,8.000000,lev15,Almucantar
Lucinda,01:10:2020,12:00:00,275,275.000000,0.144067,0.107267,0.094467,0.089767,0.076033,0.032533,0.016400,0.011033,0.068033,0.074733,0.078067,0.078733,0.631205,3,3,3,3,3,3,3,3,3,3,3,3,3,-18.519800,146.386100,8.000000,lev15,Almucantar
Lucinda,02:10:2020,12:00:00,276,276.000000,0.126433,0.097800,0.087933,0.084033,0.064633,0.030200,0.016800,0.011867,0.061800,0.067633,0.071100,0.072167,0.548133,3,3,3,3,3,3,3,3,3,3,3,3,3,-18.519800,146.386100,8.000000,lev15,Almucantar
Lucinda,03:10:2020,12:00:00,277,277.000000,0.180100,0.158100,0.150000,0.147200,0.065100,0.032800,0.018700,0.013100,0.115000,0.125300,0.131300,0.134100,0.273539,1,1,1,1,1,1,1,1,1,1,1,1,1,-18.519800,146.386100,8.000000,lev15,Almucantar
Lucinda,04:10:2020,12:00:00,278,278.000000,0.154600,0.129433,0.116733,0.110900,0.072867,0.037833,0.020200,0.014000,0.081733,0.091600,0.096567,0.096900,0.415461,3,3,3,3,3,3,3,3,3,3,3,3,3,-18.519800,146.386100,8.000000,lev15,Almucantar
Lucinda,06:10:2020,12:00:00,280,280.000000,0.104400,0.080700,0.073200,0.070600,0.050900,0.021500,0.011000,0.007500,0.053500,0.059100,0.062300,0.063100,0.532018,1,1,1,1,1,1,1,1,1,1,1,1,1,-18.519800,146.386100,8.000000,lev15,Almucantar
Lucinda,07:10:2020,12:00:00,281,281.000000,0.088580,0.068700,0.059460,0.055780,0.050640,0.026960,0.015100,0.010700,0.037940,0.041780,0.044360,0.045080,0.592730,5,5,5,5,5,5,5,5,5,5,5,5,5,-18.519800,146.386100,8.000000,lev15,Almucantar
Lucinda,08:10:2020,12:00:00,282,282.000000,0.096600,0.074350,0.063875,0.060250,0.052225,0.025925,0.013125,0.009025,0.044425,0.048450,0.050725,0.051200,0.613692,4,4,4,4,4,4,4,4,4,4,4,4,4,-18.519800,146.386100,8.000000,lev15,Almucantar
Lucinda,09:10:2020,12:00:00,283,283.000000,0.081133,0.054417,0.043050,0.039183,0.056850,0.027850,0.014767,0.010450,0.024300,0.026550,0.028267,0.028800,0.954016,6,6,6,6,6,6,6,6,6,6,6,6,6,-18.519800,146.386100,8.000000,lev15,Almucantar
Lucinda,10:10:2020,12:00:00,284,284.000000,0.103950,0.073050,0.062600,0.058500,0.064400,0.030100,0.017300,0.012300,0.039550,0.042950,0.045350,0.046150,0.759111,2,2,2,2,2,2,2,2,2,2,2,2,2,-18.519800,146.386100,8.000000,lev15,Almucantar
Lucinda,11:10:2020,12:00:00,285,285.000000,0.089150,0.066450,0.059200,0.056650,0.048250,0.021750,0.011800,0.008350,0.040850,0.044700,0.047400,0.048300,0.616220,2,2,2,2,2,2,2,2,2,2,2,2,2,-18.519800,146.386100,8.000000,lev15,Almucantar
Lucinda,12:10:2020,12:00:00,286,286.000000,0.117600,0.087000,0.071700,0.066900,0.074700,0.040200,0.021400,0.015700,0.042900,0.046800,0.050300,0.051300,0.729162,1,1,1,1,1,1,1,1,1,1,1,1,1,-18.519800,146.386100,8.000000,lev15,Almucantar
Lucinda,13:10:2020,12:00:00,287,287.000000,0.154000,0.116500,0.102100,0.096600,0.082900,0.037300,0.019400,0.013600,0.071100,0.079200,0.082600,0.083000,0.611815,1,1,1,1,1,1,1,1,1,1,1,1,1,-18.519800,146.386100,8.000000,lev15,Almucantar
Lucinda,14:10:2020,12:00:00,288,288.000000,0.172667,0.130800,0.115133,0.109767,0.090200,0.039833,0.019833,0.013433,0.082500,0.091000,0.095333,0.096300,0.597993,3,3,3,3,3,3,3,3,3,3,3,3,3,-18.519800,146.386100,8.000000,lev15,Almucantar
Lucinda,15:10:2020,12:00:00,289,289.000000,0.151000,0.125200,0.114667,0.110533,0.066100,0.030333,0.015333,0.010500,0.084933,0.094900,0.099367,0.100000,0.409298,3,3,3,3,3,3,3,3,3,3,3,3,3,-18.519800,146.386100,8.000000,lev15,Almucantar
Lucinda,16:10:2020,12:00:00,290,290.000000,0.139533,0.116733,0.106967,0.102200,0.069267,0.038033,0.022667,0.016533,0.070233,0.078667,0.084300,0.085700,0.394116,3,3,3,3,3,3,3,3,3,3,3,3,3,-18.519800,146.386100,8.000000,lev15,Almucantar
Lucinda,18:10:2020,12:00:00,292,292.000000,0.130033,0.103417,0.090483,0.084733,0.078900,0.047583,0.030700,0.023517,0.051133,0.055833,0.059767,0.061217,0.535960,6,6,6,6,6,6,6,6,6,6,6,6,6,-18.519800,146.386100,8.000000,lev15,Almucantar
Lucinda,19:10:2020,12:00:00,293,293.000000,0.108229,0.077414,0.063886,0.059543,0.068757,0.034443,0.017943,0.012586,0.039486,0.043000,0.045943,0.046986,0.797602,7,7,7,7,7,7,7,7,7,7,7,7,7,-18.519800,146.386100,8.000000,lev15,Almucantar
Lucinda,20:10:2020,12:00:00,294,294.000000,0.126920,0.083300,0.066100,0.059980,0.091400,0.044560,0.024740,0.017580,0.035540,0.038720,0.041320,0.042400,0.978332,5,5,5,5,5,5,5,5,5,5,5,5,5,-18.519800,146.386100,8.000000,lev15,Almucantar
Lucinda,21:10:2020,12:00:00,295,295.000000,0.136725,0.090500,0.073225,0.067625,0.091375,0.041200,0.020650,0.013975,0.045375,0.049300,0.052575,0.053700,0.933239,4,4,4,4,4,4,4,4,4,4,4,4,4,-18.519800,146.386100,8.000000,lev15,Almucantar
Lucinda,22:10:2020,12:00:00,296,296.000000,0.128244,0.084400,0.067344,0.061656,0.087089,0.039611,0.020011,0.013456,0.041144,0.044789,0.047356,0.048200,0.959977,9,9,9,9,9,9,9,9,9,9,9,9,9,-18.519800,146.386100,8.000000,lev15,Almucantar
Lucinda,23:10:2020,12:00:00,297,297.000000,0.137600,0.092200,0.077400,0.072300,0.087500,0.037800,0.019500,0.013200,0.050200,0.054400,0.057900,0.059000,0.858569,1,1,1,1,1,1,1,1,1,1,1,1,1,-18.519800,146.386100,8.000000,lev15,Almucantar
Lucinda,24:10:2020,12:00:00,298,298.000000,0.128700,0.081650,0.062075,0.055800,0.094525,0.044550,0.022475,0.015375,0.034175,0.037100,0.039550,0.040425,1.077921,4,4,4,4,4,4,4,4,4,4,4,4,4,-18.519800,146.386100,8.000000,lev15,Almucantar
Lucinda,25:10:2020,12:00:00,299,299.000000,0.179700,0.104033,0.072733,0.062100,0.148633,0.070267,0.036600,0.025033,0.031033,0.033733,0.036067,0.037067,1.332611,3,3,3,3,3,3,3,3,3,3,3,3,3,-18.519800,146.386100,8.000000,lev15,Almucantar
Lucinda,28:10:2020,12:00:00,302,302.000000,0.158600,0.104700,0.076400,0.065100,0.134900,0.079100,0.048900,0.036900,0.023700,0.025700,0.027500,0.028200,1.070030,1,1,1,1,1,1,1,1,1,1,1,1,1,-18.519800,146.386100,8.000000,lev15,Almucantar
Lucinda,29:10:2020,12:00:00,303,303.000000,0.116520,0.068720,0.049120,0.041740,0.098680,0.049400,0.028480,0.020480,0.017860,0.019300,0.020620,0.021260,1.278329,5,5,5,5,5,5,5,5,5,5,5,5,5,-18.519800,146.386100,8.000000,lev15,Almucantar
Lucinda,30:10:2020,12:00:00,304,304.000000,0.104200,0.064071,0.046671,0.040371,0.085071,0.043229,0.024343,0.017443,0.019143,0.020843,0.022314,0.022914,1.187636,7,7,7,7,7,7,7,7,7,7,7,7,7,-18.519800,146.386100,8.000000,lev15,Almucantar
Lucinda,31:10:2020,12:00:00,305,305.000000,0.150220,0.094520,0.067660,0.057420,0.124920,0.066880,0.038500,0.027680,0.025300,0.027620,0.029160,0.029740,1.173510,5,5,5,5,5,5,5,5,5,5,5,5,5,-18.519800,146.386100,8.000000,lev15,Almucantar
Lucinda,01:11:2020,12:00:00,306,306.000000,0.149550,0.094400,0.070450,0.061000,0.118800,0.060950,0.035125,0.024950,0.030775,0.033450,0.035350,0.036050,1.110867,4,4,4,4,4,4,4,4,4,4,4,4,4,-18.519800,146.386100,8.000000,lev15,Almucantar
Lucinda,02:11:2020,12:00:00,307,307.000000,0.172750,0.116500,0.089600,0.078150,0.129950,0.069700,0.041400,0.029750,0.042800,0.046800,0.048300,0.048400,0.967742,2,2,2,2,2,2,2,2,2,2,2,2,2,-18.519800,146.386100,8.000000,lev15,Almucantar
Lucinda,05:11:2020,12:00:00,310,310.000000,0.129500,0.093100,0.081500,0.077900,0.072100,0.030400,0.014900,0.009700,0.057400,0.062700,0.066600,0.068200,0.692672,1,1,1,1,1,1,1,1,1,1,1,1,1,-18.519800,146.386100,8.000000,lev15,Almucantar
Lucinda,06:11:2020,12:00:00,311,311.000000,0.170650,0.109100,0.086100,0.077850,0.123600,0.058050,0.031900,0.022300,0.047050,0.051050,0.054200,0.055550,1.005614,2,2,2,2,2,2,2,2,2,2,2,2,2,-18.519800,146.386100,8.000000,lev15,Almucantar
Lucinda,11:11:2020,12:00:00,316,316.000000,0.105000,0.089200,0.081800,0.078500,0.047500,0.024800,0.014400,0.010200,0.057500,0.064300,0.067400,0.068300,0.370299,1,1,1,1,1,1,1,1,1,1,1,1,1,-18.519800,146.386100,8.000000,lev15,Almucantar
Lucinda,12:11:2020,12:00:00,317,317.000000,0.123275,0.094875,0.081800,0.077150,0.071925,0.039175,0.022675,0.016875,0.051400,0.055675,0.059100,0.060300,0.610955,4,4,4,4,4,4,4,4,4,4,4,4,4,-18.519800,146.386100,8.000000,lev15,Almucantar
Lucinda,13:11:2020,12:00:00,318,318.000000,0.100800,0.080100,0.068000,0.063000,0.060400,0.035700,0.021000,0.015200,0.040400,0.044400,0.047000,0.047800,0.577959,1,1,1,1,1,1,1,1,1,1,1,1,1,-18.519800,146.386100,8.000000,lev15,Almucantar
Lucinda,14:11:2020,12:00:00,319,319.000000,0.113180,0.079620,0.066400,0.061420,0.073740,0.036960,0.021080,0.015040,0.039420,0.042660,0.045300,0.046420,0.790687,5,5,5,5,5,5,5,5,5,5,5,5,5,-18.519800,146.386100,8.000000,lev15,Almucantar
Lucinda,15:11:2020,12:00:00,320,320.000000,0.114000,0.086800,0.068050,0.061250,0.079950,0.050500,0.029450,0.021700,0.034050,0.036275,0.038625,0.039550,0.755265,4,4,4,4,4,4,4,4,4,4,4,4,4,-18.519800,146.386100,8.000000,lev15,Almucantar
Lucinda,16:11:2020,12:00:00,321,321.000000,0.117750,0.082750,0.068700,0.062600,0.083050,0.045500,0.029400,0.022350,0.034700,0.037250,0.039350,0.040200,0.799482,2,2,2,2,2,2,2,2,2,2,2,2,2,-18.519800,146.386100,8.000000,lev15,Almucantar
Lucinda,18:11:2020,12:00:00,323,323.000000,0.110200,0.091000,0.081700,0.077300,0.054800,0.030200,0.017900,0.012900,0.055400,0.060900,0.063800,0.064400,0.442942,1,1,1,1,1,1,1,1,1,1,1,1,1,-18.519800,146.386100,8.000000,lev15,Almucantar
Lucinda,19:11:2020,12:00:00,324,324.000000,0.131800,0.115600,0.106700,0.102000,0.063300,0.041100,0.028200,0.021700,0.068500,0.074500,0.078600,0.080300,0.311859,1,1,1,1,1,1,1,1,1,1,1,1,1,-18.519800,146.386100,8.000000,lev15,Almucantar
Lucinda,07:12:2020,12:00:00,342,342.000000,0.139400,0.090867,0.067717,0.059283,0.107883,0.056400,0.030967,0.021683,0.031517,0.034467,0.036733,0.037600,0.967494,6,6,6,6,6,6,6,6,6,6,6,6,6,-18.519800,146.386100,8.000000,lev15,Almucantar
Lucinda,11:12:2020,12:00:00,346,346.000000,0.199900,0.160500,0.141700,0.132600,0.124200,0.078600,0.054000,0.042400,0.075700,0.081900,0.087700,0.090200,0.509216,1,1,1,1,1,1,1,1,1,1,1,1,1,-18.519800,146.386100,8.000000,lev15,Almucantar
Lucinda,12:12:2020,12:00:00,347,347.000000,0.133567,0.111600,0.103100,0.099700,0.057333,0.027000,0.014233,0.009867,0.076200,0.084600,0.088867,0.089833,0.385822,3,3,3,3,3,3,3,3,3,3,3,3,3,-18.519800,146.386100,8.000000,lev15,Almucantar
Lucinda,15:12:2020,12:00:00,350,350.000000,0.149567,0.105267,0.086033,0.079567,0.098133,0.048867,0.025533,0.017467,0.051433,0.056400,0.060500,0.062167,0.818503,3,3,3,3,3,3,3,3,3,3,3,3,3,-18.519800,146.386100,8.000000,lev15,Almucantar
Lucinda,24:01:2021,12:00:00,24,24.000000,0.175400,0.161367,0.143800,0.135567,0.111667,0.094867,0.074467,0.065867,0.063700,0.066500,0.069333,0.069733,0.286935,3,3,3,3,3,3,3,3,3,3,3,3,3,-18.519800,146.386100,8.000000,lev15,Almucantar
Lucinda,25:01:2021,12:00:00,25,25.000000,0.130400,0.106750,0.095300,0.090150,0.074500,0.045300,0.029200,0.022400,0.055900,0.061450,0.066100,0.067750,0.463722,2,2,2,2,2,2,2,2,2,2,2,2,2,-18.519800,146.386100,8.000000,lev15,Almucantar
Lucinda,26:01:2021,12:00:00,26,26.000000,0.078240,0.062280,0.054660,0.051580,0.047460,0.029060,0.018800,0.014500,0.030780,0.033240,0.035840,0.037080,0.523544,5,5,5,5,5,5,5,5,5,5,5,5,5,-18.519800,146.386100,8.000000,lev15,Almucantar
Lucinda,01:02:2021,12:00:00,32,32.000000,0.095267,0.089733,0.088833,0.087933,0.027633,0.013267,0.007700,0.005433,0.067667,0.076467,0.081133,0.082500,0.106636,3,3,3,3,3,3,3,3,3,3,3,3,3,-18.519800,146.386100,8.000000,lev15,Almucantar
Lucinda,02:02:2021,12:00:00,33,33.000000,0.098457,0.087814,0.085414,0.083957,0.034729,0.016900,0.010229,0.007586,0.063700,0.070929,0.075229,0.076386,0.220128,7,7,7,7,7,7,7,7,7,7,7,7,7,-18.519800,146.386100,8.000000,lev15,Almucantar
Lucinda,04:02:2021,12:00:00,35,35.000000,0.094917,0.071817,0.065283,0.063067,0.048733,0.020717,0.011000,0.007600,0.046217,0.051050,0.054283,0.055450,0.560820,6,6,6,6,6,6,6,6,6,6,6,6,6,-18.519800,146.386100,8.000000,lev15,Almucantar
Lucinda,10:02:2021,12:00:00,41,41.000000,0.079700,0.058400,0.051300,0.048600,0.046000,0.022000,0.012600,0.009100,0.033700,0.036500,0.038600,0.039500,0.657532,1,1,1,1,1,1,1,1,1,1,1,1,1,-18.519800,146.386100,8.000000,lev15,Almucantar
Lucinda,11:02:2021,12:00:00,42,42.000000,0.125250,0.107150,0.100150,0.097300,0.053550,0.030050,0.018600,0.013750,0.071700,0.077200,0.081600,0.083650,0.331688,2,2,2,2,2,2,2,2,2,2,2,2,2,-18.519800,146.386100,8.000000,lev15,Almucantar
Lucinda,14:02:2021,12:00:00,45,45.000000,0.071225,0.055025,0.050300,0.048425,0.037500,0.017975,0.010600,0.007775,0.033725,0.037025,0.039650,0.040650,0.535006,4,4,4,4,4,4,4,4,4,4,4,4,4,-18.519800,146.386100,8.000000,lev15,Almucantar
Lucinda,04:03:2021,12:00:00,63,63.000000,0.105100,0.098000,0.095900,0.095000,0.032400,0.019800,0.013000,0.009900,0.072700,0.078200,0.082900,0.085100,0.137793,1,1,1,1,1,1,1,1,1,1,1,1,1,-18.519800,146.386100,8.000000,lev15,Almucantar
Lucinda,05:03:2021,12:00:00,64,64.000000,0.111980,0.092100,0.086900,0.084720,0.049360,0.022620,0.012940,0.009300,0.062600,0.069500,0.073960,0.075440,0.384244,5,5,5,5,5,5,5,5,5,5,5,5,5,-18.519800,146.386100,8.000000,lev15,Almucantar
Lucinda,07:03:2021,12:00:00,66,66.000000,0.127950,0.104100,0.098400,0.096300,0.054650,0.023400,0.012850,0.009050,0.073300,0.080750,0.085550,0.087250,0.396288,2,2,2,2,2,2,2,2,2,2,2,2,2,-18.519800,146.386100,8.000000,lev15,Almucantar
Lucinda,08:03:2021,12:00:00,67,67.000000,0.088780,0.074600,0.071220,0.069880,0.035400,0.015780,0.008860,0.006360,0.053340,0.058860,0.062340,0.063540,0.332743,5,5,5,5,5,5,5,5,5,5,5,5,5,-18.519800,146.386100,8.000000,lev15,Almucantar
Lucinda,10:03:2021,12:00:00,69,69.000000,0.066378,0.051244,0.046611,0.044667,0.034211,0.015656,0.008900,0.006389,0.032167,0.035578,0.037678,0.038289,0.532312,9,9,9,9,9,9,9,9,9,9,9,9,9,-18.519800,146.386100,8.000000,lev15,Almucantar
Lucinda,11:03:2021,12:00:00,70,70.000000,0.058000,0.047450,0.044000,0.042500,0.026850,0.013250,0.007750,0.005550,0.031150,0.034150,0.036250,0.036950,0.424222,2,2,2,2,2,2,2,2,2,2,2,2,2,-18.519800,146.386100,8.000000,lev15,Almucantar
Lucinda,12:03:2021,12:00:00,71,71.000000,0.045360,0.037200,0.033660,0.032020,0.021320,0.010440,0.005800,0.004120,0.024040,0.026740,0.027900,0.027920,0.448085,5,5,5,5,5,5,5,5,5,5,5,5,5,-18.519800,146.386100,8.000000,lev15,Almucantar
Lucinda,13:03:2021,12:00:00,72,72.000000,0.062875,0.054350,0.051625,0.050375,0.024725,0.012200,0.007075,0.005150,0.038175,0.042150,0.044575,0.045200,0.292992,4,4,4,4,4,4,4,4,4,4,4,4,4,-18.519800,146.386100,8.000000,lev15,Almucantar
Lucinda,14:03:2021,12:00:00,73,73.000000,0.070986,0.061429,0.058400,0.056814,0.028957,0.014900,0.008886,0.006543,0.042029,0.046529,0.049514,0.050300,0.292860,7,7,7,7,7,7,7,7,7,7,7,7,7,-18.519800,146.386100,8.000000,lev15,Almucantar
Lucinda,15:03:2021,12:00:00,74,74.000000,0.052529,0.042171,0.037829,0.035900,0.027486,0.014557,0.008657,0.006286,0.025029,0.027614,0.029186,0.029614,0.507920,7,7,7,7,7,7,7,7,7,7,7,7,7,-18.519800,146.386100,8.000000,lev15,Almucantar
Lucinda,16:03:2021,12:00:00,75,75.000000,0.061867,0.041967,0.034200,0.030933,0.043033,0.021233,0.012500,0.008867,0.018800,0.020733,0.021733,0.022067,0.877578,3,3,3,3,3,3,3,3,3,3,3,3,3,-18.519800,146.386100,8.000000,lev15,Almucantar
Lucinda,17:03:2021,12:00:00,76,76.000000,0.128322,0.078689,0.058156,0.048911,0.107822,0.056300,0.034478,0.024722,0.020500,0.022400,0.023689,0.024189,1.171324,9,9,9,9,9,9,9,9,9,9,9,9,9,-18.519800,146.386100,8.000000,lev15,Almucantar
Lucinda,20:03:2021,12:00:00,79,79.000000,0.056020,0.045860,0.041640,0.039760,0.025460,0.012500,0.006920,0.004880,0.030600,0.033360,0.034720,0.034900,0.448937,5,5,5,5,5,5,5,5,5,5,5,5,5,-18.519800,146.386100,8.000000,lev15,Almucantar
Lucinda,07:04:2021,12:00:00,97,97.000000,0.061817,0.033850,0.024283,0.020750,0.052933,0.024033,0.013983,0.010350,0.008867,0.009800,0.010333,0.010400,1.383618,6,6,6,6,6,6,6,6,6,6,6,6,6,-18.519800,146.386100,8.000000,lev15,Almucantar
Lucinda,08:04:2021,12:00:00,98,98.000000,0.068900,0.045200,0.036567,0.033200,0.054400,0.029133,0.019533,0.016167,0.014500,0.016067,0.017000,0.017033,0.940425,3,3,3,3,3,3,3,3,3,3,3,3,3,-18.519800,146.386100,8.000000,lev15,Almucantar
Lucinda,09:04:2021,12:00:00,99,99.000000,0.121550,0.095600,0.081500,0.075050,0.077600,0.047950,0.030550,0.022700,0.043950,0.047700,0.051000,0.052350,0.586603,2,2,2,2,2,2,2,2,2,2,2,2,2,-18.519800,146.386100,8.000000,lev15,Almucantar
Lucinda,10:04:2021,12:00:00,100,100.000000,0.070144,0.040000,0.029589,0.025578,0.057611,0.026333,0.015267,0.011078,0.012556,0.013700,0.014356,0.014500,1.258418,9,9,9,9,9,9,9,9,9,9,9,9,9,-18.519800,146.386100,8.000000,lev15,Almucantar
Lucinda,11:04:2021,12:00:00,101,101.000000,0.060775,0.039987,0.032538,0.029738,0.042937,0.020650,0.011987,0.008775,0.017812,0.019338,0.020538,0.020963,0.947673,8,8,8,8,8,8,8,8,8,8,8,8,8,-18.519800,146.386100,8.000000,lev15,Almucantar
Lucinda,12:04:2021,12:00:00,102,102.000000,0.061960,0.036960,0.028640,0.025980,0.046320,0.020020,0.010820,0.007840,0.015680,0.016940,0.017860,0.018120,1.149967,5,5,5,5,5,5,5,5,5,5,5,5,5,-18.519800,146.386100,8.000000,lev15,Almucantar
Lucinda,15:04:2021,12:00:00,105,105.000000,0.072425,0.061300,0.057975,0.056625,0.028300,0.013025,0.007200,0.005025,0.044100,0.048275,0.050775,0.051575,0.332107,4,4,4,4,4,4,4,4,4,4,4,4,4,-18.519800,146.386100,8.000000,lev15,Almucantar
Lucinda,01:05:2021,12:00:00,121,121.000000,0.069275,0.062550,0.061500,0.061050,0.019925,0.008900,0.004800,0.003325,0.049375,0.053650,0.056675,0.057750,0.182653,4,4,4,4,4,4,4,4,4,4,4,4,4,-18.519800,146.386100,8.000000,lev15,Almucantar
Lucinda,02:05:2021,12:00:00,122,122.000000,0.071114,0.063171,0.061371,0.060586,0.024100,0.011357,0.006457,0.004671,0.047029,0.051814,0.054900,0.055943,0.225426,7,7,7,7,7,7,7,7,7,7,7,7,7,-18.519800,146.386100,8.000000,lev15,Almucantar
Lucinda,03:05:2021,12:00:00,123,123.000000,0.052300,0.042340,0.039820,0.038860,0.023820,0.010600,0.005780,0.004180,0.028460,0.031760,0.034060,0.034680,0.411112,5,5,5,5,5,5,5,5,5,5,5,5,5,-18.519800,146.386100,8.000000,lev15,Almucantar
Lucinda,04:05:2021,12:00:00,124,124.000000,0.067000,0.058300,0.055050,0.053650,0.027350,0.015400,0.009250,0.006850,0.039600,0.042950,0.045800,0.046850,0.293279,2,2,2,2,2,2,2,2,2,2,2,2,2,-18.519800,146.386100,8.000000,lev15,Almucantar
Lucinda,05:05:2021,12:00:00,125,125.000000,0.063475,0.049625,0.045650,0.044063,0.031950,0.014487,0.008275,0.006050,0.031525,0.035112,0.037362,0.038013,0.510199,8,8,8,8,8,8,8,8,8,8,8,8,8,-18.519800,146.386100,8.000000,lev15,Almucantar
Lucinda,06:05:2021,12:00:00,126,126.000000,0.038320,0.022760,0.017320,0.015640,0.030240,0.013860,0.007840,0.006080,0.008080,0.008940,0.009480,0.009520,1.178584,5,5,5,5,5,5,5,5,5,5,5,5,5,-18.519800,146.386100,8.000000,lev15,Almucantar
Lucinda,07:05:2021,12:00:00,127,127.000000,0.032490,0.020640,0.015680,0.014000,0.026140,0.013790,0.008470,0.006720,0.006340,0.006840,0.007210,0.007310,1.074050,10,10,10,10,10,10,10,10,10,10,10,10,10,-18.519800,146.386100,8.000000,lev15,Almucantar
Lucinda,08:05:2021,12:00:00,128,128.000000,0.031500,0.019300,0.014600,0.012800,0.024500,0.011700,0.006500,0.004600,0.007000,0.007600,0.008100,0.008200,1.136871,1,1,1,1,1,1,1,1,1,1,1,1,1,-18.519800,146.386100,8.000000,lev15,Almucantar
Lucinda,09:05:2021,12:00:00,129,129.000000,0.056222,0.039089,0.033367,0.031344,0.034322,0.015122,0.008100,0.005689,0.021922,0.023944,0.025278,0.025667,0.780670,9,9,9,9,9,9,9,9,9,9,9,9,9,-18.519800,146.386100,8.000000,lev15,Almucantar
Lucinda,11:05:2021,12:00:00,131,131.000000,0.269100,0.224100,0.200050,0.188200,0.151850,0.094400,0.061600,0.046500,0.117350,0.129700,0.138450,0.141650,0.437073,2,2,2,2,2,2,2,2,2,2,2,2,2,-18.519800,146.386100,8.000000,lev15,Almucantar
Lucinda,12:05:2021,12:00:00,132,132.000000,0.096380,0.063680,0.050580,0.045300,0.070620,0.034660,0.020160,0.014580,0.025760,0.029020,0.030460,0.030760,0.956722,5,5,5,5,5,5,5,5,5,5,5,5,5,-18.519800,146.386100,8.000000,lev15,Almucantar
Lucinda,13:05:2021,12:00:00,133,133.000000,0.093760,0.061210,0.048340,0.043170,0.068430,0.032990,0.018520,0.012990,0.025320,0.028230,0.029810,0.030170,0.989975,10,10,10,10,10,10,10,10,10,10,10,10,10,-18.519800,146.386100,8.000000,lev15,Almucantar
Lucinda,14:05:2021,12:00:00,134,134.000000,0.093350,0.061200,0.050250,0.046400,0.064350,0.028750,0.015850,0.011400,0.029000,0.032400,0.034400,0.035000,0.921299,2,2,2,2,2,2,2,2,2,2,2,2,2,-18.519800,146.386100,8.000000,lev15,Almucantar
Lucinda,15:05:2021,12:00:00,135,135.000000,0.064250,0.042700,0.035050,0.032200,0.042800,0.019500,0.010600,0.007300,0.021350,0.023200,0.024500,0.024850,0.900669,2,2,2,2,2,2,2,2,2,2,2,2,2,-18.519800,146.386100,8.000000,lev15,Almucantar
Lucinda,16:05:2021,12:00:00,136,136.000000,0.040214,0.027857,0.022843,0.020943,0.027214,0.013643,0.007929,0.005943,0.013029,0.014200,0.014929,0.015014,0.837086,7,7,7,7,7,7,7,7,7,7,7,7,7,-18.519800,146.386100,8.000000,lev15,Almucantar
Lucinda,17:05:2021,12:00:00,137,137.000000,0.070029,0.055586,0.051886,0.050429,0.030714,0.012586,0.006843,0.004929,0.039271,0.043029,0.045071,0.045514,0.450356,7,7,7,7,7,7,7,7,7,7,7,7,7,-18.519800,146.386100,8.000000,lev15,Almucantar
Lucinda,27:05:2021,12:00:00,147,147.000000,0.049480,0.036490,0.032190,0.030540,0.028290,0.012910,0.007170,0.005210,0.021200,0.023590,0.025010,0.025320,0.683069,10,10,10,10,10,10,10,10,10,10,10,10,10,-18.519800,146.386100,8.000000,lev15,Almucantar
Lucinda,28:05:2021,12:00:00,148,148.000000,0.069350,0.043375,0.035450,0.032650,0.048675,0.020600,0.011275,0.008000,0.020675,0.022775,0.024175,0.024625,1.004400,4,4,4,4,4,4,4,4,4,4,4,4,4,-18.519800,146.386100,8.000000,lev15,Almucantar
Lucinda,29:05:2021,12:00:00,149,149.000000,0.059775,0.043037,0.037562,0.035575,0.034675,0.015300,0.008425,0.006275,0.025112,0.027787,0.029125,0.029300,0.726470,8,8,8,8,8,8,8,8,8,8,8,8,8,-18.519800,146.386100,8.000000,lev15,Almucantar
Lucinda,01:06:2021,12:00:00,152,152.000000,0.096700,0.091700,0.091000,0.090200,0.024500,0.012100,0.007000,0.005000,0.072200,0.079700,0.084000,0.085200,0.092749,1,1,1,1,1,1,1,1,1,1,1,1,1,-18.519800,146.386100,8.000000,lev15,Almucantar
Lucinda,04:06:2021,12:00:00,155,155.000000,0.071000,0.040167,0.030333,0.026533,0.056833,0.024733,0.014000,0.009833,0.014133,0.015467,0.016333,0.016700,1.267132,3,3,3,3,3,3,3,3,3,3,3,3,3,-18.519800,146.386100,8.000000,lev15,Almucantar
Lucinda,05:06:2021,12:00:00,156,156.000000,0.056550,0.035300,0.027100,0.024100,0.042250,0.019900,0.010950,0.007600,0.014300,0.015350,0.016150,0.016450,1.087907,2,2,2,2,2,2,2,2,2,2,2,2,2,-18.519800,146.386100,8.000000,lev15,Almucantar
Lucinda,06:06:2021,12:00:00,157,157.000000,0.061600,0.043800,0.038400,0.036400,0.033700,0.013700,0.007200,0.004900,0.028000,0.030000,0.031200,0.031500,0.706849,1,1,1,1,1,1,1,1,1,1,1,1,1,-18.519800,146.386100,8.000000,lev15,Almucantar
Lucinda,09:06:2021,12:00:00,160,160.000000,0.057733,0.035633,0.028200,0.025633,0.042200,0.018500,0.009900,0.007033,0.015500,0.017133,0.018267,0.018600,1.061876,3,3,3,3,3,3,3,3,3,3,3,3,3,-18.519800,146.386100,8.000000,lev15,Almucantar
Lucinda,10:06:2021,12:00:00,161,161.000000,0.049425,0.031800,0.025900,0.023675,0.034425,0.015275,0.008425,0.005950,0.015025,0.016575,0.017500,0.017725,0.961752,4,4,4,4,4,4,4,4,4,4,4,4,4,-18.519800,146.386100,8.000000,lev15,Almucantar
Lucinda,14:06:2021,12:00:00,165,165.000000,0.071200,0.044400,0.035900,0.033200,0.050200,0.021100,0.010900,0.007700,0.021100,0.023300,0.025000,0.025500,1.019702,1,1,1,1,1,1,1,1,1,1,1,1,1,-18.519800,146.386100,8.000000,lev15,Almucantar
Lucinda,17:06:2021,12:00:00,168,168.000000,0.101900,0.064300,0.052400,0.047800,0.074000,0.033000,0.018500,0.013400,0.027900,0.031400,0.033800,0.034400,0.990765,1,1,1,1,1,1,1,1,1,1,1,1,1,-18.519800,146.386100,8.000000,lev15,Almucantar
Lucinda,18:06:2021,12:00:00,169,169.000000,0.082100,0.047300,0.033500,0.027700,0.069800,0.033500,0.018800,0.012900,0.012400,0.013800,0.014700,0.014800,1.321267,1,1,1,1,1,1,1,1,1,1,1,1,1,-18.519800,146.386100,8.000000,lev15,Almucantar
Lucinda,19:06:2021,12:00:00,170,170.000000,0.030100,0.020550,0.015900,0.014200,0.022850,0.012350,0.007100,0.005300,0.007300,0.008200,0.008800,0.008850,0.938473,2,2,2,2,2,2,2,2,2,2,2,2,2,-18.519800,146.386100,8.000000,lev15,Almucantar
Lucinda,20:06:2021,12:00:00,171,171.000000,0.019200,0.016100,0.013000,0.011600,0.017300,0.014200,0.011000,0.009600,0.001900,0.001900,0.002000,0.002000,0.561810,1,1,1,1,1,1,1,1,1,1,1,1,1,-18.519800,146.386100,8.000000,lev15,Almucantar
