AERONET Data Download (Version 3 Direct Sun and Inversion Algorithms)
AERONET Version 3
Lucinda
Version 3: Almucantar Level 1.5 Inversion
The following data are cloud cleared and quality controls have been applied but these data may not have final calibration applied.  These data may change.
Daily Averages,Contact: PI=Thomas_Schroeder; PI Email=Thomas.Schroeder@csiro.au 
AERONET_AERONET_Site,Date(dd:mm:yyyy),Time(hh:mm:ss),Day_of_Year,Day_of_Year(fraction),AOD_Extinction-Total[443nm],AOD_Extinction-Total[667nm],AOD_Extinction-Total[870nm],AOD_Extinction-Total[1020nm],AOD_Extinction-Fine[443nm],AOD_Extinction-Fine[667nm],AOD_Extinction-Fine[870nm],AOD_Extinction-Fine[1020nm],AOD_Extinction-Coarse[443nm],AOD_Extinction-Coarse[667nm],AOD_Extinction-Coarse[870nm],AOD_Extinction-Coarse[1020nm],Extinction_Angstrom_Exponent_440-870nm-Total,N[AOD_Extinction-Total[443nm]],N[AOD_Extinction-Total[667nm]],N[AOD_Extinction-Total[870nm]],N[AOD_Extinction-Total[1020nm]],N[AOD_Extinction-Fine[443nm]],N[AOD_Extinction-Fine[667nm]],N[AOD_Extinction-Fine[870nm]],N[AOD_Extinction-Fine[1020nm]],N[AOD_Extinction-Coarse[443nm]],N[AOD_Extinction-Coarse[667nm]],N[AOD_Extinction-Coarse[870nm]],N[AOD_Extinction-Coarse[1020nm]],N[Extinction_Angstrom_Exponent_440-870nm-Total],Latitude(Degrees),Longitude(Degrees),Elevation(m),Level,Retrieval_Measurement_Scan_Type
Lucinda,25:03:2019,12:00:00,84,84.000000,0.151400,0.116000,0.095600,0.086400,0.102600,0.062400,0.038800,0.028400,0.048800,0.053600,0.056800,0.058000,0.674311,1,1,1,1,1,1,1,1,1,1,1,1,1,-18.519800,146.386100,8.000000,lev15,Almucantar
Lucinda,08:04:2019,12:00:00,98,98.000000,0.074700,0.069800,0.068300,0.067400,0.021400,0.011400,0.006850,0.005000,0.053300,0.058400,0.061400,0.062350,0.135102,2,2,2,2,2,2,2,2,2,2,2,2,2,-18.519800,146.386100,8.000000,lev15,Almucantar
Lucinda,12:04:2019,12:00:00,102,102.000000,0.114000,0.102150,0.099500,0.098350,0.037450,0.017100,0.009450,0.006800,0.076550,0.085100,0.090050,0.091550,0.205078,2,2,2,2,2,2,2,2,2,2,2,2,2,-18.519800,146.386100,8.000000,lev15,Almucantar
Lucinda,13:04:2019,12:00:00,103,103.000000,0.090350,0.086150,0.084100,0.082700,0.024450,0.013850,0.008300,0.006000,0.065900,0.072300,0.075850,0.076650,0.106322,2,2,2,2,2,2,2,2,2,2,2,2,2,-18.519800,146.386100,8.000000,lev15,Almucantar
Lucinda,15:04:2019,12:00:00,105,105.000000,0.080787,0.074588,0.073075,0.072288,0.022850,0.011525,0.006625,0.004825,0.057925,0.063050,0.066425,0.067487,0.157589,8,8,8,8,8,8,8,8,8,8,8,8,8,-18.519800,146.386100,8.000000,lev15,Almucantar
Lucinda,17:04:2019,12:00:00,107,107.000000,0.075433,0.068500,0.066900,0.066033,0.023667,0.011800,0.006833,0.004933,0.051733,0.056667,0.060100,0.061100,0.181576,3,3,3,3,3,3,3,3,3,3,3,3,3,-18.519800,146.386100,8.000000,lev15,Almucantar
Lucinda,18:04:2019,12:00:00,108,108.000000,0.076800,0.064450,0.060250,0.058550,0.031600,0.015500,0.009000,0.006450,0.045150,0.048950,0.051250,0.052150,0.362792,2,2,2,2,2,2,2,2,2,2,2,2,2,-18.519800,146.386100,8.000000,lev15,Almucantar
Lucinda,20:04:2019,12:00:00,110,110.000000,0.073480,0.067720,0.066180,0.065360,0.022280,0.010740,0.006080,0.004380,0.051180,0.057000,0.060140,0.061000,0.163209,5,5,5,5,5,5,5,5,5,5,5,5,5,-18.519800,146.386100,8.000000,lev15,Almucantar
Lucinda,21:04:2019,12:00:00,111,111.000000,0.054400,0.049250,0.047200,0.046250,0.018100,0.008850,0.005150,0.003850,0.036300,0.040400,0.042000,0.042400,0.211593,2,2,2,2,2,2,2,2,2,2,2,2,2,-18.519800,146.386100,8.000000,lev15,Almucantar
Lucinda,22:04:2019,12:00:00,112,112.000000,0.057800,0.049650,0.047150,0.046000,0.024500,0.011900,0.006950,0.005150,0.033300,0.037800,0.040200,0.040800,0.304481,2,2,2,2,2,2,2,2,2,2,2,2,2,-18.519800,146.386100,8.000000,lev15,Almucantar
Lucinda,25:04:2019,12:00:00,115,115.000000,0.038400,0.028200,0.025000,0.023900,0.022400,0.010700,0.006100,0.004400,0.016000,0.017500,0.018900,0.019500,0.641708,1,1,1,1,1,1,1,1,1,1,1,1,1,-18.519800,146.386100,8.000000,lev15,Almucantar
Lucinda,26:04:2019,12:00:00,116,116.000000,0.056900,0.046900,0.043800,0.042300,0.026400,0.013000,0.007500,0.005500,0.030500,0.034000,0.036200,0.036900,0.392262,1,1,1,1,1,1,1,1,1,1,1,1,1,-18.519800,146.386100,8.000000,lev15,Almucantar
Lucinda,02:05:2019,12:00:00,122,122.000000,0.093533,0.084100,0.082100,0.081200,0.030400,0.014567,0.008400,0.005967,0.063133,0.069500,0.073733,0.075200,0.199180,3,3,3,3,3,3,3,3,3,3,3,3,3,-18.519800,146.386100,8.000000,lev15,Almucantar
Lucinda,04:05:2019,12:00:00,124,124.000000,0.068500,0.059600,0.055800,0.054200,0.027500,0.014500,0.008200,0.005900,0.041000,0.045000,0.047500,0.048300,0.304907,1,1,1,1,1,1,1,1,1,1,1,1,1,-18.519800,146.386100,8.000000,lev15,Almucantar
Lucinda,05:05:2019,12:00:00,125,125.000000,0.047943,0.031443,0.025114,0.022729,0.034914,0.017057,0.009743,0.006971,0.013014,0.014357,0.015357,0.015757,0.967463,7,7,7,7,7,7,7,7,7,7,7,7,7,-18.519800,146.386100,8.000000,lev15,Almucantar
Lucinda,06:05:2019,12:00:00,126,126.000000,0.027700,0.020417,0.017000,0.015633,0.017817,0.009817,0.005883,0.004267,0.009900,0.010617,0.011150,0.011333,0.721056,6,6,6,6,6,6,6,6,6,6,6,6,6,-18.519800,146.386100,8.000000,lev15,Almucantar
Lucinda,07:05:2019,12:00:00,127,127.000000,0.046733,0.034650,0.030717,0.029283,0.025283,0.011267,0.006150,0.004367,0.021467,0.023383,0.024550,0.024917,0.635444,6,6,6,6,6,6,6,6,6,6,6,6,6,-18.519800,146.386100,8.000000,lev15,Almucantar
Lucinda,08:05:2019,12:00:00,128,128.000000,0.047033,0.034167,0.029967,0.028383,0.026533,0.011717,0.006383,0.004467,0.020517,0.022450,0.023567,0.023917,0.677980,6,6,6,6,6,6,6,6,6,6,6,6,6,-18.519800,146.386100,8.000000,lev15,Almucantar
Lucinda,12:05:2019,12:00:00,132,132.000000,0.059125,0.053525,0.052050,0.051050,0.017800,0.008375,0.004825,0.003325,0.041300,0.045175,0.047225,0.047700,0.233383,4,4,4,4,4,4,4,4,4,4,4,4,4,-18.519800,146.386100,8.000000,lev15,Almucantar
Lucinda,23:05:2019,12:00:00,143,143.000000,0.083300,0.075000,0.073800,0.073200,0.025900,0.011100,0.006400,0.004700,0.057400,0.063900,0.067400,0.068500,0.184686,1,1,1,1,1,1,1,1,1,1,1,1,1,-18.519800,146.386100,8.000000,lev15,Almucantar
Lucinda,24:05:2019,12:00:00,144,144.000000,0.068120,0.061180,0.059680,0.058940,0.021560,0.009780,0.005620,0.004020,0.046580,0.051400,0.054060,0.054920,0.208370,5,5,5,5,5,5,5,5,5,5,5,5,5,-18.519800,146.386100,8.000000,lev15,Almucantar
Lucinda,04:06:2019,12:00:00,155,155.000000,0.021100,0.012400,0.008900,0.007400,0.017900,0.009000,0.005200,0.003600,0.003200,0.003500,0.003700,0.003700,1.272487,1,1,1,1,1,1,1,1,1,1,1,1,1,-18.519800,146.386100,8.000000,lev15,Almucantar
Lucinda,25:06:2019,12:00:00,176,176.000000,0.125300,0.103100,0.099300,0.098100,0.047600,0.018000,0.008900,0.005900,0.077700,0.085100,0.090400,0.092200,0.353370,1,1,1,1,1,1,1,1,1,1,1,1,1,-18.519800,146.386100,8.000000,lev15,Almucantar
Lucinda,27:06:2019,12:00:00,178,178.000000,0.051100,0.038883,0.034233,0.032283,0.032267,0.018317,0.012400,0.009983,0.018867,0.020567,0.021850,0.022283,0.598487,6,6,6,6,6,6,6,6,6,6,6,6,6,-18.519800,146.386100,8.000000,lev15,Almucantar
Lucinda,29:06:2019,12:00:00,180,180.000000,0.085450,0.083500,0.083650,0.083400,0.019450,0.009700,0.005900,0.004300,0.066050,0.073850,0.077800,0.079050,0.033461,2,2,2,2,2,2,2,2,2,2,2,2,2,-18.519800,146.386100,8.000000,lev15,Almucantar
Lucinda,30:06:2019,12:00:00,181,181.000000,0.034909,0.029227,0.026891,0.025791,0.016882,0.009309,0.005645,0.004118,0.018027,0.019927,0.021255,0.021673,0.460514,11,11,11,11,11,11,11,11,11,11,11,11,11,-18.519800,146.386100,8.000000,lev15,Almucantar
Lucinda,02:07:2019,12:00:00,183,183.000000,0.065214,0.050943,0.047143,0.045686,0.031857,0.013814,0.007543,0.005329,0.033357,0.037143,0.039571,0.040357,0.506050,7,7,7,7,7,7,7,7,7,7,7,7,7,-18.519800,146.386100,8.000000,lev15,Almucantar
Lucinda,03:07:2019,12:00:00,184,184.000000,0.057290,0.043860,0.039710,0.038170,0.029700,0.013490,0.007440,0.005260,0.027570,0.030350,0.032260,0.032900,0.566103,10,10,10,10,10,10,10,10,10,10,10,10,10,-18.519800,146.386100,8.000000,lev15,Almucantar
Lucinda,12:07:2019,12:00:00,193,193.000000,0.076800,0.047700,0.037100,0.032400,0.055900,0.025700,0.014900,0.010200,0.020900,0.022000,0.022300,0.022200,1.078291,1,1,1,1,1,1,1,1,1,1,1,1,1,-18.519800,146.386100,8.000000,lev15,Almucantar
Lucinda,13:07:2019,12:00:00,194,194.000000,0.032722,0.020822,0.016567,0.015067,0.023356,0.010667,0.005833,0.004156,0.009367,0.010189,0.010733,0.010911,1.034308,9,9,9,9,9,9,9,9,9,9,9,9,9,-18.519800,146.386100,8.000000,lev15,Almucantar
Lucinda,14:07:2019,12:00:00,195,195.000000,0.034910,0.027280,0.024010,0.022600,0.019900,0.010890,0.006680,0.005030,0.014990,0.016420,0.017330,0.017550,0.596625,10,10,10,10,10,10,10,10,10,10,10,10,10,-18.519800,146.386100,8.000000,lev15,Almucantar
Lucinda,15:07:2019,12:00:00,196,196.000000,0.032900,0.028000,0.024800,0.023143,0.019671,0.013771,0.009857,0.008000,0.013214,0.014214,0.014943,0.015143,0.434263,7,7,7,7,7,7,7,7,7,7,7,7,7,-18.519800,146.386100,8.000000,lev15,Almucantar
Lucinda,16:07:2019,12:00:00,197,197.000000,0.030200,0.025336,0.023282,0.022245,0.013855,0.007427,0.004455,0.003300,0.016336,0.017927,0.018800,0.018955,0.453466,11,11,11,11,11,11,11,11,11,11,11,11,11,-18.519800,146.386100,8.000000,lev15,Almucantar
Lucinda,17:07:2019,12:00:00,198,198.000000,0.037767,0.030650,0.027967,0.026750,0.018967,0.010150,0.006233,0.004692,0.018825,0.020517,0.021733,0.022067,0.519425,12,12,12,12,12,12,12,12,12,12,12,12,12,-18.519800,146.386100,8.000000,lev15,Almucantar
Lucinda,18:07:2019,12:00:00,199,199.000000,0.026608,0.017867,0.014125,0.012667,0.019517,0.010250,0.006108,0.004517,0.007100,0.007625,0.008017,0.008133,0.925724,12,12,12,12,12,12,12,12,12,12,12,12,12,-18.519800,146.386100,8.000000,lev15,Almucantar
Lucinda,19:07:2019,12:00:00,200,200.000000,0.030918,0.021182,0.017245,0.015691,0.020745,0.010218,0.005782,0.004091,0.010173,0.010964,0.011464,0.011609,0.868085,11,11,11,11,11,11,11,11,11,11,11,11,11,-18.519800,146.386100,8.000000,lev15,Almucantar
Lucinda,20:07:2019,12:00:00,201,201.000000,0.056183,0.043817,0.039400,0.037617,0.026850,0.012083,0.006483,0.004467,0.029317,0.031750,0.032917,0.033167,0.520026,6,6,6,6,6,6,6,6,6,6,6,6,6,-18.519800,146.386100,8.000000,lev15,Almucantar
Lucinda,21:07:2019,12:00:00,202,202.000000,0.053375,0.042008,0.038500,0.037167,0.024775,0.010742,0.005667,0.003883,0.028617,0.031225,0.032817,0.033275,0.487223,12,12,12,12,12,12,12,12,12,12,12,12,12,-18.519800,146.386100,8.000000,lev15,Almucantar
Lucinda,22:07:2019,12:00:00,203,203.000000,0.061360,0.049500,0.045740,0.044240,0.028500,0.013220,0.007260,0.005080,0.032860,0.036300,0.038480,0.039160,0.427680,5,5,5,5,5,5,5,5,5,5,5,5,5,-18.519800,146.386100,8.000000,lev15,Almucantar
Lucinda,24:07:2019,12:00:00,205,205.000000,0.057900,0.044483,0.040450,0.038867,0.029000,0.012933,0.007083,0.004950,0.028883,0.031567,0.033333,0.033950,0.551400,6,6,6,6,6,6,6,6,6,6,6,6,6,-18.519800,146.386100,8.000000,lev15,Almucantar
Lucinda,25:07:2019,12:00:00,206,206.000000,0.068444,0.059889,0.056911,0.055478,0.026744,0.014889,0.009278,0.006911,0.041689,0.045022,0.047633,0.048589,0.286442,9,9,9,9,9,9,9,9,9,9,9,9,9,-18.519800,146.386100,8.000000,lev15,Almucantar
Lucinda,27:07:2019,12:00:00,208,208.000000,0.082850,0.063150,0.057650,0.055700,0.039550,0.016150,0.008500,0.005900,0.043300,0.047000,0.049125,0.049800,0.547672,4,4,4,4,4,4,4,4,4,4,4,4,4,-18.519800,146.386100,8.000000,lev15,Almucantar
Lucinda,29:07:2019,12:00:00,210,210.000000,0.074450,0.055400,0.050250,0.048550,0.036750,0.014500,0.007250,0.004800,0.037700,0.040900,0.043000,0.043750,0.588517,2,2,2,2,2,2,2,2,2,2,2,2,2,-18.519800,146.386100,8.000000,lev15,Almucantar
Lucinda,30:07:2019,12:00:00,211,211.000000,0.102700,0.080200,0.072700,0.069800,0.049900,0.023100,0.012700,0.008800,0.052800,0.057100,0.060000,0.060900,0.516295,1,1,1,1,1,1,1,1,1,1,1,1,1,-18.519800,146.386100,8.000000,lev15,Almucantar
Lucinda,31:07:2019,12:00:00,212,212.000000,0.125767,0.082667,0.068700,0.063867,0.080200,0.033767,0.017500,0.011800,0.045567,0.048900,0.051233,0.052100,0.909063,3,3,3,3,3,3,3,3,3,3,3,3,3,-18.519800,146.386100,8.000000,lev15,Almucantar
Lucinda,01:08:2019,12:00:00,213,213.000000,0.138900,0.114600,0.105800,0.102300,0.061300,0.031100,0.018200,0.013000,0.077600,0.083600,0.087600,0.089200,0.406283,1,1,1,1,1,1,1,1,1,1,1,1,1,-18.519800,146.386100,8.000000,lev15,Almucantar
Lucinda,02:08:2019,12:00:00,214,214.000000,0.087550,0.074600,0.071250,0.069950,0.034050,0.015550,0.008500,0.005900,0.053550,0.059100,0.062750,0.064100,0.310455,2,2,2,2,2,2,2,2,2,2,2,2,2,-18.519800,146.386100,8.000000,lev15,Almucantar
Lucinda,05:08:2019,12:00:00,217,217.000000,0.084660,0.074400,0.070600,0.068900,0.030800,0.015420,0.008660,0.006100,0.053880,0.058980,0.061920,0.062800,0.272119,5,5,5,5,5,5,5,5,5,5,5,5,5,-18.519800,146.386100,8.000000,lev15,Almucantar
Lucinda,06:08:2019,12:00:00,218,218.000000,0.111100,0.102400,0.098600,0.096600,0.034800,0.020100,0.012600,0.009300,0.076300,0.082400,0.086100,0.087400,0.177586,1,1,1,1,1,1,1,1,1,1,1,1,1,-18.519800,146.386100,8.000000,lev15,Almucantar
Lucinda,08:08:2019,12:00:00,220,220.000000,0.072975,0.053775,0.046350,0.043425,0.043050,0.021025,0.011750,0.008225,0.029900,0.032775,0.034575,0.035200,0.681605,4,4,4,4,4,4,4,4,4,4,4,4,4,-18.519800,146.386100,8.000000,lev15,Almucantar
Lucinda,09:08:2019,12:00:00,221,221.000000,0.060720,0.037120,0.028880,0.025560,0.044840,0.020000,0.010960,0.007280,0.015880,0.017120,0.017940,0.018260,1.103631,5,5,5,5,5,5,5,5,5,5,5,5,5,-18.519800,146.386100,8.000000,lev15,Almucantar
Lucinda,12:08:2019,12:00:00,224,224.000000,0.056900,0.035075,0.026250,0.022275,0.043800,0.021100,0.011700,0.007550,0.013100,0.014000,0.014550,0.014700,1.141264,4,4,4,4,4,4,4,4,4,4,4,4,4,-18.519800,146.386100,8.000000,lev15,Almucantar
Lucinda,13:08:2019,12:00:00,225,225.000000,0.122450,0.089300,0.078600,0.074975,0.065475,0.027525,0.013925,0.009425,0.056950,0.061775,0.064650,0.065550,0.641662,4,4,4,4,4,4,4,4,4,4,4,4,4,-18.519800,146.386100,8.000000,lev15,Almucantar
Lucinda,14:08:2019,12:00:00,226,226.000000,0.081160,0.062620,0.056740,0.054510,0.039360,0.017250,0.009260,0.006390,0.041780,0.045380,0.047470,0.048100,0.551174,10,10,10,10,10,10,10,10,10,10,10,10,10,-18.519800,146.386100,8.000000,lev15,Almucantar
Lucinda,17:08:2019,12:00:00,229,229.000000,0.080529,0.060771,0.054814,0.052600,0.041329,0.017671,0.009471,0.006557,0.039171,0.043100,0.045329,0.046029,0.580728,7,7,7,7,7,7,7,7,7,7,7,7,7,-18.519800,146.386100,8.000000,lev15,Almucantar
Lucinda,18:08:2019,12:00:00,230,230.000000,0.095883,0.058950,0.046700,0.042500,0.067817,0.028300,0.014433,0.009733,0.028083,0.030650,0.032250,0.032733,1.102725,6,6,6,6,6,6,6,6,6,6,6,6,6,-18.519800,146.386100,8.000000,lev15,Almucantar
Lucinda,19:08:2019,12:00:00,231,231.000000,0.103610,0.058700,0.044350,0.039200,0.079290,0.032270,0.016510,0.010830,0.024310,0.026420,0.027840,0.028380,1.262172,10,10,10,10,10,10,10,10,10,10,10,10,10,-18.519800,146.386100,8.000000,lev15,Almucantar
Lucinda,20:08:2019,12:00:00,232,232.000000,0.139020,0.113730,0.108190,0.106820,0.053570,0.021800,0.011320,0.007780,0.085460,0.091960,0.096870,0.099030,0.385769,10,10,10,10,10,10,10,10,10,10,10,10,10,-18.519800,146.386100,8.000000,lev15,Almucantar
Lucinda,21:08:2019,12:00:00,233,233.000000,0.107278,0.088722,0.083889,0.082156,0.042733,0.018489,0.010144,0.007111,0.064544,0.070233,0.073767,0.075033,0.375266,9,9,9,9,9,9,9,9,9,9,9,9,9,-18.519800,146.386100,8.000000,lev15,Almucantar
Lucinda,22:08:2019,12:00:00,234,234.000000,0.065500,0.044450,0.038042,0.035700,0.040350,0.017225,0.009283,0.006367,0.025125,0.027217,0.028767,0.029342,0.797310,12,12,12,12,12,12,12,12,12,12,12,12,12,-18.519800,146.386100,8.000000,lev15,Almucantar
Lucinda,23:08:2019,12:00:00,235,235.000000,0.055018,0.036236,0.029509,0.026964,0.036455,0.016045,0.008491,0.005727,0.018573,0.020164,0.021018,0.021264,1.016356,11,11,11,11,11,11,11,11,11,11,11,11,11,-18.519800,146.386100,8.000000,lev15,Almucantar
Lucinda,24:08:2019,12:00:00,236,236.000000,0.123433,0.095100,0.087233,0.084500,0.058900,0.024667,0.012867,0.008967,0.064600,0.070433,0.074333,0.075600,0.521878,3,3,3,3,3,3,3,3,3,3,3,3,3,-18.519800,146.386100,8.000000,lev15,Almucantar
Lucinda,25:08:2019,12:00:00,237,237.000000,0.059425,0.050150,0.046600,0.045100,0.025375,0.012400,0.006900,0.004875,0.034075,0.037800,0.039725,0.040225,0.360846,4,4,4,4,4,4,4,4,4,4,4,4,4,-18.519800,146.386100,8.000000,lev15,Almucantar
Lucinda,26:08:2019,12:00:00,238,238.000000,0.067130,0.053050,0.048340,0.046610,0.032790,0.015410,0.008480,0.005970,0.034340,0.037640,0.039880,0.040650,0.525402,10,10,10,10,10,10,10,10,10,10,10,10,10,-18.519800,146.386100,8.000000,lev15,Almucantar
Lucinda,27:08:2019,12:00:00,239,239.000000,0.077600,0.053871,0.046414,0.043714,0.046114,0.019486,0.010171,0.006957,0.031500,0.034429,0.036214,0.036757,0.774121,7,7,7,7,7,7,7,7,7,7,7,7,7,-18.519800,146.386100,8.000000,lev15,Almucantar
Lucinda,29:08:2019,12:00:00,241,241.000000,0.083717,0.055150,0.044317,0.040517,0.056883,0.025850,0.013333,0.009017,0.026850,0.029300,0.031000,0.031517,0.955097,6,6,6,6,6,6,6,6,6,6,6,6,6,-18.519800,146.386100,8.000000,lev15,Almucantar
Lucinda,30:08:2019,12:00:00,242,242.000000,0.084350,0.056717,0.046017,0.042417,0.055367,0.024950,0.012500,0.008450,0.029033,0.031750,0.033533,0.033950,0.911967,6,6,6,6,6,6,6,6,6,6,6,6,6,-18.519800,146.386100,8.000000,lev15,Almucantar
Lucinda,31:08:2019,12:00:00,243,243.000000,0.104775,0.070950,0.059538,0.055588,0.064838,0.027337,0.013663,0.009075,0.039950,0.043625,0.045875,0.046525,0.850512,8,8,8,8,8,8,8,8,8,8,8,8,8,-18.519800,146.386100,8.000000,lev15,Almucantar
Lucinda,01:09:2019,12:00:00,244,244.000000,0.100283,0.067867,0.057367,0.053650,0.062017,0.025917,0.013317,0.008950,0.038250,0.041950,0.044083,0.044700,0.856651,6,6,6,6,6,6,6,6,6,6,6,6,6,-18.519800,146.386100,8.000000,lev15,Almucantar
Lucinda,09:10:2019,12:00:00,282,282.000000,0.125300,0.083600,0.068900,0.063800,0.081450,0.036800,0.019700,0.013600,0.043800,0.046800,0.049200,0.050150,0.892355,2,2,2,2,2,2,2,2,2,2,2,2,2,-18.519800,146.386100,8.000000,lev15,Almucantar
Lucinda,11:10:2019,12:00:00,284,284.000000,0.128950,0.081350,0.064000,0.058150,0.089500,0.038650,0.018900,0.012150,0.039400,0.042700,0.045100,0.046000,1.038539,2,2,2,2,2,2,2,2,2,2,2,2,2,-18.519800,146.386100,8.000000,lev15,Almucantar
Lucinda,12:10:2019,12:00:00,285,285.000000,0.124600,0.074800,0.057500,0.051500,0.091900,0.039700,0.020400,0.013500,0.032700,0.035100,0.037100,0.038000,1.146902,1,1,1,1,1,1,1,1,1,1,1,1,1,-18.519800,146.386100,8.000000,lev15,Almucantar
Lucinda,13:10:2019,12:00:00,286,286.000000,0.058650,0.036450,0.028150,0.025250,0.043500,0.019850,0.010450,0.007100,0.015150,0.016550,0.017700,0.018100,1.086943,2,2,2,2,2,2,2,2,2,2,2,2,2,-18.519800,146.386100,8.000000,lev15,Almucantar
Lucinda,14:10:2019,12:00:00,287,287.000000,0.134200,0.100700,0.088900,0.084200,0.073400,0.035200,0.020000,0.014300,0.060800,0.065600,0.069000,0.070000,0.613904,1,1,1,1,1,1,1,1,1,1,1,1,1,-18.519800,146.386100,8.000000,lev15,Almucantar
Lucinda,20:10:2019,12:00:00,293,293.000000,0.066100,0.043300,0.035100,0.032000,0.045600,0.021000,0.011600,0.008100,0.020600,0.022200,0.023400,0.023900,0.939830,1,1,1,1,1,1,1,1,1,1,1,1,1,-18.519800,146.386100,8.000000,lev15,Almucantar
Lucinda,22:10:2019,12:00:00,295,295.000000,0.161000,0.116100,0.101500,0.096700,0.087750,0.034850,0.016500,0.011000,0.073250,0.081250,0.084950,0.085650,0.688820,2,2,2,2,2,2,2,2,2,2,2,2,2,-18.519800,146.386100,8.000000,lev15,Almucantar
Lucinda,25:10:2019,12:00:00,298,298.000000,0.146025,0.121225,0.114375,0.112075,0.057425,0.024650,0.013000,0.008925,0.088600,0.096575,0.101375,0.103200,0.367071,4,4,4,4,4,4,4,4,4,4,4,4,4,-18.519800,146.386100,8.000000,lev15,Almucantar
Lucinda,26:10:2019,12:00:00,299,299.000000,0.119350,0.092100,0.083200,0.080200,0.057450,0.024900,0.012950,0.008900,0.061900,0.067200,0.070200,0.071300,0.533665,2,2,2,2,2,2,2,2,2,2,2,2,2,-18.519800,146.386100,8.000000,lev15,Almucantar
Lucinda,27:10:2019,12:00:00,300,300.000000,0.075500,0.056860,0.050040,0.047460,0.041880,0.019640,0.010680,0.007420,0.033680,0.037220,0.039360,0.040020,0.614406,5,5,5,5,5,5,5,5,5,5,5,5,5,-18.519800,146.386100,8.000000,lev15,Almucantar
Lucinda,28:10:2019,12:00:00,301,301.000000,0.089950,0.067600,0.059550,0.056400,0.050050,0.023950,0.013300,0.009300,0.039850,0.043700,0.046200,0.047100,0.615634,2,2,2,2,2,2,2,2,2,2,2,2,2,-18.519800,146.386100,8.000000,lev15,Almucantar
Lucinda,31:10:2019,12:00:00,304,304.000000,0.153700,0.128900,0.119900,0.116600,0.061500,0.028400,0.015200,0.010500,0.092200,0.100500,0.104700,0.106200,0.370776,1,1,1,1,1,1,1,1,1,1,1,1,1,-18.519800,146.386100,8.000000,lev15,Almucantar
Lucinda,01:11:2019,12:00:00,305,305.000000,0.168333,0.140600,0.131700,0.128133,0.069667,0.032467,0.017933,0.012533,0.098667,0.108100,0.113800,0.115633,0.367430,3,3,3,3,3,3,3,3,3,3,3,3,3,-18.519800,146.386100,8.000000,lev15,Almucantar
Lucinda,02:11:2019,12:00:00,306,306.000000,0.171275,0.130625,0.118500,0.114275,0.084350,0.035050,0.017875,0.012125,0.086925,0.095575,0.100650,0.102150,0.552473,4,4,4,4,4,4,4,4,4,4,4,4,4,-18.519800,146.386100,8.000000,lev15,Almucantar
Lucinda,03:11:2019,12:00:00,307,307.000000,0.088750,0.063850,0.055850,0.053100,0.050300,0.021650,0.011150,0.007500,0.038500,0.042200,0.044750,0.045650,0.691109,2,2,2,2,2,2,2,2,2,2,2,2,2,-18.519800,146.386100,8.000000,lev15,Almucantar
Lucinda,05:11:2019,12:00:00,309,309.000000,0.136450,0.095275,0.082675,0.078625,0.081425,0.034900,0.018400,0.012625,0.055075,0.060375,0.064250,0.066000,0.749617,4,4,4,4,4,4,4,4,4,4,4,4,4,-18.519800,146.386100,8.000000,lev15,Almucantar
Lucinda,06:11:2019,12:00:00,310,310.000000,0.088450,0.069300,0.063800,0.061850,0.043550,0.020450,0.011700,0.008450,0.044950,0.048850,0.052050,0.053400,0.490572,2,2,2,2,2,2,2,2,2,2,2,2,2,-18.519800,146.386100,8.000000,lev15,Almucantar
Lucinda,07:11:2019,12:00:00,311,311.000000,0.085100,0.078800,0.076900,0.076200,0.023000,0.011900,0.006900,0.004900,0.062100,0.066900,0.070000,0.071300,0.152314,1,1,1,1,1,1,1,1,1,1,1,1,1,-18.519800,146.386100,8.000000,lev15,Almucantar
Lucinda,08:11:2019,12:00:00,312,312.000000,0.122057,0.101314,0.095914,0.094229,0.050200,0.024229,0.014100,0.010214,0.071886,0.077071,0.081771,0.084014,0.366476,7,7,7,7,7,7,7,7,7,7,7,7,7,-18.519800,146.386100,8.000000,lev15,Almucantar
Lucinda,09:11:2019,12:00:00,313,313.000000,0.105700,0.073950,0.062700,0.058750,0.064650,0.030000,0.016300,0.011200,0.041050,0.043950,0.046350,0.047600,0.772158,2,2,2,2,2,2,2,2,2,2,2,2,2,-18.519800,146.386100,8.000000,lev15,Almucantar
Lucinda,10:11:2019,12:00:00,314,314.000000,0.226017,0.196967,0.190933,0.189400,0.071517,0.031617,0.017233,0.012150,0.154500,0.165350,0.173717,0.177267,0.259370,6,6,6,6,6,6,6,6,6,6,6,6,6,-18.519800,146.386100,8.000000,lev15,Almucantar
Lucinda,11:11:2019,12:00:00,315,315.000000,0.180100,0.144950,0.135975,0.132975,0.076475,0.033725,0.018750,0.013325,0.103625,0.111225,0.117250,0.119675,0.431251,4,4,4,4,4,4,4,4,4,4,4,4,4,-18.519800,146.386100,8.000000,lev15,Almucantar
Lucinda,12:11:2019,12:00:00,316,316.000000,0.176480,0.148020,0.137860,0.133720,0.079020,0.042420,0.025660,0.019000,0.097480,0.105640,0.112220,0.114700,0.379390,5,5,5,5,5,5,5,5,5,5,5,5,5,-18.519800,146.386100,8.000000,lev15,Almucantar
Lucinda,13:11:2019,12:00:00,317,317.000000,0.237543,0.179829,0.164243,0.159329,0.117714,0.050743,0.027357,0.019229,0.119857,0.129100,0.136886,0.140129,0.555170,7,7,7,7,7,7,7,7,7,7,7,7,7,-18.519800,146.386100,8.000000,lev15,Almucantar
Lucinda,14:11:2019,12:00:00,318,318.000000,0.252750,0.159050,0.124950,0.113850,0.178200,0.079100,0.040200,0.027000,0.074550,0.080000,0.084750,0.086900,1.048889,2,2,2,2,2,2,2,2,2,2,2,2,2,-18.519800,146.386100,8.000000,lev15,Almucantar
Lucinda,15:11:2019,12:00:00,319,319.000000,0.290967,0.193950,0.159517,0.147900,0.188067,0.083100,0.042617,0.028717,0.102917,0.110883,0.116900,0.119183,0.895453,6,6,6,6,6,6,6,6,6,6,6,6,6,-18.519800,146.386100,8.000000,lev15,Almucantar
Lucinda,16:11:2019,12:00:00,320,320.000000,0.268950,0.169100,0.131100,0.118025,0.193525,0.087400,0.044775,0.029850,0.075350,0.081650,0.086300,0.088125,1.060788,4,4,4,4,4,4,4,4,4,4,4,4,4,-18.519800,146.386100,8.000000,lev15,Almucantar
Lucinda,17:11:2019,12:00:00,321,321.000000,0.169050,0.112950,0.092400,0.085800,0.111950,0.051200,0.026900,0.018750,0.057100,0.061750,0.065550,0.067050,0.897156,2,2,2,2,2,2,2,2,2,2,2,2,2,-18.519800,146.386100,8.000000,lev15,Almucantar
Lucinda,18:11:2019,12:00:00,322,322.000000,0.201100,0.138160,0.115080,0.106940,0.130260,0.061040,0.032920,0.022820,0.070900,0.077140,0.082120,0.084140,0.832177,5,5,5,5,5,5,5,5,5,5,5,5,5,-18.519800,146.386100,8.000000,lev15,Almucantar
Lucinda,19:11:2019,12:00:00,323,323.000000,0.213457,0.135214,0.105800,0.094557,0.153271,0.069943,0.037229,0.024886,0.060200,0.065257,0.068543,0.069714,1.039674,7,7,7,7,7,7,7,7,7,7,7,7,7,-18.519800,146.386100,8.000000,lev15,Almucantar
Lucinda,20:11:2019,12:00:00,324,324.000000,0.218629,0.140100,0.110914,0.100657,0.152000,0.067657,0.034500,0.022729,0.066614,0.072414,0.076414,0.077929,1.004981,7,7,7,7,7,7,7,7,7,7,7,7,7,-18.519800,146.386100,8.000000,lev15,Almucantar
Lucinda,21:11:2019,12:00:00,325,325.000000,0.765786,0.377900,0.226114,0.171829,0.708300,0.315371,0.159700,0.103671,0.057471,0.062529,0.066429,0.068186,1.781370,7,7,7,7,7,7,7,7,7,7,7,7,7,-18.519800,146.386100,8.000000,lev15,Almucantar
Lucinda,22:11:2019,12:00:00,326,326.000000,0.156343,0.098100,0.074114,0.064943,0.116871,0.055014,0.029014,0.019329,0.039471,0.043071,0.045086,0.045643,0.999120,7,7,7,7,7,7,7,7,7,7,7,7,7,-18.519800,146.386100,8.000000,lev15,Almucantar
Lucinda,23:11:2019,12:00:00,327,327.000000,0.093500,0.067833,0.057100,0.053100,0.056600,0.026533,0.013767,0.009433,0.036900,0.041233,0.043300,0.043667,0.730385,3,3,3,3,3,3,3,3,3,3,3,3,3,-18.519800,146.386100,8.000000,lev15,Almucantar
Lucinda,24:11:2019,12:00:00,328,328.000000,0.239600,0.155100,0.119100,0.106500,0.174000,0.082900,0.042500,0.028400,0.065600,0.072100,0.076600,0.078100,1.031321,1,1,1,1,1,1,1,1,1,1,1,1,1,-18.519800,146.386100,8.000000,lev15,Almucantar
Lucinda,16:12:2019,12:00:00,350,350.000000,0.159100,0.096380,0.072720,0.064700,0.118360,0.052260,0.026120,0.017240,0.040720,0.044120,0.046600,0.047460,1.157935,5,5,5,5,5,5,5,5,5,5,5,5,5,-18.519800,146.386100,8.000000,lev15,Almucantar
Lucinda,17:12:2019,12:00:00,351,351.000000,0.260425,0.132112,0.088275,0.073288,0.222813,0.091825,0.046000,0.030162,0.037637,0.040313,0.042288,0.043100,1.594866,8,8,8,8,8,8,8,8,8,8,8,8,8,-18.519800,146.386100,8.000000,lev15,Almucantar
Lucinda,18:12:2019,12:00:00,352,352.000000,0.429367,0.244150,0.180117,0.158650,0.327050,0.132617,0.062033,0.038517,0.102317,0.111533,0.118100,0.120150,1.325307,6,6,6,6,6,6,6,6,6,6,6,6,6,-18.519800,146.386100,8.000000,lev15,Almucantar
Lucinda,19:12:2019,12:00:00,353,353.000000,0.172625,0.138650,0.123725,0.117675,0.085800,0.042375,0.022550,0.015575,0.086900,0.096325,0.101150,0.102175,0.497334,4,4,4,4,4,4,4,4,4,4,4,4,4,-18.519800,146.386100,8.000000,lev15,Almucantar
Lucinda,20:12:2019,12:00:00,354,354.000000,0.204825,0.144600,0.117425,0.107350,0.134075,0.066000,0.033850,0.022800,0.070775,0.078600,0.083550,0.084575,0.822032,4,4,4,4,4,4,4,4,4,4,4,4,4,-18.519800,146.386100,8.000000,lev15,Almucantar
Lucinda,22:12:2019,12:00:00,356,356.000000,0.168900,0.126500,0.111700,0.106900,0.094000,0.045000,0.024800,0.017200,0.074900,0.081500,0.086900,0.089700,0.616540,1,1,1,1,1,1,1,1,1,1,1,1,1,-18.519800,146.386100,8.000000,lev15,Almucantar
Lucinda,23:12:2019,12:00:00,357,357.000000,0.178000,0.113575,0.086025,0.076200,0.129425,0.060600,0.030150,0.019375,0.048600,0.053000,0.055850,0.056850,1.084087,4,4,4,4,4,4,4,4,4,4,4,4,4,-18.519800,146.386100,8.000000,lev15,Almucantar
Lucinda,24:12:2019,12:00:00,358,358.000000,0.397388,0.217425,0.142150,0.114937,0.341963,0.157238,0.078387,0.049750,0.055425,0.060163,0.063775,0.065175,1.452013,8,8,8,8,8,8,8,8,8,8,8,8,8,-18.519800,146.386100,8.000000,lev15,Almucantar
Lucinda,25:12:2019,12:00:00,359,359.000000,0.339800,0.212900,0.163914,0.146671,0.245886,0.111843,0.057486,0.037857,0.093929,0.101071,0.106429,0.108814,1.078889,7,7,7,7,7,7,7,7,7,7,7,7,7,-18.519800,146.386100,8.000000,lev15,Almucantar
Lucinda,26:12:2019,12:00:00,360,360.000000,0.489100,0.287600,0.208000,0.178200,0.391900,0.182500,0.097700,0.065800,0.097200,0.105100,0.110300,0.112500,1.261318,1,1,1,1,1,1,1,1,1,1,1,1,1,-18.519800,146.386100,8.000000,lev15,Almucantar
Lucinda,27:12:2019,12:00:00,361,361.000000,0.083250,0.060400,0.050550,0.046850,0.051400,0.025050,0.013200,0.009050,0.031850,0.035350,0.037350,0.037800,0.738196,2,2,2,2,2,2,2,2,2,2,2,2,2,-18.519800,146.386100,8.000000,lev15,Almucantar
Lucinda,28:12:2019,12:00:00,362,362.000000,0.050150,0.035550,0.028550,0.026100,0.033450,0.017100,0.009250,0.006650,0.016700,0.018550,0.019400,0.019500,0.829658,2,2,2,2,2,2,2,2,2,2,2,2,2,-18.519800,146.386100,8.000000,lev15,Almucantar
Lucinda,29:12:2019,12:00:00,363,363.000000,0.060825,0.043850,0.036775,0.034025,0.037650,0.018275,0.010050,0.007050,0.023175,0.025525,0.026725,0.026975,0.748505,4,4,4,4,4,4,4,4,4,4,4,4,4,-18.519800,146.386100,8.000000,lev15,Almucantar
Lucinda,30:12:2019,12:00:00,364,364.000000,0.141300,0.106300,0.093900,0.089467,0.074533,0.033600,0.017633,0.012167,0.066767,0.072767,0.076300,0.077300,0.621895,3,3,3,3,3,3,3,3,3,3,3,3,3,-18.519800,146.386100,8.000000,lev15,Almucantar
Lucinda,31:12:2019,12:00:00,365,365.000000,0.113267,0.061733,0.043767,0.037733,0.092300,0.038000,0.018333,0.011967,0.021033,0.023733,0.025467,0.025700,1.387857,3,3,3,3,3,3,3,3,3,3,3,3,3,-18.519800,146.386100,8.000000,lev15,Almucantar
Lucinda,01:01:2020,12:00:00,1,1.000000,0.121050,0.076433,0.060783,0.055317,0.084883,0.037183,0.019133,0.012617,0.036167,0.039267,0.041650,0.042700,1.020447,6,6,6,6,6,6,6,6,6,6,6,6,6,-18.519800,146.386100,8.000000,lev15,Almucantar
Lucinda,02:01:2020,12:00:00,2,2.000000,0.054400,0.037200,0.030300,0.027767,0.037700,0.018733,0.010400,0.007333,0.016733,0.018500,0.019933,0.020500,0.866442,3,3,3,3,3,3,3,3,3,3,3,3,3,-18.519800,146.386100,8.000000,lev15,Almucantar
Lucinda,05:01:2020,12:00:00,5,5.000000,0.188217,0.121283,0.093550,0.083617,0.135233,0.063800,0.032867,0.021883,0.052983,0.057500,0.060667,0.061767,1.022597,6,6,6,6,6,6,6,6,6,6,6,6,6,-18.519800,146.386100,8.000000,lev15,Almucantar
Lucinda,06:01:2020,12:00:00,6,6.000000,0.092500,0.059950,0.047550,0.043500,0.064700,0.029550,0.014950,0.009900,0.027800,0.030350,0.032600,0.033600,0.997152,2,2,2,2,2,2,2,2,2,2,2,2,2,-18.519800,146.386100,8.000000,lev15,Almucantar
Lucinda,09:01:2020,12:00:00,9,9.000000,0.149450,0.104500,0.080450,0.070550,0.109150,0.060600,0.034300,0.023700,0.040300,0.043900,0.046150,0.046850,0.897029,2,2,2,2,2,2,2,2,2,2,2,2,2,-18.519800,146.386100,8.000000,lev15,Almucantar
Lucinda,10:01:2020,12:00:00,10,10.000000,0.268500,0.186000,0.146800,0.130400,0.198100,0.108400,0.064400,0.046400,0.070500,0.077600,0.082400,0.084100,0.889082,1,1,1,1,1,1,1,1,1,1,1,1,1,-18.519800,146.386100,8.000000,lev15,Almucantar
Lucinda,11:01:2020,12:00:00,11,11.000000,0.158100,0.108100,0.083800,0.073900,0.115700,0.060700,0.033200,0.022400,0.042500,0.047400,0.050700,0.051500,0.933573,1,1,1,1,1,1,1,1,1,1,1,1,1,-18.519800,146.386100,8.000000,lev15,Almucantar
Lucinda,12:01:2020,12:00:00,12,12.000000,0.381157,0.265700,0.212071,0.191429,0.260586,0.136029,0.075414,0.051786,0.120614,0.129657,0.136657,0.139700,0.865966,7,7,7,7,7,7,7,7,7,7,7,7,7,-18.519800,146.386100,8.000000,lev15,Almucantar
Lucinda,13:01:2020,12:00:00,13,13.000000,0.311033,0.235767,0.203233,0.190367,0.186933,0.101167,0.060000,0.043367,0.124167,0.134600,0.143233,0.147033,0.637935,3,3,3,3,3,3,3,3,3,3,3,3,3,-18.519800,146.386100,8.000000,lev15,Almucantar
Lucinda,14:01:2020,12:00:00,14,14.000000,0.114500,0.091100,0.080600,0.076500,0.064300,0.036500,0.022200,0.016300,0.050200,0.054600,0.058500,0.060200,0.520055,1,1,1,1,1,1,1,1,1,1,1,1,1,-18.519800,146.386100,8.000000,lev15,Almucantar
Lucinda,15:01:2020,12:00:00,15,15.000000,0.116140,0.084320,0.071720,0.067500,0.070700,0.034120,0.018120,0.012720,0.045460,0.050240,0.053620,0.054800,0.712441,5,5,5,5,5,5,5,5,5,5,5,5,5,-18.519800,146.386100,8.000000,lev15,Almucantar
Lucinda,16:01:2020,12:00:00,16,16.000000,0.209675,0.138850,0.113025,0.103650,0.140475,0.063450,0.033250,0.022125,0.069225,0.075425,0.079775,0.081525,0.903765,4,4,4,4,4,4,4,4,4,4,4,4,4,-18.519800,146.386100,8.000000,lev15,Almucantar
Lucinda,17:01:2020,12:00:00,17,17.000000,0.233300,0.195133,0.183100,0.178933,0.096133,0.047150,0.026650,0.018850,0.137167,0.148050,0.156450,0.160100,0.382208,6,6,6,6,6,6,6,6,6,6,6,6,6,-18.519800,146.386100,8.000000,lev15,Almucantar
Lucinda,18:01:2020,12:00:00,18,18.000000,0.256357,0.213243,0.197943,0.192471,0.114229,0.059143,0.034157,0.024386,0.142157,0.154100,0.163786,0.168086,0.387193,7,7,7,7,7,7,7,7,7,7,7,7,7,-18.519800,146.386100,8.000000,lev15,Almucantar
Lucinda,19:01:2020,12:00:00,19,19.000000,0.176725,0.138425,0.123100,0.117100,0.095325,0.050325,0.029800,0.021425,0.081425,0.088100,0.093325,0.095675,0.538011,4,4,4,4,4,4,4,4,4,4,4,4,4,-18.519800,146.386100,8.000000,lev15,Almucantar
Lucinda,07:08:2020,12:00:00,220,220.000000,0.145700,0.127150,0.113700,0.104700,0.110500,0.090450,0.076100,0.066900,0.035150,0.036750,0.037600,0.037800,0.362566,2,2,2,2,2,2,2,2,2,2,2,2,2,-18.519800,146.386100,8.000000,lev15,Almucantar
Lucinda,10:08:2020,12:00:00,223,223.000000,0.081067,0.049667,0.037333,0.032700,0.067900,0.035633,0.022500,0.017500,0.013200,0.014033,0.014867,0.015167,1.146837,3,3,3,3,3,3,3,3,3,3,3,3,3,-18.519800,146.386100,8.000000,lev15,Almucantar
Lucinda,11:08:2020,12:00:00,224,224.000000,0.055244,0.035100,0.026044,0.023089,0.046144,0.025367,0.015811,0.012756,0.009100,0.009756,0.010233,0.010311,1.097236,9,9,9,9,9,9,9,9,9,9,9,9,9,-18.519800,146.386100,8.000000,lev15,Almucantar
Lucinda,12:08:2020,12:00:00,225,225.000000,0.089600,0.055300,0.041660,0.037080,0.071040,0.035220,0.020430,0.015590,0.018530,0.020080,0.021230,0.021500,1.123774,10,10,10,10,10,10,10,10,10,10,10,10,10,-18.519800,146.386100,8.000000,lev15,Almucantar
Lucinda,13:08:2020,12:00:00,226,226.000000,0.092463,0.061637,0.048988,0.044388,0.068925,0.036375,0.022238,0.017088,0.023538,0.025237,0.026750,0.027287,0.941396,8,8,8,8,8,8,8,8,8,8,8,8,8,-18.519800,146.386100,8.000000,lev15,Almucantar
Lucinda,14:08:2020,12:00:00,227,227.000000,0.091063,0.056438,0.042475,0.037088,0.072512,0.036550,0.021450,0.015600,0.018538,0.019875,0.021013,0.021512,1.122041,8,8,8,8,8,8,8,8,8,8,8,8,8,-18.519800,146.386100,8.000000,lev15,Almucantar
Lucinda,15:08:2020,12:00:00,228,228.000000,0.087500,0.054167,0.043800,0.040633,0.064267,0.028633,0.016567,0.012900,0.023233,0.025533,0.027200,0.027733,1.033181,3,3,3,3,3,3,3,3,3,3,3,3,3,-18.519800,146.386100,8.000000,lev15,Almucantar
Lucinda,16:08:2020,12:00:00,229,229.000000,0.133375,0.090612,0.074887,0.069250,0.092738,0.046337,0.027638,0.020812,0.040638,0.044263,0.047287,0.048450,0.870519,8,8,8,8,8,8,8,8,8,8,8,8,8,-18.519800,146.386100,8.000000,lev15,Almucantar
Lucinda,17:08:2020,12:00:00,230,230.000000,0.057929,0.035986,0.026386,0.023114,0.050400,0.028029,0.018043,0.014643,0.007500,0.007971,0.008357,0.008486,1.154443,7,7,7,7,7,7,7,7,7,7,7,7,7,-18.519800,146.386100,8.000000,lev15,Almucantar
Lucinda,18:08:2020,12:00:00,231,231.000000,0.044433,0.026767,0.019167,0.016300,0.039533,0.021467,0.013533,0.010633,0.004933,0.005333,0.005600,0.005667,1.226591,3,3,3,3,3,3,3,3,3,3,3,3,3,-18.519800,146.386100,8.000000,lev15,Almucantar
Lucinda,19:08:2020,12:00:00,232,232.000000,0.058300,0.035088,0.025100,0.021613,0.052312,0.028700,0.018400,0.014750,0.006025,0.006400,0.006712,0.006850,1.241845,8,8,8,8,8,8,8,8,8,8,8,8,8,-18.519800,146.386100,8.000000,lev15,Almucantar
Lucinda,21:08:2020,12:00:00,234,234.000000,0.099225,0.064450,0.048812,0.042363,0.083512,0.047763,0.031350,0.024562,0.015713,0.016700,0.017487,0.017775,1.058001,8,8,8,8,8,8,8,8,8,8,8,8,8,-18.519800,146.386100,8.000000,lev15,Almucantar
Lucinda,22:08:2020,12:00:00,235,235.000000,0.071911,0.044400,0.034167,0.030867,0.057767,0.028944,0.017733,0.014211,0.014156,0.015456,0.016456,0.016633,1.099885,9,9,9,9,9,9,9,9,9,9,9,9,9,-18.519800,146.386100,8.000000,lev15,Almucantar
Lucinda,23:08:2020,12:00:00,236,236.000000,0.081791,0.048600,0.036573,0.032273,0.067027,0.032600,0.019582,0.014945,0.014755,0.015982,0.017000,0.017345,1.188288,11,11,11,11,11,11,11,11,11,11,11,11,11,-18.519800,146.386100,8.000000,lev15,Almucantar
Lucinda,24:08:2020,12:00:00,237,237.000000,0.059029,0.036786,0.027829,0.025343,0.047643,0.024529,0.014914,0.012329,0.011343,0.012243,0.012929,0.013029,1.128893,7,7,7,7,7,7,7,7,7,7,7,7,7,-18.519800,146.386100,8.000000,lev15,Almucantar
Lucinda,25:08:2020,12:00:00,238,238.000000,0.084633,0.057167,0.047211,0.043711,0.058200,0.028578,0.016878,0.012800,0.026456,0.028578,0.030344,0.030911,0.877359,9,9,9,9,9,9,9,9,9,9,9,9,9,-18.519800,146.386100,8.000000,lev15,Almucantar
Lucinda,29:08:2020,12:00:00,242,242.000000,0.099025,0.081600,0.076300,0.074000,0.045300,0.022425,0.013525,0.009875,0.053750,0.059225,0.062775,0.064125,0.389841,4,4,4,4,4,4,4,4,4,4,4,4,4,-18.519800,146.386100,8.000000,lev15,Almucantar
Lucinda,02:09:2020,12:00:00,246,246.000000,0.130950,0.076200,0.056050,0.048250,0.110400,0.053900,0.032150,0.023600,0.020500,0.022300,0.023900,0.024600,1.255769,2,2,2,2,2,2,2,2,2,2,2,2,2,-18.519800,146.386100,8.000000,lev15,Almucantar
Lucinda,08:09:2020,12:00:00,252,252.000000,0.191950,0.153800,0.143450,0.139250,0.089100,0.042500,0.025700,0.018850,0.102850,0.111300,0.117800,0.120350,0.437353,2,2,2,2,2,2,2,2,2,2,2,2,2,-18.519800,146.386100,8.000000,lev15,Almucantar
Lucinda,09:09:2020,12:00:00,253,253.000000,0.090400,0.059600,0.047100,0.042100,0.068600,0.036100,0.021700,0.015700,0.021800,0.023600,0.025400,0.026400,0.964946,1,1,1,1,1,1,1,1,1,1,1,1,1,-18.519800,146.386100,8.000000,lev15,Almucantar
Lucinda,11:09:2020,12:00:00,255,255.000000,0.091578,0.062967,0.051622,0.047567,0.064122,0.033200,0.019822,0.014911,0.027467,0.029800,0.031811,0.032656,0.852931,9,9,9,9,9,9,9,9,9,9,9,9,9,-18.519800,146.386100,8.000000,lev15,Almucantar
Lucinda,12:09:2020,12:00:00,256,256.000000,0.114671,0.081986,0.070043,0.065986,0.072557,0.036129,0.021129,0.015943,0.042129,0.045871,0.048914,0.050029,0.743656,7,7,7,7,7,7,7,7,7,7,7,7,7,-18.519800,146.386100,8.000000,lev15,Almucantar
Lucinda,13:09:2020,12:00:00,257,257.000000,0.088540,0.060380,0.048640,0.044740,0.063400,0.032960,0.019260,0.014660,0.025140,0.027400,0.029400,0.030100,0.892586,5,5,5,5,5,5,5,5,5,5,5,5,5,-18.519800,146.386100,8.000000,lev15,Almucantar
Lucinda,15:09:2020,12:00:00,259,259.000000,0.138550,0.113850,0.107550,0.105300,0.060800,0.027450,0.015500,0.011400,0.077750,0.086450,0.092100,0.093900,0.382153,2,2,2,2,2,2,2,2,2,2,2,2,2,-18.519800,146.386100,8.000000,lev15,Almucantar
Lucinda,21:09:2020,12:00:00,265,265.000000,0.161233,0.130967,0.110333,0.100433,0.115667,0.082833,0.060167,0.049500,0.045567,0.048133,0.050200,0.050933,0.563743,3,3,3,3,3,3,3,3,3,3,3,3,3,-18.519800,146.386100,8.000000,lev15,Almucantar
Lucinda,22:09:2020,12:00:00,266,266.000000,0.236800,0.197286,0.182357,0.175471,0.118629,0.065543,0.041657,0.031914,0.118171,0.131757,0.140729,0.143557,0.393407,7,7,7,7,7,7,7,7,7,7,7,7,7,-18.519800,146.386100,8.000000,lev15,Almucantar
Lucinda,23:09:2020,12:00:00,267,267.000000,0.154517,0.118117,0.104050,0.098400,0.093933,0.051200,0.032350,0.025017,0.060550,0.066933,0.071717,0.073400,0.599720,6,6,6,6,6,6,6,6,6,6,6,6,6,-18.519800,146.386100,8.000000,lev15,Almucantar
Lucinda,25:09:2020,12:00:00,269,269.000000,0.149067,0.102050,0.082767,0.075133,0.109450,0.059383,0.037133,0.028267,0.039617,0.042650,0.045617,0.046883,0.891923,6,6,6,6,6,6,6,6,6,6,6,6,6,-18.519800,146.386100,8.000000,lev15,Almucantar
Lucinda,26:09:2020,12:00:00,270,270.000000,0.166112,0.108688,0.085437,0.076912,0.125725,0.064875,0.038562,0.028787,0.040400,0.043825,0.046850,0.048150,0.998714,8,8,8,8,8,8,8,8,8,8,8,8,8,-18.519800,146.386100,8.000000,lev15,Almucantar
Lucinda,27:09:2020,12:00:00,271,271.000000,0.140511,0.093278,0.073833,0.066500,0.106533,0.056656,0.034567,0.026078,0.034011,0.036656,0.039256,0.040433,0.950058,9,9,9,9,9,9,9,9,9,9,9,9,9,-18.519800,146.386100,8.000000,lev15,Almucantar
Lucinda,28:09:2020,12:00:00,272,272.000000,0.164750,0.116475,0.100575,0.094950,0.100825,0.047500,0.027350,0.020000,0.063975,0.068950,0.073200,0.074900,0.736075,4,4,4,4,4,4,4,4,4,4,4,4,4,-18.519800,146.386100,8.000000,lev15,Almucantar
Lucinda,29:09:2020,12:00:00,273,273.000000,0.169100,0.132000,0.121800,0.118000,0.080900,0.036800,0.021300,0.015400,0.088200,0.095200,0.100500,0.102600,0.493752,1,1,1,1,1,1,1,1,1,1,1,1,1,-18.519800,146.386100,8.000000,lev15,Almucantar
Lucinda,01:10:2020,12:00:00,275,275.000000,0.165567,0.123633,0.111200,0.106633,0.088767,0.038733,0.021633,0.015633,0.076833,0.084900,0.089567,0.090967,0.599608,3,3,3,3,3,3,3,3,3,3,3,3,3,-18.519800,146.386100,8.000000,lev15,Almucantar
Lucinda,02:10:2020,12:00:00,276,276.000000,0.148367,0.114767,0.103267,0.098733,0.080300,0.040100,0.024033,0.017867,0.068067,0.074667,0.079267,0.080867,0.544064,3,3,3,3,3,3,3,3,3,3,3,3,3,-18.519800,146.386100,8.000000,lev15,Almucantar
Lucinda,03:10:2020,12:00:00,277,277.000000,0.193400,0.168600,0.160100,0.157500,0.071300,0.036000,0.020400,0.014400,0.122100,0.132700,0.139700,0.143100,0.283199,1,1,1,1,1,1,1,1,1,1,1,1,1,-18.519800,146.386100,8.000000,lev15,Almucantar
Lucinda,04:10:2020,12:00:00,278,278.000000,0.172400,0.143533,0.131100,0.125533,0.083533,0.044533,0.025933,0.019300,0.088900,0.099000,0.105167,0.106233,0.406426,3,3,3,3,3,3,3,3,3,3,3,3,3,-18.519800,146.386100,8.000000,lev15,Almucantar
Lucinda,06:10:2020,12:00:00,280,280.000000,0.139700,0.109000,0.098100,0.093500,0.075500,0.038200,0.022900,0.017300,0.064200,0.070800,0.075200,0.076200,0.527973,1,1,1,1,1,1,1,1,1,1,1,1,1,-18.519800,146.386100,8.000000,lev15,Almucantar
Lucinda,07:10:2020,12:00:00,281,281.000000,0.111440,0.087640,0.076980,0.072420,0.068100,0.040560,0.026440,0.020600,0.043320,0.047060,0.050580,0.051840,0.551119,5,5,5,5,5,5,5,5,5,5,5,5,5,-18.519800,146.386100,8.000000,lev15,Almucantar
Lucinda,08:10:2020,12:00:00,282,282.000000,0.123450,0.095975,0.083925,0.079000,0.072625,0.040550,0.024975,0.018925,0.050800,0.055400,0.058950,0.060075,0.571126,4,4,4,4,4,4,4,4,4,4,4,4,4,-18.519800,146.386100,8.000000,lev15,Almucantar
Lucinda,09:10:2020,12:00:00,283,283.000000,0.107167,0.075100,0.059267,0.053950,0.078833,0.044533,0.026517,0.020383,0.028317,0.030567,0.032733,0.033567,0.886697,6,6,6,6,6,6,6,6,6,6,6,6,6,-18.519800,146.386100,8.000000,lev15,Almucantar
Lucinda,10:10:2020,12:00:00,284,284.000000,0.134650,0.097350,0.081150,0.074300,0.091700,0.051400,0.032300,0.024200,0.042950,0.046000,0.048850,0.050150,0.750792,2,2,2,2,2,2,2,2,2,2,2,2,2,-18.519800,146.386100,8.000000,lev15,Almucantar
Lucinda,11:10:2020,12:00:00,285,285.000000,0.123050,0.091750,0.080700,0.076300,0.076350,0.041200,0.026350,0.020400,0.046600,0.050500,0.054350,0.055900,0.643352,2,2,2,2,2,2,2,2,2,2,2,2,2,-18.519800,146.386100,8.000000,lev15,Almucantar
Lucinda,12:10:2020,12:00:00,286,286.000000,0.153000,0.116700,0.096900,0.089900,0.103000,0.063100,0.039600,0.031100,0.050000,0.053500,0.057400,0.058800,0.671526,1,1,1,1,1,1,1,1,1,1,1,1,1,-18.519800,146.386100,8.000000,lev15,Almucantar
Lucinda,31:10:2020,12:00:00,305,305.000000,0.175180,0.114840,0.086860,0.077960,0.145440,0.082520,0.052760,0.043480,0.029720,0.032340,0.034100,0.034480,1.034233,5,5,5,5,5,5,5,5,5,5,5,5,5,-18.519800,146.386100,8.000000,lev15,Almucantar
Lucinda,01:11:2020,12:00:00,306,306.000000,0.184275,0.119800,0.091550,0.080700,0.150500,0.083225,0.052850,0.041425,0.033750,0.036625,0.038700,0.039325,1.032815,4,4,4,4,4,4,4,4,4,4,4,4,4,-18.519800,146.386100,8.000000,lev15,Almucantar
Lucinda,02:11:2020,12:00:00,307,307.000000,0.186700,0.126800,0.099350,0.088750,0.136450,0.071500,0.041800,0.030800,0.050250,0.055300,0.057550,0.057950,0.930737,2,2,2,2,2,2,2,2,2,2,2,2,2,-18.519800,146.386100,8.000000,lev15,Almucantar
Lucinda,05:11:2020,12:00:00,310,310.000000,0.143300,0.103500,0.092900,0.090000,0.079700,0.034500,0.018800,0.013500,0.063600,0.069000,0.074100,0.076400,0.651834,1,1,1,1,1,1,1,1,1,1,1,1,1,-18.519800,146.386100,8.000000,lev15,Almucantar
Lucinda,06:11:2020,12:00:00,311,311.000000,0.195400,0.127200,0.101050,0.091400,0.144650,0.072450,0.042550,0.031150,0.050750,0.054750,0.058550,0.060250,0.967566,2,2,2,2,2,2,2,2,2,2,2,2,2,-18.519800,146.386100,8.000000,lev15,Almucantar
Lucinda,11:11:2020,12:00:00,316,316.000000,0.131600,0.109100,0.099300,0.094400,0.067400,0.038100,0.024000,0.017800,0.064200,0.071100,0.075300,0.076600,0.418428,1,1,1,1,1,1,1,1,1,1,1,1,1,-18.519800,146.386100,8.000000,lev15,Almucantar
Lucinda,12:11:2020,12:00:00,317,317.000000,0.123275,0.094875,0.081800,0.077150,0.071925,0.039175,0.022675,0.016875,0.051400,0.055675,0.059100,0.060300,0.610955,4,4,4,4,4,4,4,4,4,4,4,4,4,-18.519800,146.386100,8.000000,lev15,Almucantar
Lucinda,13:11:2020,12:00:00,318,318.000000,0.131200,0.101900,0.086600,0.079800,0.084100,0.051200,0.032800,0.024400,0.047100,0.050600,0.053900,0.055400,0.612125,1,1,1,1,1,1,1,1,1,1,1,1,1,-18.519800,146.386100,8.000000,lev15,Almucantar
Lucinda,14:11:2020,12:00:00,319,319.000000,0.148040,0.103640,0.084260,0.076680,0.105160,0.057580,0.035120,0.026080,0.042900,0.046060,0.049160,0.050600,0.828654,5,5,5,5,5,5,5,5,5,5,5,5,5,-18.519800,146.386100,8.000000,lev15,Almucantar
Lucinda,15:11:2020,12:00:00,320,320.000000,0.114000,0.086800,0.068050,0.061250,0.079950,0.050500,0.029450,0.021700,0.034050,0.036275,0.038625,0.039550,0.755265,4,4,4,4,4,4,4,4,4,4,4,4,4,-18.519800,146.386100,8.000000,lev15,Almucantar
Lucinda,16:11:2020,12:00:00,321,321.000000,0.117750,0.082750,0.068700,0.062600,0.083050,0.045500,0.029400,0.022350,0.034700,0.037250,0.039350,0.040200,0.799482,2,2,2,2,2,2,2,2,2,2,2,2,2,-18.519800,146.386100,8.000000,lev15,Almucantar
Lucinda,18:11:2020,12:00:00,323,323.000000,0.110200,0.091000,0.081700,0.077300,0.054800,0.030200,0.017900,0.012900,0.055400,0.060900,0.063800,0.064400,0.442942,1,1,1,1,1,1,1,1,1,1,1,1,1,-18.519800,146.386100,8.000000,lev15,Almucantar
Lucinda,19:11:2020,12:00:00,324,324.000000,0.131800,0.115600,0.106700,0.102000,0.063300,0.041100,0.028200,0.021700,0.068500,0.074500,0.078600,0.080300,0.311859,1,1,1,1,1,1,1,1,1,1,1,1,1,-18.519800,146.386100,8.000000,lev15,Almucantar
Lucinda,11:12:2020,12:00:00,346,346.000000,0.225200,0.182200,0.162300,0.152100,0.140900,0.090800,0.065600,0.053400,0.084400,0.091400,0.096700,0.098600,0.485332,1,1,1,1,1,1,1,1,1,1,1,1,1,-18.519800,146.386100,8.000000,lev15,Almucantar
Lucinda,12:12:2020,12:00:00,347,347.000000,0.166700,0.138133,0.126833,0.121900,0.080600,0.042033,0.024433,0.018067,0.086100,0.096167,0.102433,0.103800,0.407675,3,3,3,3,3,3,3,3,3,3,3,3,3,-18.519800,146.386100,8.000000,lev15,Almucantar
Lucinda,15:12:2020,12:00:00,350,350.000000,0.171667,0.120967,0.101700,0.095400,0.113967,0.058033,0.034167,0.025833,0.057700,0.062933,0.067533,0.069600,0.776261,3,3,3,3,3,3,3,3,3,3,3,3,3,-18.519800,146.386100,8.000000,lev15,Almucantar
