AERONET Data Download (Version 3 Direct Sun and Inversion Algorithms)
AERONET Version 3
Lucinda
Version 3: Almucantar Level 1.5 Inversion
The following data are cloud cleared and quality controls have been applied but these data may not have final calibration applied.  These data may change.
Daily Averages,Contact: PI=Thomas_Schroeder; PI Email=Thomas.Schroeder@csiro.au 
AERONET_AERONET_Site,Date(dd:mm:yyyy),Time(hh:mm:ss),Day_of_Year,Day_of_Year(fraction),VolC-T,REff-T,VMR-T,Std-T,VolC-F,REff-F,VMR-F,Std-F,VolC-C,REff-C,VMR-C,Std-C,N[VolC-T],N[REff-T],N[VMR-T],N[Std-T],N[VolC-F],N[REff-F],N[VMR-F],N[Std-F],N[VolC-C],N[REff-C],N[VMR-C],N[Std-C],Latitude(Degrees),Longitude(Degrees),Elevation(m),Level,Retrieval_Measurement_Scan_Type
Lucinda,25:03:2019,12:00:00,84,84.000000,0.053000,0.689000,1.458000,1.144000,0.010000,0.187000,0.209000,0.457000,0.043000,1.737000,2.258000,0.718000,1,1,1,1,1,1,1,1,1,1,1,1,-18.519800,146.386100,8.000000,lev15,Almucantar
Lucinda,08:04:2019,12:00:00,98,98.000000,0.075000,1.533500,2.698500,0.846000,0.003000,0.160500,0.191000,0.578500,0.072000,2.357000,3.007000,0.658000,2,2,2,2,2,2,2,2,2,2,2,2,-18.519800,146.386100,8.000000,lev15,Almucantar
Lucinda,12:04:2019,12:00:00,102,102.000000,0.093000,1.112000,2.187000,0.957000,0.006000,0.143000,0.165500,0.555500,0.087000,2.008000,2.592500,0.698500,2,2,2,2,2,2,2,2,2,2,2,2,-18.519800,146.386100,8.000000,lev15,Almucantar
Lucinda,13:04:2019,12:00:00,103,103.000000,0.072000,1.317000,2.296000,0.861500,0.003000,0.158500,0.193000,0.616000,0.069000,2.027000,2.585000,0.672500,2,2,2,2,2,2,2,2,2,2,2,2,-18.519800,146.386100,8.000000,lev15,Almucantar
Lucinda,15:04:2019,12:00:00,105,105.000000,0.077375,1.382625,2.642750,0.889375,0.003375,0.138500,0.166000,0.613375,0.074000,2.334500,2.999250,0.667750,8,8,8,8,8,8,8,8,8,8,8,8,-18.519800,146.386100,8.000000,lev15,Almucantar
Lucinda,17:04:2019,12:00:00,107,107.000000,0.065000,1.172333,2.465000,0.965333,0.003333,0.126333,0.152000,0.635000,0.062000,2.192333,2.882667,0.707667,3,3,3,3,3,3,3,3,3,3,3,3,-18.519800,146.386100,8.000000,lev15,Almucantar
Lucinda,18:04:2019,12:00:00,108,108.000000,0.056500,1.030000,2.276500,1.008500,0.004500,0.135500,0.158000,0.569000,0.052500,2.202000,2.822500,0.673000,2,2,2,2,2,2,2,2,2,2,2,2,-18.519800,146.386100,8.000000,lev15,Almucantar
Lucinda,20:04:2019,12:00:00,110,110.000000,0.064000,1.233800,2.264400,0.918800,0.003400,0.157600,0.185200,0.560600,0.060400,2.029000,2.621800,0.697800,5,5,5,5,5,5,5,5,5,5,5,5,-18.519800,146.386100,8.000000,lev15,Almucantar
Lucinda,21:04:2019,12:00:00,111,111.000000,0.038000,1.025500,1.790500,0.908000,0.003000,0.173500,0.203500,0.553000,0.035500,1.710000,2.137000,0.670000,2,2,2,2,2,2,2,2,2,2,2,2,-18.519800,146.386100,8.000000,lev15,Almucantar
Lucinda,22:04:2019,12:00:00,112,112.000000,0.035000,0.854000,1.697500,1.032500,0.003500,0.159500,0.185500,0.541000,0.031500,1.667000,2.175500,0.735000,2,2,2,2,2,2,2,2,2,2,2,2,-18.519800,146.386100,8.000000,lev15,Almucantar
Lucinda,25:04:2019,12:00:00,115,115.000000,0.016000,0.575000,1.413000,1.212000,0.002000,0.129000,0.147000,0.539000,0.013000,1.641000,2.158000,0.742000,1,1,1,1,1,1,1,1,1,1,1,1,-18.519800,146.386100,8.000000,lev15,Almucantar
Lucinda,26:04:2019,12:00:00,116,116.000000,0.032000,0.688000,1.454000,1.042000,0.004000,0.134000,0.156000,0.575000,0.028000,1.616000,1.982000,0.636000,1,1,1,1,1,1,1,1,1,1,1,1,-18.519800,146.386100,8.000000,lev15,Almucantar
Lucinda,02:05:2019,12:00:00,122,122.000000,0.081333,1.029333,2.228333,1.008667,0.005667,0.130667,0.152333,0.548333,0.075667,2.108333,2.735667,0.695000,3,3,3,3,3,3,3,3,3,3,3,3,-18.519800,146.386100,8.000000,lev15,Almucantar
Lucinda,04:05:2019,12:00:00,124,124.000000,0.047000,1.048000,2.014000,0.950000,0.004000,0.160000,0.187000,0.548000,0.043000,1.942000,2.455000,0.666000,1,1,1,1,1,1,1,1,1,1,1,1,-18.519800,146.386100,8.000000,lev15,Almucantar
Lucinda,05:05:2019,12:00:00,125,125.000000,0.015000,0.483000,1.198286,1.325000,0.003429,0.147714,0.164857,0.479714,0.011571,1.688857,2.272143,0.768429,7,7,7,7,7,7,7,7,7,7,7,7,-18.519800,146.386100,8.000000,lev15,Almucantar
Lucinda,06:05:2019,12:00:00,126,126.000000,0.015000,0.911667,2.139333,1.111000,0.002000,0.174333,0.195000,0.473667,0.012833,2.434167,3.059333,0.638667,6,6,6,6,6,6,6,6,6,6,6,6,-18.519800,146.386100,8.000000,lev15,Almucantar
Lucinda,07:05:2019,12:00:00,127,127.000000,0.030667,0.844000,2.087000,1.113833,0.003333,0.139167,0.156833,0.503833,0.027500,2.262167,2.876667,0.656667,6,6,6,6,6,6,6,6,6,6,6,6,-18.519800,146.386100,8.000000,lev15,Almucantar
Lucinda,08:05:2019,12:00:00,128,128.000000,0.029500,0.808500,2.007000,1.136833,0.003333,0.142833,0.159667,0.485500,0.026000,2.219333,2.832000,0.666167,6,6,6,6,6,6,6,6,6,6,6,6,-18.519800,146.386100,8.000000,lev15,Almucantar
Lucinda,12:05:2019,12:00:00,132,132.000000,0.065750,1.501500,2.932750,0.909250,0.002750,0.144000,0.170000,0.580000,0.063000,2.572750,3.337250,0.675500,4,4,4,4,4,4,4,4,4,4,4,4,-18.519800,146.386100,8.000000,lev15,Almucantar
Lucinda,23:05:2019,12:00:00,143,143.000000,0.075000,1.391000,2.464000,0.890000,0.003000,0.166000,0.192000,0.528000,0.072000,2.150000,2.785000,0.699000,1,1,1,1,1,1,1,1,1,1,1,1,-18.519800,146.386100,8.000000,lev15,Almucantar
Lucinda,24:05:2019,12:00:00,144,144.000000,0.058800,1.174200,2.329200,0.952000,0.003400,0.142200,0.164600,0.548800,0.055600,2.136000,2.755600,0.689200,5,5,5,5,5,5,5,5,5,5,5,5,-18.519800,146.386100,8.000000,lev15,Almucantar
Lucinda,04:06:2019,12:00:00,155,155.000000,0.007000,0.387000,1.072000,1.498000,0.002000,0.160000,0.181000,0.514000,0.004000,2.394000,3.061000,0.669000,1,1,1,1,1,1,1,1,1,1,1,1,-18.519800,146.386100,8.000000,lev15,Almucantar
Lucinda,25:06:2019,12:00:00,176,176.000000,0.114000,0.829000,2.215000,1.114000,0.010000,0.109000,0.119000,0.467000,0.104000,2.305000,2.936000,0.660000,1,1,1,1,1,1,1,1,1,1,1,1,-18.519800,146.386100,8.000000,lev15,Almucantar
Lucinda,27:06:2019,12:00:00,178,178.000000,0.027167,0.807667,2.008333,1.180333,0.004000,0.167500,0.202167,0.556500,0.023333,2.296000,2.979000,0.697500,6,6,6,6,6,6,6,6,6,6,6,6,-18.519800,146.386100,8.000000,lev15,Almucantar
Lucinda,29:06:2019,12:00:00,180,180.000000,0.077500,1.447500,2.288000,0.815500,0.003000,0.177500,0.210500,0.561000,0.075000,1.968500,2.499500,0.677500,2,2,2,2,2,2,2,2,2,2,2,2,-18.519800,146.386100,8.000000,lev15,Almucantar
Lucinda,30:06:2019,12:00:00,181,181.000000,0.018818,0.705091,1.470182,1.077727,0.002273,0.154636,0.178545,0.542364,0.016636,1.616182,2.062455,0.696364,11,11,11,11,11,11,11,11,11,11,11,11,-18.519800,146.386100,8.000000,lev15,Almucantar
Lucinda,02:07:2019,12:00:00,183,183.000000,0.038857,0.605286,1.532571,1.209571,0.005286,0.122000,0.138143,0.524857,0.033286,1.776857,2.304857,0.716714,7,7,7,7,7,7,7,7,7,7,7,7,-18.519800,146.386100,8.000000,lev15,Almucantar
Lucinda,03:07:2019,12:00:00,184,184.000000,0.031300,0.665400,1.588400,1.147800,0.004000,0.130600,0.148900,0.533200,0.027300,1.798700,2.294100,0.687500,10,10,10,10,10,10,10,10,10,10,10,10,-18.519800,146.386100,8.000000,lev15,Almucantar
Lucinda,12:07:2019,12:00:00,193,193.000000,0.041000,0.262000,0.792000,1.673000,0.018000,0.119000,0.127000,0.388000,0.024000,2.336000,3.050000,0.684000,1,1,1,1,1,1,1,1,1,1,1,1,-18.519800,146.386100,8.000000,lev15,Almucantar
Lucinda,13:07:2019,12:00:00,194,194.000000,0.014111,0.511556,1.483333,1.374889,0.003111,0.135222,0.150222,0.470889,0.011111,2.168556,2.828000,0.694333,9,9,9,9,9,9,9,9,9,9,9,9,-18.519800,146.386100,8.000000,lev15,Almucantar
Lucinda,14:07:2019,12:00:00,195,195.000000,0.022400,0.895600,2.287500,1.165000,0.002400,0.146300,0.169000,0.539400,0.020200,2.380600,3.191600,0.708900,10,10,10,10,10,10,10,10,10,10,10,10,-18.519800,146.386100,8.000000,lev15,Almucantar
Lucinda,15:07:2019,12:00:00,196,196.000000,0.023714,1.247143,2.800857,1.041714,0.002286,0.192857,0.227714,0.563143,0.021429,2.907571,3.698571,0.631286,7,7,7,7,7,7,7,7,7,7,7,7,-18.519800,146.386100,8.000000,lev15,Almucantar
Lucinda,16:07:2019,12:00:00,197,197.000000,0.023636,1.048909,2.354818,1.079909,0.001727,0.152909,0.177545,0.549182,0.021909,2.305000,3.060000,0.705727,11,11,11,11,11,11,11,11,11,11,11,11,-18.519800,146.386100,8.000000,lev15,Almucantar
Lucinda,17:07:2019,12:00:00,198,198.000000,0.028833,0.948167,2.342000,1.127167,0.002750,0.158333,0.182750,0.551333,0.025917,2.438833,3.231500,0.694583,12,12,12,12,12,12,12,12,12,12,12,12,-18.519800,146.386100,8.000000,lev15,Almucantar
Lucinda,18:07:2019,12:00:00,199,199.000000,0.012167,0.631833,1.673417,1.297083,0.002500,0.181583,0.207500,0.508667,0.009500,2.479417,3.114000,0.641167,12,12,12,12,12,12,12,12,12,12,12,12,-18.519800,146.386100,8.000000,lev15,Almucantar
Lucinda,19:07:2019,12:00:00,200,200.000000,0.016273,0.665545,1.863818,1.266727,0.002818,0.146727,0.164273,0.487455,0.013545,2.453000,3.093182,0.639818,11,11,11,11,11,11,11,11,11,11,11,11,-18.519800,146.386100,8.000000,lev15,Almucantar
Lucinda,20:07:2019,12:00:00,201,201.000000,0.045833,1.073500,2.437667,1.015667,0.003833,0.148000,0.166333,0.488667,0.042000,2.515500,3.123667,0.612833,6,6,6,6,6,6,6,6,6,6,6,6,-18.519800,146.386100,8.000000,lev15,Almucantar
Lucinda,21:07:2019,12:00:00,202,202.000000,0.038333,0.797417,1.955417,1.106333,0.004167,0.127750,0.143750,0.504500,0.034083,2.147417,2.686250,0.640917,12,12,12,12,12,12,12,12,12,12,12,12,-18.519800,146.386100,8.000000,lev15,Almucantar
Lucinda,22:07:2019,12:00:00,203,203.000000,0.038400,0.779400,1.770000,1.084800,0.004200,0.134800,0.153200,0.521800,0.034000,1.888400,2.396200,0.675800,5,5,5,5,5,5,5,5,5,5,5,5,-18.519800,146.386100,8.000000,lev15,Almucantar
Lucinda,24:07:2019,12:00:00,205,205.000000,0.036000,0.749833,1.880667,1.144000,0.004000,0.124167,0.140667,0.526833,0.031833,2.071000,2.643167,0.669500,6,6,6,6,6,6,6,6,6,6,6,6,-18.519800,146.386100,8.000000,lev15,Almucantar
Lucinda,25:07:2019,12:00:00,206,206.000000,0.060889,1.328778,2.805778,0.949111,0.003222,0.142000,0.169444,0.600333,0.057778,2.532111,3.301444,0.667444,9,9,9,9,9,9,9,9,9,9,9,9,-18.519800,146.386100,8.000000,lev15,Almucantar
Lucinda,27:07:2019,12:00:00,208,208.000000,0.061000,0.865500,2.137750,1.087250,0.006250,0.128500,0.143750,0.496250,0.055000,2.295500,2.870000,0.633500,4,4,4,4,4,4,4,4,4,4,4,4,-18.519800,146.386100,8.000000,lev15,Almucantar
Lucinda,29:07:2019,12:00:00,210,210.000000,0.054000,0.708500,1.944500,1.178000,0.007000,0.119000,0.131000,0.460000,0.047500,2.267500,2.827500,0.633000,2,2,2,2,2,2,2,2,2,2,2,2,-18.519800,146.386100,8.000000,lev15,Almucantar
Lucinda,30:07:2019,12:00:00,211,211.000000,0.073000,0.931000,2.294000,1.072000,0.007000,0.130000,0.148000,0.531000,0.066000,2.366000,3.005000,0.649000,1,1,1,1,1,1,1,1,1,1,1,1,-18.519800,146.386100,8.000000,lev15,Almucantar
Lucinda,31:07:2019,12:00:00,212,212.000000,0.070333,0.676000,2.027000,1.256667,0.010000,0.126333,0.139000,0.452667,0.060333,2.501000,3.172000,0.636667,3,3,3,3,3,3,3,3,3,3,3,3,-18.519800,146.386100,8.000000,lev15,Almucantar
Lucinda,01:08:2019,12:00:00,213,213.000000,0.089000,0.983000,1.992000,0.943000,0.007000,0.140000,0.162000,0.548000,0.082000,2.051000,2.476000,0.590000,1,1,1,1,1,1,1,1,1,1,1,1,-18.519800,146.386100,8.000000,lev15,Almucantar
Lucinda,02:08:2019,12:00:00,214,214.000000,0.062500,0.881000,1.863000,1.006500,0.005500,0.133500,0.153000,0.541500,0.057000,1.888500,2.364000,0.654500,2,2,2,2,2,2,2,2,2,2,2,2,-18.519800,146.386100,8.000000,lev15,Almucantar
Lucinda,05:08:2019,12:00:00,217,217.000000,0.066000,1.148600,2.232800,0.934600,0.004400,0.152400,0.177000,0.549000,0.061800,2.109800,2.665000,0.657800,5,5,5,5,5,5,5,5,5,5,5,5,-18.519800,146.386100,8.000000,lev15,Almucantar
Lucinda,06:08:2019,12:00:00,218,218.000000,0.083000,1.266000,2.126000,0.815000,0.004000,0.164000,0.195000,0.572000,0.078000,2.012000,2.426000,0.591000,1,1,1,1,1,1,1,1,1,1,1,1,-18.519800,146.386100,8.000000,lev15,Almucantar
Lucinda,08:08:2019,12:00:00,220,220.000000,0.032000,0.620750,1.426500,1.156000,0.005000,0.144500,0.163000,0.503000,0.026500,1.749750,2.189500,0.662750,4,4,4,4,4,4,4,4,4,4,4,4,-18.519800,146.386100,8.000000,lev15,Almucantar
Lucinda,09:08:2019,12:00:00,221,221.000000,0.026600,0.317600,0.925600,1.566600,0.010800,0.114000,0.123000,0.398800,0.016000,2.017600,2.671400,0.729200,5,5,5,5,5,5,5,5,5,5,5,5,-18.519800,146.386100,8.000000,lev15,Almucantar
Lucinda,12:08:2019,12:00:00,224,224.000000,0.026000,0.243500,0.721750,1.647750,0.012000,0.108000,0.115250,0.384750,0.013750,2.141000,2.794000,0.700000,4,4,4,4,4,4,4,4,4,4,4,4,-18.519800,146.386100,8.000000,lev15,Almucantar
Lucinda,13:08:2019,12:00:00,225,225.000000,0.081500,0.786250,2.049000,1.142000,0.009500,0.128500,0.142500,0.479500,0.071500,2.302500,2.896750,0.640750,4,4,4,4,4,4,4,4,4,4,4,4,-18.519800,146.386100,8.000000,lev15,Almucantar
Lucinda,14:08:2019,12:00:00,226,226.000000,0.057100,0.848700,2.092800,1.089500,0.005700,0.130600,0.146800,0.506700,0.051300,2.264300,2.832100,0.633100,10,10,10,10,10,10,10,10,10,10,10,10,-18.519800,146.386100,8.000000,lev15,Almucantar
Lucinda,17:08:2019,12:00:00,229,229.000000,0.048857,0.737571,1.765714,1.119286,0.006000,0.135000,0.150857,0.491429,0.042857,1.991000,2.497286,0.651143,7,7,7,7,7,7,7,7,7,7,7,7,-18.519800,146.386100,8.000000,lev15,Almucantar
Lucinda,18:08:2019,12:00:00,230,230.000000,0.039167,0.490667,1.336333,1.349000,0.008333,0.134500,0.146167,0.428500,0.030667,1.996333,2.547667,0.679333,6,6,6,6,6,6,6,6,6,6,6,6,-18.519800,146.386100,8.000000,lev15,Almucantar
Lucinda,19:08:2019,12:00:00,231,231.000000,0.038200,0.361300,1.079900,1.506700,0.011900,0.120800,0.130200,0.404900,0.026400,2.060300,2.650800,0.685800,10,10,10,10,10,10,10,10,10,10,10,10,-18.519800,146.386100,8.000000,lev15,Almucantar
Lucinda,20:08:2019,12:00:00,232,232.000000,0.097900,0.818300,1.927100,1.047300,0.008200,0.111400,0.123700,0.492700,0.089700,2.019900,2.493500,0.636200,10,10,10,10,10,10,10,10,10,10,10,10,-18.519800,146.386100,8.000000,lev15,Almucantar
Lucinda,21:08:2019,12:00:00,233,233.000000,0.076667,0.870222,1.967667,1.034000,0.006444,0.121444,0.137889,0.530556,0.070000,2.011444,2.515000,0.653444,9,9,9,9,9,9,9,9,9,9,9,9,-18.519800,146.386100,8.000000,lev15,Almucantar
Lucinda,22:08:2019,12:00:00,234,234.000000,0.033917,0.680167,1.806000,1.237500,0.004833,0.128333,0.144000,0.501333,0.029083,2.156250,2.806750,0.694583,12,12,12,12,12,12,12,12,12,12,12,12,-18.519800,146.386100,8.000000,lev15,Almucantar
Lucinda,23:08:2019,12:00:00,235,235.000000,0.028364,0.653091,1.714091,1.325455,0.004364,0.136818,0.151455,0.458727,0.024000,2.368545,3.050182,0.669909,11,11,11,11,11,11,11,11,11,11,11,11,-18.519800,146.386100,8.000000,lev15,Almucantar
Lucinda,24:08:2019,12:00:00,236,236.000000,0.085667,0.787333,1.996667,1.124667,0.009000,0.123667,0.138667,0.505333,0.076667,2.156333,2.737667,0.663667,3,3,3,3,3,3,3,3,3,3,3,3,-18.519800,146.386100,8.000000,lev15,Almucantar
Lucinda,25:08:2019,12:00:00,237,237.000000,0.039750,0.934250,1.918750,1.011250,0.003500,0.153500,0.176750,0.535750,0.036000,1.912000,2.440000,0.682750,4,4,4,4,4,4,4,4,4,4,4,4,-18.519800,146.386100,8.000000,lev15,Almucantar
Lucinda,26:08:2019,12:00:00,238,238.000000,0.041500,0.772600,1.782000,1.112700,0.004600,0.138700,0.157300,0.520500,0.036900,1.920100,2.466200,0.693100,10,10,10,10,10,10,10,10,10,10,10,10,-18.519800,146.386100,8.000000,lev15,Almucantar
Lucinda,27:08:2019,12:00:00,239,239.000000,0.041571,0.622000,1.715857,1.242714,0.006286,0.127429,0.141286,0.478857,0.035286,2.115286,2.701286,0.668429,7,7,7,7,7,7,7,7,7,7,7,7,-18.519800,146.386100,8.000000,lev15,Almucantar
Lucinda,29:08:2019,12:00:00,241,241.000000,0.034333,0.539833,1.391000,1.272333,0.006833,0.140333,0.155667,0.467167,0.027500,1.896667,2.414000,0.678667,6,6,6,6,6,6,6,6,6,6,6,6,-18.519800,146.386100,8.000000,lev15,Almucantar
Lucinda,30:08:2019,12:00:00,242,242.000000,0.039500,0.681000,1.675333,1.199333,0.006167,0.148167,0.165000,0.471333,0.033167,2.046000,2.604333,0.670667,6,6,6,6,6,6,6,6,6,6,6,6,-18.519800,146.386100,8.000000,lev15,Almucantar
Lucinda,31:08:2019,12:00:00,243,243.000000,0.054500,0.600875,1.601000,1.245125,0.009125,0.133625,0.147250,0.455125,0.045500,2.071375,2.605125,0.653375,8,8,8,8,8,8,8,8,8,8,8,8,-18.519800,146.386100,8.000000,lev15,Almucantar
Lucinda,01:09:2019,12:00:00,244,244.000000,0.051500,0.631833,1.599000,1.220000,0.008333,0.142000,0.156000,0.445333,0.043000,2.028000,2.560500,0.660167,6,6,6,6,6,6,6,6,6,6,6,6,-18.519800,146.386100,8.000000,lev15,Almucantar
Lucinda,09:10:2019,12:00:00,282,282.000000,0.062500,0.689500,1.931500,1.225500,0.008500,0.129500,0.143000,0.469000,0.053500,2.331000,2.955500,0.655000,2,2,2,2,2,2,2,2,2,2,2,2,-18.519800,146.386100,8.000000,lev15,Almucantar
Lucinda,11:10:2019,12:00:00,284,284.000000,0.055500,0.471500,1.310500,1.346000,0.012500,0.129500,0.141000,0.427500,0.043500,1.997500,2.499000,0.653500,2,2,2,2,2,2,2,2,2,2,2,2,-18.519800,146.386100,8.000000,lev15,Almucantar
Lucinda,12:10:2019,12:00:00,285,285.000000,0.046000,0.444000,1.365000,1.431000,0.011000,0.122000,0.133000,0.425000,0.036000,2.123000,2.752000,0.696000,1,1,1,1,1,1,1,1,1,1,1,1,-18.519800,146.386100,8.000000,lev15,Almucantar
Lucinda,13:10:2019,12:00:00,286,286.000000,0.021000,0.470000,1.301500,1.375000,0.005000,0.136500,0.151000,0.466000,0.016500,1.920000,2.534000,0.729500,2,2,2,2,2,2,2,2,2,2,2,2,-18.519800,146.386100,8.000000,lev15,Almucantar
Lucinda,14:10:2019,12:00:00,287,287.000000,0.121000,1.293000,4.014000,1.149000,0.008000,0.131000,0.150000,0.536000,0.112000,3.524000,5.080000,0.751000,1,1,1,1,1,1,1,1,1,1,1,1,-18.519800,146.386100,8.000000,lev15,Almucantar
Lucinda,20:10:2019,12:00:00,293,293.000000,0.027000,0.573000,1.632000,1.303000,0.005000,0.131000,0.146000,0.495000,0.022000,2.114000,2.745000,0.698000,1,1,1,1,1,1,1,1,1,1,1,1,-18.519800,146.386100,8.000000,lev15,Almucantar
Lucinda,22:10:2019,12:00:00,295,295.000000,0.098500,0.754500,1.822000,1.142000,0.013000,0.143000,0.159000,0.473500,0.085500,2.053500,2.614500,0.672000,2,2,2,2,2,2,2,2,2,2,2,2,-18.519800,146.386100,8.000000,lev15,Almucantar
Lucinda,25:10:2019,12:00:00,298,298.000000,0.116500,1.003250,2.036000,0.967000,0.009500,0.147000,0.165250,0.492750,0.107000,2.083750,2.550250,0.614750,4,4,4,4,4,4,4,4,4,4,4,4,-18.519800,146.386100,8.000000,lev15,Almucantar
Lucinda,26:10:2019,12:00:00,299,299.000000,0.082000,0.795500,1.786000,1.081500,0.010000,0.150500,0.167000,0.462000,0.071500,2.029000,2.499500,0.628500,2,2,2,2,2,2,2,2,2,2,2,2,-18.519800,146.386100,8.000000,lev15,Almucantar
Lucinda,27:10:2019,12:00:00,300,300.000000,0.036600,0.600800,1.415600,1.186600,0.006000,0.139600,0.156400,0.496600,0.030400,1.719600,2.194000,0.695600,5,5,5,5,5,5,5,5,5,5,5,5,-18.519800,146.386100,8.000000,lev15,Almucantar
Lucinda,28:10:2019,12:00:00,301,301.000000,0.041500,0.628500,1.458500,1.146000,0.006500,0.136000,0.153500,0.511500,0.035000,1.750000,2.182500,0.655500,2,2,2,2,2,2,2,2,2,2,2,2,-18.519800,146.386100,8.000000,lev15,Almucantar
Lucinda,31:10:2019,12:00:00,304,304.000000,0.100000,0.885000,1.695000,0.947000,0.010000,0.155000,0.176000,0.515000,0.090000,1.808000,2.165000,0.593000,1,1,1,1,1,1,1,1,1,1,1,1,-18.519800,146.386100,8.000000,lev15,Almucantar
Lucinda,01:11:2019,12:00:00,305,305.000000,0.101667,0.783667,1.698000,1.032667,0.010333,0.130333,0.150000,0.551333,0.091333,1.807333,2.234667,0.640333,3,3,3,3,3,3,3,3,3,3,3,3,-18.519800,146.386100,8.000000,lev15,Almucantar
Lucinda,02:11:2019,12:00:00,306,306.000000,0.109000,0.736500,1.711000,1.110500,0.013500,0.138000,0.154000,0.482250,0.095250,1.943250,2.419750,0.646750,4,4,4,4,4,4,4,4,4,4,4,4,-18.519800,146.386100,8.000000,lev15,Almucantar
Lucinda,03:11:2019,12:00:00,307,307.000000,0.064000,0.631500,1.993500,1.348000,0.010000,0.122500,0.135000,0.463000,0.053500,2.420500,3.286500,0.733000,2,2,2,2,2,2,2,2,2,2,2,2,-18.519800,146.386100,8.000000,lev15,Almucantar
Lucinda,05:11:2019,12:00:00,309,309.000000,0.063250,0.444500,1.082500,1.296500,0.016250,0.119250,0.131250,0.449500,0.047500,1.620750,2.020000,0.673750,4,4,4,4,4,4,4,4,4,4,4,4,-18.519800,146.386100,8.000000,lev15,Almucantar
Lucinda,06:11:2019,12:00:00,310,310.000000,0.048000,0.759000,1.807500,1.115500,0.005000,0.125000,0.143500,0.548000,0.043000,1.874000,2.435000,0.715000,2,2,2,2,2,2,2,2,2,2,2,2,-18.519800,146.386100,8.000000,lev15,Almucantar
Lucinda,07:11:2019,12:00:00,311,311.000000,0.071000,1.326000,2.267000,0.817000,0.003000,0.144000,0.171000,0.585000,0.068000,2.101000,2.547000,0.606000,1,1,1,1,1,1,1,1,1,1,1,1,-18.519800,146.386100,8.000000,lev15,Almucantar
Lucinda,08:11:2019,12:00:00,312,312.000000,0.083286,0.935571,2.001143,1.001286,0.006429,0.124429,0.144429,0.565429,0.077000,1.986286,2.490143,0.655429,7,7,7,7,7,7,7,7,7,7,7,7,-18.519800,146.386100,8.000000,lev15,Almucantar
Lucinda,09:11:2019,12:00:00,313,313.000000,0.056500,0.590000,1.750500,1.321500,0.009000,0.114000,0.128000,0.495000,0.047500,2.189500,2.853000,0.698000,2,2,2,2,2,2,2,2,2,2,2,2,-18.519800,146.386100,8.000000,lev15,Almucantar
Lucinda,10:11:2019,12:00:00,314,314.000000,0.180833,1.060833,2.194333,0.931667,0.010167,0.110000,0.126500,0.569333,0.170833,2.127333,2.604833,0.620167,6,6,6,6,6,6,6,6,6,6,6,6,-18.519800,146.386100,8.000000,lev15,Almucantar
Lucinda,11:11:2019,12:00:00,315,315.000000,0.164500,1.073250,2.847750,1.085500,0.011500,0.113000,0.129000,0.542750,0.153750,2.724250,3.591750,0.679500,4,4,4,4,4,4,4,4,4,4,4,4,-18.519800,146.386100,8.000000,lev15,Almucantar
Lucinda,12:11:2019,12:00:00,316,316.000000,0.112200,0.865800,1.938200,1.054800,0.010200,0.141400,0.159600,0.509800,0.101800,1.973800,2.518000,0.681600,5,5,5,5,5,5,5,5,5,5,5,5,-18.519800,146.386100,8.000000,lev15,Almucantar
Lucinda,13:11:2019,12:00:00,317,317.000000,0.157714,0.864286,2.329286,1.150571,0.014571,0.117714,0.132143,0.507286,0.143857,2.309429,3.094000,0.725286,7,7,7,7,7,7,7,7,7,7,7,7,-18.519800,146.386100,8.000000,lev15,Almucantar
Lucinda,14:11:2019,12:00:00,318,318.000000,0.091500,0.499500,1.299500,1.287500,0.019000,0.133000,0.144500,0.414500,0.072500,1.876000,2.333500,0.653000,2,2,2,2,2,2,2,2,2,2,2,2,-18.519800,146.386100,8.000000,lev15,Almucantar
Lucinda,15:11:2019,12:00:00,319,319.000000,0.152000,0.677333,1.994333,1.294000,0.023333,0.130833,0.143333,0.443167,0.128667,2.382000,3.159333,0.689833,6,6,6,6,6,6,6,6,6,6,6,6,-18.519800,146.386100,8.000000,lev15,Almucantar
Lucinda,16:11:2019,12:00:00,320,320.000000,0.099250,0.478750,1.226000,1.315000,0.024000,0.143250,0.154500,0.393500,0.075250,1.901250,2.377750,0.654750,4,4,4,4,4,4,4,4,4,4,4,4,-18.519800,146.386100,8.000000,lev15,Almucantar
Lucinda,17:11:2019,12:00:00,321,321.000000,0.067500,0.606000,1.505500,1.220500,0.011500,0.140000,0.154500,0.451000,0.056500,1.883500,2.397500,0.689000,2,2,2,2,2,2,2,2,2,2,2,2,-18.519800,146.386100,8.000000,lev15,Almucantar
Lucinda,18:11:2019,12:00:00,322,322.000000,0.085400,0.633800,1.539200,1.203800,0.014200,0.145800,0.161400,0.461800,0.071600,1.884400,2.411600,0.688200,5,5,5,5,5,5,5,5,5,5,5,5,-18.519800,146.386100,8.000000,lev15,Almucantar
Lucinda,19:11:2019,12:00:00,323,323.000000,0.084571,0.434714,1.137571,1.377857,0.024857,0.136429,0.149143,0.429143,0.059714,1.907857,2.421429,0.678714,7,7,7,7,7,7,7,7,7,7,7,7,-18.519800,146.386100,8.000000,lev15,Almucantar
Lucinda,20:11:2019,12:00:00,324,324.000000,0.087571,0.491857,1.277143,1.308857,0.020000,0.139000,0.152000,0.432000,0.067571,1.899857,2.389429,0.667857,7,7,7,7,7,7,7,7,7,7,7,7,-18.519800,146.386100,8.000000,lev15,Almucantar
Lucinda,21:11:2019,12:00:00,325,325.000000,0.155000,0.233714,0.488429,1.449857,0.091857,0.143857,0.154714,0.390714,0.062857,1.916857,2.434857,0.688857,7,7,7,7,7,7,7,7,7,7,7,7,-18.519800,146.386100,8.000000,lev15,Almucantar
Lucinda,22:11:2019,12:00:00,326,326.000000,0.061286,0.504429,1.251143,1.345000,0.019000,0.135000,0.147714,0.433571,0.042000,2.013286,2.558143,0.665143,7,7,7,7,7,7,7,7,7,7,7,7,-18.519800,146.386100,8.000000,lev15,Almucantar
Lucinda,23:11:2019,12:00:00,327,327.000000,0.044333,0.683667,1.506667,1.138333,0.007333,0.164333,0.184000,0.472667,0.037333,1.786333,2.274000,0.685333,3,3,3,3,3,3,3,3,3,3,3,3,-18.519800,146.386100,8.000000,lev15,Almucantar
Lucinda,24:11:2019,12:00:00,328,328.000000,0.086000,0.509000,1.254000,1.283000,0.020000,0.152000,0.167000,0.443000,0.066000,1.838000,2.334000,0.674000,1,1,1,1,1,1,1,1,1,1,1,1,-18.519800,146.386100,8.000000,lev15,Almucantar
Lucinda,16:12:2019,12:00:00,350,350.000000,0.058600,0.465600,1.285600,1.388000,0.014600,0.137800,0.148600,0.401600,0.043800,2.043400,2.618400,0.685600,5,5,5,5,5,5,5,5,5,5,5,5,-18.519800,146.386100,8.000000,lev15,Almucantar
Lucinda,17:12:2019,12:00:00,351,351.000000,0.085500,0.270625,0.760875,1.622250,0.039375,0.123000,0.130625,0.352375,0.046250,2.248000,2.892125,0.682500,8,8,8,8,8,8,8,8,8,8,8,8,-18.519800,146.386100,8.000000,lev15,Almucantar
Lucinda,18:12:2019,12:00:00,352,352.000000,0.164833,0.391500,1.091333,1.446667,0.047000,0.130833,0.140833,0.390667,0.117833,2.044167,2.569333,0.653667,6,6,6,6,6,6,6,6,6,6,6,6,-18.519800,146.386100,8.000000,lev15,Almucantar
Lucinda,19:12:2019,12:00:00,353,353.000000,0.109750,0.905250,1.909500,1.053500,0.011750,0.165250,0.185500,0.481250,0.098250,1.982250,2.541000,0.682500,4,4,4,4,4,4,4,4,4,4,4,4,-18.519800,146.386100,8.000000,lev15,Almucantar
Lucinda,20:12:2019,12:00:00,354,354.000000,0.093250,0.594000,1.414250,1.227250,0.018000,0.154500,0.170750,0.456500,0.075250,1.838750,2.360000,0.690250,4,4,4,4,4,4,4,4,4,4,4,4,-18.519800,146.386100,8.000000,lev15,Almucantar
Lucinda,22:12:2019,12:00:00,356,356.000000,0.085000,0.668000,1.456000,1.099000,0.012000,0.143000,0.161000,0.501000,0.073000,1.696000,2.096000,0.657000,1,1,1,1,1,1,1,1,1,1,1,1,-18.519800,146.386100,8.000000,lev15,Almucantar
Lucinda,23:12:2019,12:00:00,357,357.000000,0.069750,0.479000,1.188250,1.338500,0.018500,0.145250,0.157750,0.412000,0.051500,1.932250,2.442750,0.668250,4,4,4,4,4,4,4,4,4,4,4,4,-18.519800,146.386100,8.000000,lev15,Almucantar
Lucinda,24:12:2019,12:00:00,358,358.000000,0.098375,0.345750,0.883500,1.451750,0.038500,0.143750,0.154750,0.391875,0.059750,1.938250,2.472500,0.681750,8,8,8,8,8,8,8,8,8,8,8,8,-18.519800,146.386100,8.000000,lev15,Almucantar
Lucinda,25:12:2019,12:00:00,359,359.000000,0.137714,0.401286,1.122429,1.432286,0.039714,0.127857,0.136857,0.377286,0.098000,2.011714,2.526571,0.660143,7,7,7,7,7,7,7,7,7,7,7,7,-18.519800,146.386100,8.000000,lev15,Almucantar
Lucinda,26:12:2019,12:00:00,360,360.000000,0.129000,0.325000,0.766000,1.366000,0.048000,0.136000,0.147000,0.412000,0.082000,1.671000,1.998000,0.596000,1,1,1,1,1,1,1,1,1,1,1,1,-18.519800,146.386100,8.000000,lev15,Almucantar
Lucinda,27:12:2019,12:00:00,361,361.000000,0.039000,0.716500,1.655500,1.164500,0.006000,0.162500,0.180500,0.463500,0.033500,1.894500,2.475500,0.713000,2,2,2,2,2,2,2,2,2,2,2,2,-18.519800,146.386100,8.000000,lev15,Almucantar
Lucinda,28:12:2019,12:00:00,362,362.000000,0.020000,0.568000,1.244500,1.225000,0.005000,0.177000,0.195000,0.433000,0.015000,1.655500,2.174500,0.744500,2,2,2,2,2,2,2,2,2,2,2,2,-18.519800,146.386100,8.000000,lev15,Almucantar
Lucinda,29:12:2019,12:00:00,363,363.000000,0.028500,0.671750,1.592000,1.184250,0.004750,0.159250,0.178250,0.476250,0.023750,1.907500,2.470500,0.696000,4,4,4,4,4,4,4,4,4,4,4,4,-18.519800,146.386100,8.000000,lev15,Almucantar
Lucinda,30:12:2019,12:00:00,364,364.000000,0.081333,0.833667,1.766667,1.083333,0.009333,0.138333,0.159000,0.536333,0.071667,1.952667,2.455333,0.660000,3,3,3,3,3,3,3,3,3,3,3,3,-18.519800,146.386100,8.000000,lev15,Almucantar
Lucinda,31:12:2019,12:00:00,365,365.000000,0.032000,0.311333,0.789000,1.469333,0.012000,0.131000,0.144000,0.444000,0.020000,1.648333,2.192000,0.754667,3,3,3,3,3,3,3,3,3,3,3,3,-18.519800,146.386100,8.000000,lev15,Almucantar
Lucinda,01:01:2020,12:00:00,1,1.000000,0.051667,0.384500,1.130167,1.471667,0.014833,0.117500,0.127167,0.418333,0.036667,1.952333,2.542667,0.710333,6,6,6,6,6,6,6,6,6,6,6,6,-18.519800,146.386100,8.000000,lev15,Almucantar
Lucinda,02:01:2020,12:00:00,2,2.000000,0.019667,0.528333,1.258667,1.249333,0.004000,0.150667,0.169000,0.484333,0.015000,1.666000,2.175000,0.723667,3,3,3,3,3,3,3,3,3,3,3,3,-18.519800,146.386100,8.000000,lev15,Almucantar
Lucinda,05:01:2020,12:00:00,5,5.000000,0.073500,0.488000,1.330167,1.341667,0.017000,0.135167,0.148667,0.452833,0.056500,2.006333,2.539667,0.662167,6,6,6,6,6,6,6,6,6,6,6,6,-18.519800,146.386100,8.000000,lev15,Almucantar
Lucinda,06:01:2020,12:00:00,6,6.000000,0.035000,0.440000,1.135000,1.339000,0.009000,0.135000,0.147000,0.439000,0.026500,1.745000,2.234000,0.699500,2,2,2,2,2,2,2,2,2,2,2,2,-18.519800,146.386100,8.000000,lev15,Almucantar
Lucinda,09:01:2020,12:00:00,9,9.000000,0.057500,0.626000,1.368500,1.185000,0.014000,0.195000,0.216500,0.445000,0.043000,1.984000,2.434000,0.625000,2,2,2,2,2,2,2,2,2,2,2,2,-18.519800,146.386100,8.000000,lev15,Almucantar
Lucinda,10:01:2020,12:00:00,10,10.000000,0.079000,0.512000,1.183000,1.245000,0.019000,0.161000,0.182000,0.490000,0.060000,1.670000,2.147000,0.705000,1,1,1,1,1,1,1,1,1,1,1,1,-18.519800,146.386100,8.000000,lev15,Almucantar
Lucinda,11:01:2020,12:00:00,11,11.000000,0.064000,0.610000,1.585000,1.306000,0.013000,0.165000,0.183000,0.454000,0.051000,2.048000,2.782000,0.752000,1,1,1,1,1,1,1,1,1,1,1,1,-18.519800,146.386100,8.000000,lev15,Almucantar
Lucinda,12:01:2020,12:00:00,12,12.000000,0.148143,0.679429,1.589429,1.162857,0.025000,0.160571,0.177714,0.447000,0.123143,1.990000,2.479429,0.645286,7,7,7,7,7,7,7,7,7,7,7,7,-18.519800,146.386100,8.000000,lev15,Almucantar
Lucinda,13:01:2020,12:00:00,13,13.000000,0.131667,0.713333,1.549333,1.111667,0.018667,0.158000,0.178667,0.499667,0.113000,1.748333,2.231000,0.695000,3,3,3,3,3,3,3,3,3,3,3,3,-18.519800,146.386100,8.000000,lev15,Almucantar
Lucinda,14:01:2020,12:00:00,14,14.000000,0.051000,0.751000,1.518000,1.054000,0.007000,0.163000,0.187000,0.520000,0.044000,1.643000,2.082000,0.692000,1,1,1,1,1,1,1,1,1,1,1,1,-18.519800,146.386100,8.000000,lev15,Almucantar
Lucinda,15:01:2020,12:00:00,15,15.000000,0.050400,0.675200,1.425600,1.120000,0.008200,0.168000,0.186000,0.447400,0.041800,1.685200,2.137800,0.690200,5,5,5,5,5,5,5,5,5,5,5,5,-18.519800,146.386100,8.000000,lev15,Almucantar
Lucinda,16:01:2020,12:00:00,16,16.000000,0.078000,0.549250,1.226500,1.191500,0.016250,0.149000,0.164500,0.451250,0.061750,1.700000,2.092000,0.639750,4,4,4,4,4,4,4,4,4,4,4,4,-18.519800,146.386100,8.000000,lev15,Almucantar
Lucinda,17:01:2020,12:00:00,17,17.000000,0.150667,0.963667,1.995833,0.980500,0.011500,0.135500,0.155500,0.537667,0.139333,1.981333,2.475833,0.651667,6,6,6,6,6,6,6,6,6,6,6,6,-18.519800,146.386100,8.000000,lev15,Almucantar
Lucinda,18:01:2020,12:00:00,18,18.000000,0.142714,0.858429,1.743571,1.002429,0.013286,0.142000,0.164000,0.548143,0.129429,1.777000,2.223857,0.667000,7,7,7,7,7,7,7,7,7,7,7,7,-18.519800,146.386100,8.000000,lev15,Almucantar
Lucinda,19:01:2020,12:00:00,19,19.000000,0.083750,0.741500,1.528500,1.042250,0.011750,0.163500,0.185500,0.511500,0.072000,1.740000,2.138500,0.641000,4,4,4,4,4,4,4,4,4,4,4,4,-18.519800,146.386100,8.000000,lev15,Almucantar
Lucinda,07:08:2020,12:00:00,220,220.000000,0.046000,0.553500,1.303000,1.264000,0.011000,0.170000,0.190500,0.481000,0.035500,1.750500,2.332000,0.745500,2,2,2,2,2,2,2,2,2,2,2,2,-18.519800,146.386100,8.000000,lev15,Almucantar
Lucinda,10:08:2020,12:00:00,223,223.000000,0.025333,0.446000,1.186667,1.398333,0.008333,0.163333,0.188333,0.539000,0.017333,2.227000,2.793333,0.656000,3,3,3,3,3,3,3,3,3,3,3,3,-18.519800,146.386100,8.000000,lev15,Almucantar
Lucinda,11:08:2020,12:00:00,224,224.000000,0.016556,0.423444,1.162333,1.455111,0.005444,0.157333,0.178111,0.502667,0.011333,2.210444,2.866000,0.698333,9,9,9,9,9,9,9,9,9,9,9,9,-18.519800,146.386100,8.000000,lev15,Almucantar
Lucinda,12:08:2020,12:00:00,225,225.000000,0.031500,0.483300,1.476100,1.422900,0.007400,0.135200,0.150900,0.488400,0.024200,2.229900,2.960500,0.704600,10,10,10,10,10,10,10,10,10,10,10,10,-18.519800,146.386100,8.000000,lev15,Almucantar
Lucinda,13:08:2020,12:00:00,226,226.000000,0.038750,0.583375,1.727875,1.329125,0.007250,0.138000,0.157875,0.533375,0.031625,2.326875,3.030750,0.681625,8,8,8,8,8,8,8,8,8,8,8,8,-18.519800,146.386100,8.000000,lev15,Almucantar
Lucinda,14:08:2020,12:00:00,227,227.000000,0.029500,0.455250,1.341250,1.414875,0.007250,0.133875,0.149250,0.479250,0.022375,2.096375,2.746625,0.703750,8,8,8,8,8,8,8,8,8,8,8,8,-18.519800,146.386100,8.000000,lev15,Almucantar
Lucinda,15:08:2020,12:00:00,228,228.000000,0.035000,0.421333,1.250667,1.417667,0.008667,0.122667,0.136667,0.499000,0.026333,1.956667,2.555667,0.700667,3,3,3,3,3,3,3,3,3,3,3,3,-18.519800,146.386100,8.000000,lev15,Almucantar
Lucinda,16:08:2020,12:00:00,229,229.000000,0.056000,0.585250,1.558750,1.274750,0.010000,0.139000,0.157500,0.513625,0.046000,1.963000,2.583375,0.710625,8,8,8,8,8,8,8,8,8,8,8,8,-18.519800,146.386100,8.000000,lev15,Almucantar
Lucinda,17:08:2020,12:00:00,230,230.000000,0.017714,0.391143,1.120000,1.518714,0.006571,0.159143,0.184857,0.547286,0.011000,2.577571,3.231571,0.664000,7,7,7,7,7,7,7,7,7,7,7,7,-18.519800,146.386100,8.000000,lev15,Almucantar
Lucinda,18:08:2020,12:00:00,231,231.000000,0.010000,0.327667,0.899000,1.574333,0.003667,0.145333,0.161667,0.467667,0.006000,2.078000,2.898667,0.790000,3,3,3,3,3,3,3,3,3,3,3,3,-18.519800,146.386100,8.000000,lev15,Almucantar
Lucinda,19:08:2020,12:00:00,232,232.000000,0.013625,0.340625,1.008125,1.573375,0.005375,0.143250,0.163500,0.525375,0.008500,2.449000,3.165750,0.685250,8,8,8,8,8,8,8,8,8,8,8,8,-18.519800,146.386100,8.000000,lev15,Almucantar
Lucinda,21:08:2020,12:00:00,234,234.000000,0.029625,0.458500,1.425750,1.475625,0.007875,0.133750,0.149000,0.476500,0.021750,2.357875,3.126125,0.705750,8,8,8,8,8,8,8,8,8,8,8,8,-18.519800,146.386100,8.000000,lev15,Almucantar
Lucinda,22:08:2020,12:00:00,235,235.000000,0.022333,0.417000,1.183778,1.459000,0.006444,0.137667,0.156000,0.513000,0.016111,1.963556,2.670778,0.756222,9,9,9,9,9,9,9,9,9,9,9,9,-18.519800,146.386100,8.000000,lev15,Almucantar
Lucinda,23:08:2020,12:00:00,236,236.000000,0.024818,0.412545,1.273364,1.488727,0.006818,0.132364,0.149091,0.508727,0.018091,2.124636,2.881091,0.742182,11,11,11,11,11,11,11,11,11,11,11,11,-18.519800,146.386100,8.000000,lev15,Almucantar
Lucinda,24:08:2020,12:00:00,237,237.000000,0.020286,0.435143,1.302857,1.482571,0.005000,0.131429,0.146571,0.486286,0.015571,2.166286,2.912714,0.734143,7,7,7,7,7,7,7,7,7,7,7,7,-18.519800,146.386100,8.000000,lev15,Almucantar
Lucinda,25:08:2020,12:00:00,238,238.000000,0.039444,0.639444,1.765444,1.257778,0.006333,0.135444,0.154111,0.530778,0.032889,2.171111,2.825667,0.684222,9,9,9,9,9,9,9,9,9,9,9,9,-18.519800,146.386100,8.000000,lev15,Almucantar
Lucinda,29:08:2020,12:00:00,242,242.000000,0.073750,0.967000,2.239750,1.076500,0.006500,0.137500,0.159500,0.563500,0.067500,2.169750,2.872500,0.717500,4,4,4,4,4,4,4,4,4,4,4,4,-18.519800,146.386100,8.000000,lev15,Almucantar
Lucinda,02:09:2020,12:00:00,246,246.000000,0.030000,0.319000,0.799000,1.438500,0.011000,0.134000,0.148500,0.473500,0.018500,1.613500,2.123000,0.744500,2,2,2,2,2,2,2,2,2,2,2,2,-18.519800,146.386100,8.000000,lev15,Almucantar
Lucinda,08:09:2020,12:00:00,252,252.000000,0.144500,0.949000,2.600500,1.110000,0.011500,0.115000,0.134000,0.593500,0.133000,2.488000,3.347500,0.707000,2,2,2,2,2,2,2,2,2,2,2,2,-18.519800,146.386100,8.000000,lev15,Almucantar
Lucinda,09:09:2020,12:00:00,253,253.000000,0.029000,0.453000,1.208000,1.360000,0.007000,0.137000,0.155000,0.518000,0.022000,1.732000,2.326000,0.762000,1,1,1,1,1,1,1,1,1,1,1,1,-18.519800,146.386100,8.000000,lev15,Almucantar
Lucinda,11:09:2020,12:00:00,255,255.000000,0.037111,0.592333,1.573000,1.271222,0.006556,0.142000,0.162000,0.526889,0.030444,1.943889,2.587778,0.730111,9,9,9,9,9,9,9,9,9,9,9,9,-18.519800,146.386100,8.000000,lev15,Almucantar
Lucinda,12:09:2020,12:00:00,256,256.000000,0.056143,0.591714,1.643286,1.268714,0.008857,0.126857,0.145000,0.541286,0.047143,1.993857,2.623429,0.712143,7,7,7,7,7,7,7,7,7,7,7,7,-18.519800,146.386100,8.000000,lev15,Almucantar
Lucinda,13:09:2020,12:00:00,257,257.000000,0.033600,0.515000,1.389200,1.333400,0.007200,0.137000,0.155200,0.512000,0.027200,1.844200,2.486000,0.757400,5,5,5,5,5,5,5,5,5,5,5,5,-18.519800,146.386100,8.000000,lev15,Almucantar
Lucinda,15:09:2020,12:00:00,259,259.000000,0.106000,0.801500,2.092500,1.142500,0.010000,0.118500,0.136500,0.560500,0.095500,2.111500,2.803500,0.726000,2,2,2,2,2,2,2,2,2,2,2,2,-18.519800,146.386100,8.000000,lev15,Almucantar
Lucinda,21:09:2020,12:00:00,265,265.000000,0.063667,0.631333,1.683333,1.290667,0.011667,0.155667,0.180000,0.539333,0.052000,1.984333,2.772000,0.781000,3,3,3,3,3,3,3,3,3,3,3,3,-18.519800,146.386100,8.000000,lev15,Almucantar
Lucinda,22:09:2020,12:00:00,266,266.000000,0.133571,0.798571,1.812714,1.124143,0.015143,0.149286,0.175429,0.575571,0.118571,1.797143,2.440571,0.773000,7,7,7,7,7,7,7,7,7,7,7,7,-18.519800,146.386100,8.000000,lev15,Almucantar
Lucinda,23:09:2020,12:00:00,267,267.000000,0.066667,0.598833,1.381667,1.188667,0.011000,0.144833,0.167167,0.542500,0.055667,1.625167,2.124667,0.735167,6,6,6,6,6,6,6,6,6,6,6,6,-18.519800,146.386100,8.000000,lev15,Almucantar
Lucinda,25:09:2020,12:00:00,269,269.000000,0.058000,0.551333,1.516000,1.330500,0.011333,0.139333,0.158500,0.519500,0.046833,1.945167,2.649667,0.760000,6,6,6,6,6,6,6,6,6,6,6,6,-18.519800,146.386100,8.000000,lev15,Almucantar
Lucinda,26:09:2020,12:00:00,270,270.000000,0.053000,0.462875,1.218875,1.352250,0.012625,0.140000,0.157000,0.490125,0.040125,1.772250,2.358750,0.744625,8,8,8,8,8,8,8,8,8,8,8,8,-18.519800,146.386100,8.000000,lev15,Almucantar
Lucinda,27:09:2020,12:00:00,271,271.000000,0.048333,0.476333,1.338111,1.378556,0.011000,0.134889,0.151444,0.501667,0.037222,1.899444,2.562667,0.752111,9,9,9,9,9,9,9,9,9,9,9,9,-18.519800,146.386100,8.000000,lev15,Almucantar
Lucinda,28:09:2020,12:00:00,272,272.000000,0.087500,0.670000,1.939750,1.240000,0.011500,0.120500,0.137000,0.540500,0.076250,2.206250,2.905750,0.701500,4,4,4,4,4,4,4,4,4,4,4,4,-18.519800,146.386100,8.000000,lev15,Almucantar
Lucinda,29:09:2020,12:00:00,273,273.000000,0.126000,0.963000,2.581000,1.093000,0.010000,0.117000,0.134000,0.559000,0.116000,2.532000,3.323000,0.677000,1,1,1,1,1,1,1,1,1,1,1,1,-18.519800,146.386100,8.000000,lev15,Almucantar
Lucinda,01:10:2020,12:00:00,275,275.000000,0.122667,0.702667,2.103000,1.247333,0.015000,0.119667,0.134000,0.502333,0.107000,2.352667,3.117667,0.707667,3,3,3,3,3,3,3,3,3,3,3,3,-18.519800,146.386100,8.000000,lev15,Almucantar
Lucinda,02:10:2020,12:00:00,276,276.000000,0.095667,0.765000,2.080000,1.193667,0.011000,0.127667,0.146667,0.546333,0.084667,2.219000,2.956667,0.714667,3,3,3,3,3,3,3,3,3,3,3,3,-18.519800,146.386100,8.000000,lev15,Almucantar
Lucinda,03:10:2020,12:00:00,277,277.000000,0.143000,1.060000,1.912000,0.891000,0.010000,0.156000,0.181000,0.541000,0.133000,1.881000,2.284000,0.617000,1,1,1,1,1,1,1,1,1,1,1,1,-18.519800,146.386100,8.000000,lev15,Almucantar
Lucinda,04:10:2020,12:00:00,278,278.000000,0.128000,0.931000,2.319333,1.130333,0.012000,0.140333,0.164000,0.578000,0.115667,2.231333,3.057667,0.753000,3,3,3,3,3,3,3,3,3,3,3,3,-18.519800,146.386100,8.000000,lev15,Almucantar
Lucinda,06:10:2020,12:00:00,280,280.000000,0.104000,0.714000,2.363000,1.281000,0.012000,0.110000,0.129000,0.617000,0.092000,2.463000,3.437000,0.757000,1,1,1,1,1,1,1,1,1,1,1,1,-18.519800,146.386100,8.000000,lev15,Almucantar
Lucinda,07:10:2020,12:00:00,281,281.000000,0.056600,0.704600,1.766600,1.193800,0.007600,0.143400,0.169000,0.582200,0.048800,1.916200,2.586600,0.747200,5,5,5,5,5,5,5,5,5,5,5,5,-18.519800,146.386100,8.000000,lev15,Almucantar
Lucinda,08:10:2020,12:00:00,282,282.000000,0.071750,0.742250,1.986250,1.191750,0.009250,0.132750,0.156750,0.594750,0.062750,2.146750,2.861250,0.717750,4,4,4,4,4,4,4,4,4,4,4,4,-18.519800,146.386100,8.000000,lev15,Almucantar
Lucinda,09:10:2020,12:00:00,283,283.000000,0.040167,0.505167,1.378667,1.336833,0.008167,0.137333,0.156500,0.529667,0.032000,1.873833,2.509167,0.739833,6,6,6,6,6,6,6,6,6,6,6,6,-18.519800,146.386100,8.000000,lev15,Almucantar
Lucinda,10:10:2020,12:00:00,284,284.000000,0.069500,0.748000,2.131000,1.235000,0.009500,0.139500,0.160000,0.543000,0.060000,2.386000,3.201500,0.705000,2,2,2,2,2,2,2,2,2,2,2,2,-18.519800,146.386100,8.000000,lev15,Almucantar
Lucinda,11:10:2020,12:00:00,285,285.000000,0.065000,0.615500,1.751000,1.254000,0.009500,0.121000,0.143500,0.614000,0.055500,2.029500,2.697500,0.715000,2,2,2,2,2,2,2,2,2,2,2,2,-18.519800,146.386100,8.000000,lev15,Almucantar
Lucinda,12:10:2020,12:00:00,286,286.000000,0.065000,0.605000,1.622000,1.264000,0.011000,0.137000,0.160000,0.577000,0.055000,1.893000,2.569000,0.756000,1,1,1,1,1,1,1,1,1,1,1,1,-18.519800,146.386100,8.000000,lev15,Almucantar
Lucinda,31:10:2020,12:00:00,305,305.000000,0.053400,0.315600,0.807600,1.496400,0.022600,0.139400,0.157200,0.505600,0.030600,1.866400,2.464400,0.737800,5,5,5,5,5,5,5,5,5,5,5,5,-18.519800,146.386100,8.000000,lev15,Almucantar
Lucinda,01:11:2020,12:00:00,306,306.000000,0.050000,0.414500,1.143750,1.435500,0.014500,0.143000,0.160250,0.490250,0.035500,1.873500,2.555000,0.764000,4,4,4,4,4,4,4,4,4,4,4,4,-18.519800,146.386100,8.000000,lev15,Almucantar
Lucinda,02:11:2020,12:00:00,307,307.000000,0.071000,0.388000,1.115000,1.493000,0.022000,0.136000,0.152000,0.479500,0.049500,1.928000,2.666500,0.778500,2,2,2,2,2,2,2,2,2,2,2,2,-18.519800,146.386100,8.000000,lev15,Almucantar
Lucinda,05:11:2020,12:00:00,310,310.000000,0.087000,0.556000,1.748000,1.323000,0.013000,0.106000,0.118000,0.495000,0.074000,2.092000,2.795000,0.726000,1,1,1,1,1,1,1,1,1,1,1,1,-18.519800,146.386100,8.000000,lev15,Almucantar
Lucinda,06:11:2020,12:00:00,311,311.000000,0.069500,0.512000,1.360000,1.316500,0.014500,0.136000,0.152500,0.496500,0.055000,1.872000,2.451500,0.718500,2,2,2,2,2,2,2,2,2,2,2,2,-18.519800,146.386100,8.000000,lev15,Almucantar
Lucinda,11:11:2020,12:00:00,316,316.000000,0.085000,1.083000,2.105000,0.966000,0.007000,0.179000,0.207000,0.531000,0.077000,2.047000,2.611000,0.669000,1,1,1,1,1,1,1,1,1,1,1,1,-18.519800,146.386100,8.000000,lev15,Almucantar
Lucinda,12:11:2020,12:00:00,317,317.000000,0.071250,0.854000,2.011500,1.115500,0.008250,0.148250,0.169500,0.528250,0.063250,2.150000,2.778750,0.681250,4,4,4,4,4,4,4,4,4,4,4,4,-18.519800,146.386100,8.000000,lev15,Almucantar
Lucinda,13:11:2020,12:00:00,318,318.000000,0.065000,0.863000,1.922000,1.094000,0.008000,0.169000,0.193000,0.502000,0.057000,2.059000,2.664000,0.689000,1,1,1,1,1,1,1,1,1,1,1,1,-18.519800,146.386100,8.000000,lev15,Almucantar
Lucinda,14:11:2020,12:00:00,319,319.000000,0.058200,0.626400,1.589800,1.232200,0.010200,0.146800,0.167000,0.517000,0.048200,1.937600,2.537200,0.711800,5,5,5,5,5,5,5,5,5,5,5,5,-18.519800,146.386100,8.000000,lev15,Almucantar
Lucinda,15:11:2020,12:00:00,320,320.000000,0.049250,0.677250,1.646750,1.210250,0.007750,0.154000,0.174000,0.499000,0.041500,2.009250,2.593750,0.696250,4,4,4,4,4,4,4,4,4,4,4,4,-18.519800,146.386100,8.000000,lev15,Almucantar
Lucinda,16:11:2020,12:00:00,321,321.000000,0.050500,0.736500,1.847500,1.188000,0.007500,0.154000,0.175500,0.514500,0.043000,2.118000,2.770500,0.700000,2,2,2,2,2,2,2,2,2,2,2,2,-18.519800,146.386100,8.000000,lev15,Almucantar
Lucinda,18:11:2020,12:00:00,323,323.000000,0.068000,0.911000,2.069000,1.072000,0.007000,0.153000,0.179000,0.567000,0.061000,2.083000,2.730000,0.698000,1,1,1,1,1,1,1,1,1,1,1,1,-18.519800,146.386100,8.000000,lev15,Almucantar
Lucinda,19:11:2020,12:00:00,324,324.000000,0.093000,1.277000,2.535000,0.968000,0.006000,0.182000,0.212000,0.530000,0.087000,2.293000,3.045000,0.705000,1,1,1,1,1,1,1,1,1,1,1,1,-18.519800,146.386100,8.000000,lev15,Almucantar
Lucinda,11:12:2020,12:00:00,346,346.000000,0.110000,0.765000,1.895000,1.201000,0.015000,0.159000,0.188000,0.571000,0.095000,1.945000,2.740000,0.795000,1,1,1,1,1,1,1,1,1,1,1,1,-18.519800,146.386100,8.000000,lev15,Almucantar
Lucinda,12:12:2020,12:00:00,347,347.000000,0.107333,0.736333,1.822333,1.140667,0.012333,0.126667,0.149000,0.599333,0.095333,1.908667,2.509333,0.719667,3,3,3,3,3,3,3,3,3,3,3,3,-18.519800,146.386100,8.000000,lev15,Almucantar
Lucinda,15:12:2020,12:00:00,350,350.000000,0.076667,0.387000,1.054333,1.444333,0.023333,0.115333,0.128667,0.483000,0.053333,1.675667,2.262333,0.778333,3,3,3,3,3,3,3,3,3,3,3,3,-18.519800,146.386100,8.000000,lev15,Almucantar
