AERONET Data Download (Version 3 Direct Sun and Inversion Algorithms)
AERONET Version 3
Lucinda
Version 3: Almucantar Level 1.5 Inversion
The following data are cloud cleared and quality controls have been applied but these data may not have final calibration applied.  These data may change.
Daily Averages,Contact: PI=Thomas_Schroeder; PI Email=Thomas.Schroeder@csiro.au 
AERONET_AERONET_Site,Date(dd:mm:yyyy),Time(hh:mm:ss),Day_of_Year,Day_of_Year(fraction),0.050000,0.065604,0.086077,0.112939,0.148184,0.194429,0.255105,0.334716,0.439173,0.576227,0.756052,0.991996,1.301571,1.707757,2.240702,2.939966,3.857452,5.061260,6.640745,8.713145,11.432287,15.000000,Inflection_Radius_of_Size_Distribution(um),N[0.050000],N[0.065604],N[0.086077],N[0.112939],N[0.148184],N[0.194429],N[0.255105],N[0.334716],N[0.439173],N[0.576227],N[0.756052],N[0.991996],N[1.301571],N[1.707757],N[2.240702],N[2.939966],N[3.857452],N[5.061260],N[6.640745],N[8.713145],N[11.432287],N[15.000000],N[Inflection_Radius_of_Size_Distribution(um)],Latitude(Degrees),Longitude(Degrees),Elevation(m),Level,Retrieval_Measurement_Scan_Type
Lucinda,25:03:2019,12:00:00,84,84.000000,0.000201,0.000560,0.001404,0.003112,0.005698,0.007797,0.007678,0.006337,0.005697,0.006405,0.008441,0.011444,0.015102,0.019081,0.022364,0.023302,0.020685,0.014995,0.008525,0.003674,0.001174,0.000275,0.439000,1,1,1,1,1,1,1,1,1,1,1,1,1,1,1,1,1,1,1,1,1,1,1,-18.519800,146.386100,8.000000,lev15,Almucantar
Lucinda,08:04:2019,12:00:00,98,98.000000,0.000196,0.000483,0.000921,0.001367,0.001597,0.001565,0.001509,0.001774,0.002823,0.005316,0.008643,0.010607,0.013050,0.020819,0.034083,0.044360,0.046607,0.040254,0.026260,0.010812,0.002411,0.000281,0.439000,2,2,2,2,2,2,2,2,2,2,2,2,2,2,2,2,2,2,2,2,2,2,2,-18.519800,146.386100,8.000000,lev15,Almucantar
Lucinda,12:04:2019,12:00:00,102,102.000000,0.000280,0.001066,0.002580,0.003938,0.003905,0.002901,0.002167,0.002290,0.003958,0.008793,0.015584,0.020265,0.024561,0.032871,0.043201,0.049227,0.048182,0.039145,0.024529,0.010451,0.002672,0.000390,0.439000,2,2,2,2,2,2,2,2,2,2,2,2,2,2,2,2,2,2,2,2,2,2,2,-18.519800,146.386100,8.000000,lev15,Almucantar
Lucinda,13:04:2019,12:00:00,103,103.000000,0.000280,0.000671,0.001154,0.001466,0.001501,0.001446,0.001569,0.002178,0.003782,0.006908,0.011076,0.014924,0.018821,0.024945,0.034019,0.042296,0.042673,0.032045,0.016850,0.005978,0.001409,0.000221,0.439000,2,2,2,2,2,2,2,2,2,2,2,2,2,2,2,2,2,2,2,2,2,2,2,-18.519800,146.386100,8.000000,lev15,Almucantar
Lucinda,15:04:2019,12:00:00,105,105.000000,0.000323,0.000951,0.001701,0.001949,0.001681,0.001346,0.001233,0.001555,0.002767,0.005506,0.009223,0.012393,0.015486,0.020824,0.030278,0.041893,0.049332,0.044806,0.028272,0.010810,0.002263,0.000258,0.439000,8,8,8,8,8,8,8,8,8,8,8,8,8,8,8,8,8,8,8,8,8,8,8,-18.519800,146.386100,8.000000,lev15,Almucantar
Lucinda,17:04:2019,12:00:00,107,107.000000,0.000389,0.001263,0.002218,0.002251,0.001607,0.001112,0.001026,0.001457,0.002843,0.005721,0.009341,0.012127,0.014695,0.019084,0.025147,0.031528,0.036347,0.035140,0.024159,0.009899,0.002166,0.000246,0.439000,3,3,3,3,3,3,3,3,3,3,3,3,3,3,3,3,3,3,3,3,3,3,3,-18.519800,146.386100,8.000000,lev15,Almucantar
Lucinda,18:04:2019,12:00:00,108,108.000000,0.000265,0.001029,0.002238,0.002888,0.002556,0.001939,0.001602,0.001724,0.002504,0.004278,0.006937,0.009655,0.012482,0.016761,0.023173,0.030409,0.033998,0.028725,0.016531,0.006044,0.001355,0.000184,0.439000,2,2,2,2,2,2,2,2,2,2,2,2,2,2,2,2,2,2,2,2,2,2,2,-18.519800,146.386100,8.000000,lev15,Almucantar
Lucinda,20:04:2019,12:00:00,110,110.000000,0.000200,0.000556,0.001166,0.001813,0.002082,0.001893,0.001672,0.001833,0.002847,0.005748,0.010406,0.013928,0.016488,0.021331,0.028569,0.033661,0.034515,0.029080,0.018161,0.007463,0.001844,0.000266,0.439000,5,5,5,5,5,5,5,5,5,5,5,5,5,5,5,5,5,5,5,5,5,5,5,-18.519800,146.386100,8.000000,lev15,Almucantar
Lucinda,21:04:2019,12:00:00,111,111.000000,0.000161,0.000412,0.000799,0.001152,0.001352,0.001485,0.001664,0.001996,0.002779,0.004478,0.006947,0.010121,0.015267,0.020110,0.019835,0.018058,0.014757,0.010166,0.005530,0.002265,0.000682,0.000150,0.439000,2,2,2,2,2,2,2,2,2,2,2,2,2,2,2,2,2,2,2,2,2,2,2,-18.519800,146.386100,8.000000,lev15,Almucantar
Lucinda,22:04:2019,12:00:00,112,112.000000,0.000143,0.000486,0.001153,0.001913,0.002265,0.002087,0.001799,0.001839,0.002630,0.004989,0.008832,0.010900,0.011301,0.012591,0.014506,0.015470,0.014533,0.011234,0.006576,0.002721,0.000766,0.000145,0.439000,2,2,2,2,2,2,2,2,2,2,2,2,2,2,2,2,2,2,2,2,2,2,2,-18.519800,146.386100,8.000000,lev15,Almucantar
Lucinda,25:04:2019,12:00:00,115,115.000000,0.000109,0.000603,0.001586,0.002108,0.001664,0.001036,0.000720,0.000749,0.001233,0.002471,0.003978,0.004468,0.004417,0.004870,0.005964,0.006968,0.006656,0.004801,0.002564,0.001013,0.000297,0.000064,0.439000,1,1,1,1,1,1,1,1,1,1,1,1,1,1,1,1,1,1,1,1,1,1,1,-18.519800,146.386100,8.000000,lev15,Almucantar
Lucinda,26:04:2019,12:00:00,116,116.000000,0.000196,0.000959,0.002323,0.002947,0.002323,0.001570,0.001301,0.001580,0.002563,0.004305,0.006471,0.008810,0.011701,0.015648,0.018740,0.016819,0.010987,0.005648,0.002481,0.000972,0.000346,0.000112,0.439000,1,1,1,1,1,1,1,1,1,1,1,1,1,1,1,1,1,1,1,1,1,1,1,-18.519800,146.386100,8.000000,lev15,Almucantar
Lucinda,02:05:2019,12:00:00,122,122.000000,0.000390,0.001816,0.004097,0.004490,0.003058,0.001889,0.001480,0.001759,0.003128,0.006845,0.012797,0.016529,0.019035,0.024569,0.033713,0.042373,0.044915,0.038400,0.024541,0.010233,0.002449,0.000327,0.439000,3,3,3,3,3,3,3,3,3,3,3,3,3,3,3,3,3,3,3,3,3,3,3,-18.519800,146.386100,8.000000,lev15,Almucantar
Lucinda,04:05:2019,12:00:00,124,124.000000,0.000158,0.000508,0.001147,0.001841,0.002182,0.002098,0.001926,0.002034,0.002763,0.004547,0.007291,0.009927,0.012786,0.017441,0.023359,0.027278,0.025324,0.017485,0.008716,0.003113,0.000794,0.000145,0.439000,1,1,1,1,1,1,1,1,1,1,1,1,1,1,1,1,1,1,1,1,1,1,1,-18.519800,146.386100,8.000000,lev15,Almucantar
Lucinda,05:05:2019,12:00:00,125,125.000000,0.000072,0.000402,0.001304,0.002526,0.003037,0.002412,0.001566,0.001217,0.001394,0.002075,0.002999,0.003575,0.003844,0.004246,0.004827,0.005376,0.005426,0.004530,0.002853,0.001255,0.000369,0.000072,0.439000,7,7,7,7,7,7,7,7,7,7,7,7,7,7,7,7,7,7,7,7,7,7,7,-18.519800,146.386100,8.000000,lev15,Almucantar
Lucinda,06:05:2019,12:00:00,126,126.000000,0.000032,0.000137,0.000406,0.000828,0.001255,0.001484,0.001333,0.000980,0.000795,0.000891,0.001256,0.001848,0.002657,0.003812,0.005447,0.007434,0.008903,0.008221,0.005036,0.001796,0.000350,0.000038,0.484667,6,6,6,6,6,6,6,6,6,6,6,6,6,6,6,6,6,6,6,6,6,6,6,-18.519800,146.386100,8.000000,lev15,Almucantar
Lucinda,07:05:2019,12:00:00,127,127.000000,0.000112,0.000611,0.001707,0.002548,0.002392,0.001776,0.001277,0.001121,0.001412,0.002203,0.003203,0.004093,0.005480,0.008694,0.013219,0.017271,0.018287,0.014790,0.008535,0.003210,0.000730,0.000098,0.439000,6,6,6,6,6,6,6,6,6,6,6,6,6,6,6,6,6,6,6,6,6,6,6,-18.519800,146.386100,8.000000,lev15,Almucantar
Lucinda,08:05:2019,12:00:00,128,128.000000,0.000082,0.000477,0.001505,0.002656,0.002858,0.002117,0.001372,0.001115,0.001387,0.002198,0.003185,0.004024,0.005393,0.008874,0.013404,0.015858,0.015727,0.013234,0.008602,0.003627,0.000871,0.000115,0.439000,6,6,6,6,6,6,6,6,6,6,6,6,6,6,6,6,6,6,6,6,6,6,6,-18.519800,146.386100,8.000000,lev15,Almucantar
Lucinda,12:05:2019,12:00:00,132,132.000000,0.000194,0.000597,0.001186,0.001540,0.001450,0.001192,0.001068,0.001239,0.001955,0.003614,0.005947,0.008222,0.010931,0.016281,0.024069,0.031557,0.037250,0.037983,0.031346,0.018187,0.005362,0.000620,0.439000,4,4,4,4,4,4,4,4,4,4,4,4,4,4,4,4,4,4,4,4,4,4,4,-18.519800,146.386100,8.000000,lev15,Almucantar
Lucinda,23:05:2019,12:00:00,143,143.000000,0.000147,0.000388,0.000872,0.001607,0.002254,0.002292,0.001922,0.001852,0.002739,0.005826,0.011436,0.015430,0.017147,0.023736,0.035648,0.040641,0.039324,0.034776,0.024714,0.011383,0.002889,0.000380,0.439000,1,1,1,1,1,1,1,1,1,1,1,1,1,1,1,1,1,1,1,1,1,1,1,-18.519800,146.386100,8.000000,lev15,Almucantar
Lucinda,24:05:2019,12:00:00,144,144.000000,0.000180,0.000667,0.001592,0.002374,0.002298,0.001672,0.001254,0.001346,0.002240,0.004698,0.008570,0.011369,0.013633,0.018775,0.026722,0.032612,0.033113,0.027136,0.017118,0.007345,0.001832,0.000247,0.439000,5,5,5,5,5,5,5,5,5,5,5,5,5,5,5,5,5,5,5,5,5,5,5,-18.519800,146.386100,8.000000,lev15,Almucantar
Lucinda,04:06:2019,12:00:00,155,155.000000,0.000026,0.000189,0.000736,0.001570,0.001977,0.001689,0.001180,0.000814,0.000631,0.000573,0.000602,0.000700,0.000872,0.001166,0.001645,0.002291,0.002793,0.002595,0.001635,0.000649,0.000157,0.000023,0.576000,1,1,1,1,1,1,1,1,1,1,1,1,1,1,1,1,1,1,1,1,1,1,1,-18.519800,146.386100,8.000000,lev15,Almucantar
Lucinda,25:06:2019,12:00:00,176,176.000000,0.000461,0.003637,0.010143,0.010789,0.005588,0.002258,0.001235,0.001326,0.002774,0.007435,0.014463,0.018214,0.021104,0.029914,0.045093,0.060525,0.070295,0.062307,0.035987,0.012326,0.002394,0.000260,0.439000,1,1,1,1,1,1,1,1,1,1,1,1,1,1,1,1,1,1,1,1,1,1,1,-18.519800,146.386100,8.000000,lev15,Almucantar
Lucinda,27:06:2019,12:00:00,178,178.000000,0.000124,0.000579,0.001588,0.002402,0.002226,0.001604,0.001259,0.001448,0.002341,0.003556,0.003963,0.003800,0.004149,0.005752,0.008829,0.012492,0.014867,0.014211,0.009874,0.004220,0.000967,0.000116,0.531167,6,6,6,6,6,6,6,6,6,6,6,6,6,6,6,6,6,6,6,6,6,6,6,-18.519800,146.386100,8.000000,lev15,Almucantar
Lucinda,29:06:2019,12:00:00,180,180.000000,0.000179,0.000340,0.000600,0.000966,0.001348,0.001576,0.001654,0.001943,0.003220,0.007065,0.013639,0.018278,0.021938,0.029319,0.040079,0.044366,0.041548,0.031516,0.017737,0.006805,0.001686,0.000265,0.439000,2,2,2,2,2,2,2,2,2,2,2,2,2,2,2,2,2,2,2,2,2,2,2,-18.519800,146.386100,8.000000,lev15,Almucantar
Lucinda,30:06:2019,12:00:00,181,181.000000,0.000113,0.000478,0.001051,0.001310,0.001201,0.001037,0.000932,0.001020,0.001519,0.002547,0.003691,0.004530,0.005478,0.007019,0.008823,0.009640,0.008516,0.005854,0.003018,0.001135,0.000314,0.000068,0.439000,11,11,11,11,11,11,11,11,11,11,11,11,11,11,11,11,11,11,11,11,11,11,11,-18.519800,146.386100,8.000000,lev15,Almucantar
Lucinda,02:07:2019,12:00:00,183,183.000000,0.000294,0.001796,0.004418,0.004879,0.003170,0.001748,0.001177,0.001295,0.002304,0.004660,0.007366,0.008943,0.010593,0.013983,0.017271,0.018475,0.016927,0.012593,0.007165,0.002935,0.000820,0.000152,0.439000,7,7,7,7,7,7,7,7,7,7,7,7,7,7,7,7,7,7,7,7,7,7,7,-18.519800,146.386100,8.000000,lev15,Almucantar
Lucinda,03:07:2019,12:00:00,184,184.000000,0.000160,0.000931,0.002559,0.003483,0.002755,0.001671,0.001131,0.001187,0.001926,0.003475,0.005214,0.006609,0.008321,0.011217,0.014541,0.016472,0.015144,0.010600,0.005441,0.002019,0.000543,0.000109,0.439000,10,10,10,10,10,10,10,10,10,10,10,10,10,10,10,10,10,10,10,10,10,10,10,-18.519800,146.386100,8.000000,lev15,Almucantar
Lucinda,12:07:2019,12:00:00,193,193.000000,0.000202,0.002865,0.013296,0.021508,0.014805,0.006454,0.002902,0.001857,0.001747,0.002056,0.002580,0.003334,0.004600,0.006708,0.009770,0.013333,0.015778,0.014583,0.009356,0.003789,0.000919,0.000131,0.439000,1,1,1,1,1,1,1,1,1,1,1,1,1,1,1,1,1,1,1,1,1,1,1,-18.519800,146.386100,8.000000,lev15,Almucantar
Lucinda,13:07:2019,12:00:00,194,194.000000,0.000063,0.000505,0.001722,0.002629,0.002227,0.001469,0.000980,0.000769,0.000815,0.001111,0.001586,0.002108,0.002671,0.003478,0.004674,0.006089,0.006963,0.006162,0.003738,0.001414,0.000317,0.000042,0.454222,9,9,9,9,9,9,9,9,9,9,9,9,9,9,9,9,9,9,9,9,9,9,9,-18.519800,146.386100,8.000000,lev15,Almucantar
Lucinda,14:07:2019,12:00:00,195,195.000000,0.000085,0.000401,0.001100,0.001593,0.001435,0.001117,0.001003,0.001144,0.001514,0.001944,0.002269,0.002577,0.003063,0.004063,0.006058,0.009379,0.013387,0.014877,0.010585,0.004109,0.000798,0.000076,0.439000,10,10,10,10,10,10,10,10,10,10,10,10,10,10,10,10,10,10,10,10,10,10,10,-18.519800,146.386100,8.000000,lev15,Almucantar
Lucinda,15:07:2019,12:00:00,196,196.000000,0.000071,0.000217,0.000483,0.000755,0.000919,0.001061,0.001307,0.001586,0.001767,0.001882,0.001929,0.001994,0.002378,0.003466,0.005765,0.009689,0.014534,0.017235,0.013577,0.005524,0.000970,0.000079,0.563286,7,7,7,7,7,7,7,7,7,7,7,7,7,7,7,7,7,7,7,7,7,7,7,-18.519800,146.386100,8.000000,lev15,Almucantar
Lucinda,16:07:2019,12:00:00,197,197.000000,0.000076,0.000295,0.000723,0.001086,0.001101,0.000926,0.000823,0.000921,0.001304,0.001964,0.002596,0.003048,0.003875,0.005675,0.008300,0.010713,0.012308,0.012693,0.010918,0.006228,0.001644,0.000164,0.439000,11,11,11,11,11,11,11,11,11,11,11,11,11,11,11,11,11,11,11,11,11,11,11,-18.519800,146.386100,8.000000,lev15,Almucantar
Lucinda,17:07:2019,12:00:00,198,198.000000,0.000189,0.000727,0.001477,0.001685,0.001378,0.001155,0.001130,0.001260,0.001798,0.002647,0.003108,0.003330,0.003962,0.005550,0.008365,0.012148,0.016072,0.017885,0.014267,0.006428,0.001346,0.000123,0.473250,12,12,12,12,12,12,12,12,12,12,12,12,12,12,12,12,12,12,12,12,12,12,12,-18.519800,146.386100,8.000000,lev15,Almucantar
Lucinda,18:07:2019,12:00:00,199,199.000000,0.000044,0.000290,0.000934,0.001488,0.001535,0.001467,0.001416,0.001226,0.001048,0.001034,0.001186,0.001491,0.001966,0.002698,0.003828,0.005311,0.006490,0.006061,0.003761,0.001399,0.000295,0.000035,0.578917,12,12,12,12,12,12,12,12,12,12,12,12,12,12,12,12,12,12,12,12,12,12,12,-18.519800,146.386100,8.000000,lev15,Almucantar
Lucinda,19:07:2019,12:00:00,200,200.000000,0.000067,0.000479,0.001501,0.002136,0.001813,0.001389,0.001142,0.000948,0.000891,0.001019,0.001296,0.001748,0.002520,0.003857,0.005874,0.008200,0.009594,0.008451,0.005038,0.001849,0.000391,0.000047,0.476364,11,11,11,11,11,11,11,11,11,11,11,11,11,11,11,11,11,11,11,11,11,11,11,-18.519800,146.386100,8.000000,lev15,Almucantar
Lucinda,20:07:2019,12:00:00,201,201.000000,0.000111,0.000580,0.001698,0.002835,0.002994,0.002369,0.001720,0.001445,0.001662,0.002433,0.003533,0.004664,0.006651,0.011344,0.018801,0.026680,0.031603,0.026911,0.014807,0.004878,0.000926,0.000102,0.439000,6,6,6,6,6,6,6,6,6,6,6,6,6,6,6,6,6,6,6,6,6,6,6,-18.519800,146.386100,8.000000,lev15,Almucantar
Lucinda,21:07:2019,12:00:00,202,202.000000,0.000177,0.001142,0.003143,0.003832,0.002665,0.001558,0.001056,0.001034,0.001541,0.002757,0.004399,0.005959,0.008037,0.012190,0.018216,0.022678,0.022065,0.016067,0.008449,0.003038,0.000718,0.000113,0.439000,12,12,12,12,12,12,12,12,12,12,12,12,12,12,12,12,12,12,12,12,12,12,12,-18.519800,146.386100,8.000000,lev15,Almucantar
Lucinda,22:07:2019,12:00:00,203,203.000000,0.000151,0.000807,0.002289,0.003491,0.003141,0.002087,0.001430,0.001365,0.002014,0.003823,0.006559,0.008588,0.010291,0.013699,0.018308,0.020965,0.019066,0.013223,0.006804,0.002534,0.000671,0.000126,0.439000,5,5,5,5,5,5,5,5,5,5,5,5,5,5,5,5,5,5,5,5,5,5,5,-18.519800,146.386100,8.000000,lev15,Almucantar
Lucinda,24:07:2019,12:00:00,205,205.000000,0.000181,0.001065,0.002878,0.003675,0.002625,0.001481,0.001002,0.001070,0.001742,0.003184,0.004871,0.006058,0.007471,0.010557,0.015581,0.020492,0.020964,0.015412,0.007961,0.002847,0.000693,0.000114,0.439000,6,6,6,6,6,6,6,6,6,6,6,6,6,6,6,6,6,6,6,6,6,6,6,-18.519800,146.386100,8.000000,lev15,Almucantar
Lucinda,25:07:2019,12:00:00,206,206.000000,0.000238,0.000804,0.001629,0.001993,0.001698,0.001312,0.001223,0.001611,0.002764,0.004653,0.006142,0.006928,0.008601,0.012778,0.020272,0.030356,0.039037,0.039553,0.028149,0.011757,0.002375,0.000223,0.439000,9,9,9,9,9,9,9,9,9,9,9,9,9,9,9,9,9,9,9,9,9,9,9,-18.519800,146.386100,8.000000,lev15,Almucantar
Lucinda,27:07:2019,12:00:00,208,208.000000,0.000235,0.001351,0.003676,0.005149,0.004411,0.002808,0.001745,0.001506,0.002069,0.003731,0.006316,0.008719,0.011539,0.017122,0.026270,0.035870,0.038690,0.030287,0.016089,0.005528,0.001198,0.000164,0.439000,4,4,4,4,4,4,4,4,4,4,4,4,4,4,4,4,4,4,4,4,4,4,4,-18.519800,146.386100,8.000000,lev15,Almucantar
Lucinda,29:07:2019,12:00:00,210,210.000000,0.000216,0.001619,0.005048,0.006879,0.004829,0.002427,0.001330,0.001110,0.001552,0.002998,0.005642,0.008352,0.010943,0.015384,0.022816,0.030782,0.033173,0.025426,0.013020,0.004377,0.000964,0.000139,0.439000,2,2,2,2,2,2,2,2,2,2,2,2,2,2,2,2,2,2,2,2,2,2,2,-18.519800,146.386100,8.000000,lev15,Almucantar
Lucinda,30:07:2019,12:00:00,211,211.000000,0.000283,0.001488,0.003936,0.005442,0.004477,0.002870,0.002028,0.002028,0.002913,0.004865,0.007381,0.009672,0.012635,0.018405,0.028275,0.040464,0.047442,0.040417,0.022693,0.007919,0.001673,0.000212,0.439000,1,1,1,1,1,1,1,1,1,1,1,1,1,1,1,1,1,1,1,1,1,1,1,-18.519800,146.386100,8.000000,lev15,Almucantar
Lucinda,31:07:2019,12:00:00,212,212.000000,0.000253,0.001903,0.006292,0.009782,0.008249,0.004697,0.002532,0.001894,0.002301,0.003751,0.005927,0.007966,0.010393,0.014975,0.023093,0.034216,0.042671,0.040001,0.025605,0.009822,0.002004,0.000215,0.439000,3,3,3,3,3,3,3,3,3,3,3,3,3,3,3,3,3,3,3,3,3,3,3,-18.519800,146.386100,8.000000,lev15,Almucantar
Lucinda,01:08:2019,12:00:00,213,213.000000,0.000360,0.001437,0.003385,0.004859,0.004693,0.003671,0.002950,0.002945,0.003839,0.005957,0.009588,0.014945,0.023096,0.036254,0.053433,0.062583,0.050652,0.027833,0.011235,0.003631,0.000986,0.000228,0.439000,1,1,1,1,1,1,1,1,1,1,1,1,1,1,1,1,1,1,1,1,1,1,1,-18.519800,146.386100,8.000000,lev15,Almucantar
Lucinda,02:08:2019,12:00:00,214,214.000000,0.000232,0.001184,0.003124,0.004373,0.003672,0.002383,0.001699,0.001793,0.002966,0.006012,0.010588,0.014431,0.017743,0.023522,0.031672,0.036757,0.032604,0.020753,0.009569,0.003275,0.000841,0.000163,0.439000,2,2,2,2,2,2,2,2,2,2,2,2,2,2,2,2,2,2,2,2,2,2,2,-18.519800,146.386100,8.000000,lev15,Almucantar
Lucinda,05:08:2019,12:00:00,217,217.000000,0.000223,0.000737,0.001638,0.002465,0.002682,0.002388,0.002057,0.002113,0.002958,0.005156,0.008632,0.012070,0.015907,0.022298,0.031686,0.039029,0.038777,0.029296,0.015866,0.005796,0.001374,0.000212,0.439000,5,5,5,5,5,5,5,5,5,5,5,5,5,5,5,5,5,5,5,5,5,5,5,-18.519800,146.386100,8.000000,lev15,Almucantar
Lucinda,06:08:2019,12:00:00,218,218.000000,0.000306,0.000690,0.001247,0.001820,0.002209,0.002371,0.002493,0.002869,0.003839,0.005844,0.009371,0.014882,0.023395,0.036512,0.052229,0.058610,0.045871,0.024940,0.010192,0.003401,0.000972,0.000242,0.439000,1,1,1,1,1,1,1,1,1,1,1,1,1,1,1,1,1,1,1,1,1,1,1,-18.519800,146.386100,8.000000,lev15,Almucantar
Lucinda,08:08:2019,12:00:00,220,220.000000,0.000148,0.000748,0.002185,0.003739,0.003981,0.003066,0.002198,0.001900,0.002236,0.003332,0.005212,0.007350,0.009656,0.012713,0.015844,0.016448,0.013034,0.007845,0.003716,0.001428,0.000452,0.000118,0.439000,4,4,4,4,4,4,4,4,4,4,4,4,4,4,4,4,4,4,4,4,4,4,4,-18.519800,146.386100,8.000000,lev15,Almucantar
Lucinda,09:08:2019,12:00:00,221,221.000000,0.000200,0.003148,0.012145,0.012854,0.005985,0.002266,0.001090,0.000853,0.001080,0.001741,0.002764,0.003820,0.004654,0.005427,0.006452,0.007825,0.008927,0.008345,0.005522,0.002302,0.000565,0.000080,0.439000,5,5,5,5,5,5,5,5,5,5,5,5,5,5,5,5,5,5,5,5,5,5,5,-18.519800,146.386100,8.000000,lev15,Almucantar
Lucinda,12:08:2019,12:00:00,224,224.000000,0.000232,0.003570,0.013691,0.014741,0.006799,0.002478,0.001182,0.000905,0.001007,0.001327,0.001834,0.002556,0.003545,0.004780,0.006188,0.007593,0.008321,0.007345,0.004650,0.001921,0.000491,0.000076,0.439000,4,4,4,4,4,4,4,4,4,4,4,4,4,4,4,4,4,4,4,4,4,4,4,-18.519800,146.386100,8.000000,lev15,Almucantar
Lucinda,13:08:2019,12:00:00,225,225.000000,0.000301,0.001756,0.005158,0.008417,0.008190,0.005000,0.002715,0.002141,0.002869,0.005014,0.008117,0.011159,0.015188,0.022809,0.033986,0.044581,0.048412,0.040078,0.023342,0.008179,0.001550,0.000171,0.439000,4,4,4,4,4,4,4,4,4,4,4,4,4,4,4,4,4,4,4,4,4,4,4,-18.519800,146.386100,8.000000,lev15,Almucantar
Lucinda,14:08:2019,12:00:00,226,226.000000,0.000255,0.001400,0.003537,0.004710,0.004081,0.002641,0.001686,0.001556,0.002223,0.003783,0.005746,0.007655,0.010595,0.016442,0.025352,0.034098,0.036295,0.027606,0.014267,0.004862,0.001075,0.000155,0.439000,10,10,10,10,10,10,10,10,10,10,10,10,10,10,10,10,10,10,10,10,10,10,10,-18.519800,146.386100,8.000000,lev15,Almucantar
Lucinda,17:08:2019,12:00:00,229,229.000000,0.000184,0.001042,0.003069,0.004993,0.004917,0.003227,0.001910,0.001613,0.002294,0.004231,0.006816,0.008845,0.011400,0.016758,0.024041,0.028340,0.025803,0.017394,0.008596,0.003078,0.000791,0.000147,0.439000,7,7,7,7,7,7,7,7,7,7,7,7,7,7,7,7,7,7,7,7,7,7,7,-18.519800,146.386100,8.000000,lev15,Almucantar
Lucinda,18:08:2019,12:00:00,230,230.000000,0.000129,0.000989,0.003911,0.007892,0.008339,0.004855,0.002291,0.001601,0.001966,0.003134,0.004409,0.005649,0.007977,0.012027,0.016302,0.019129,0.018600,0.013821,0.007498,0.002873,0.000749,0.000130,0.439000,6,6,6,6,6,6,6,6,6,6,6,6,6,6,6,6,6,6,6,6,6,6,6,-18.519800,146.386100,8.000000,lev15,Almucantar
Lucinda,19:08:2019,12:00:00,231,231.000000,0.000189,0.002360,0.009706,0.013945,0.009120,0.003990,0.001846,0.001358,0.001685,0.002652,0.003891,0.005084,0.006787,0.009542,0.012899,0.015641,0.015847,0.012614,0.007383,0.002942,0.000758,0.000125,0.439000,10,10,10,10,10,10,10,10,10,10,10,10,10,10,10,10,10,10,10,10,10,10,10,-18.519800,146.386100,8.000000,lev15,Almucantar
Lucinda,20:08:2019,12:00:00,232,232.000000,0.000629,0.003384,0.007469,0.007836,0.004845,0.002321,0.001371,0.001433,0.002643,0.006047,0.012356,0.021353,0.032473,0.041716,0.047852,0.052419,0.050100,0.036860,0.019003,0.006597,0.001546,0.000256,0.439000,10,10,10,10,10,10,10,10,10,10,10,10,10,10,10,10,10,10,10,10,10,10,10,-18.519800,146.386100,8.000000,lev15,Almucantar
Lucinda,21:08:2019,12:00:00,233,233.000000,0.000453,0.002060,0.004522,0.005336,0.004075,0.002445,0.001661,0.001776,0.002999,0.006090,0.010384,0.015026,0.021393,0.030352,0.038843,0.042735,0.039779,0.028834,0.015322,0.005809,0.001532,0.000278,0.439000,9,9,9,9,9,9,9,9,9,9,9,9,9,9,9,9,9,9,9,9,9,9,9,-18.519800,146.386100,8.000000,lev15,Almucantar
Lucinda,22:08:2019,12:00:00,234,234.000000,0.000201,0.001296,0.003570,0.004540,0.003270,0.001885,0.001237,0.001140,0.001534,0.002528,0.003963,0.005429,0.007002,0.009274,0.012844,0.017089,0.019111,0.016002,0.009235,0.003444,0.000790,0.000110,0.439000,12,12,12,12,12,12,12,12,12,12,12,12,12,12,12,12,12,12,12,12,12,12,12,-18.519800,146.386100,8.000000,lev15,Almucantar
Lucinda,23:08:2019,12:00:00,235,235.000000,0.000096,0.000669,0.002340,0.003913,0.003611,0.002386,0.001494,0.001140,0.001218,0.001689,0.002464,0.003380,0.004933,0.007571,0.010853,0.013641,0.015331,0.014055,0.009059,0.003577,0.000794,0.000097,0.439000,11,11,11,11,11,11,11,11,11,11,11,11,11,11,11,11,11,11,11,11,11,11,11,-18.519800,146.386100,8.000000,lev15,Almucantar
Lucinda,24:08:2019,12:00:00,236,236.000000,0.000361,0.002257,0.006340,0.008427,0.006332,0.003607,0.002240,0.002115,0.003301,0.006488,0.010604,0.013926,0.018458,0.027666,0.038529,0.046863,0.047488,0.037364,0.021881,0.008734,0.002101,0.000288,0.439000,3,3,3,3,3,3,3,3,3,3,3,3,3,3,3,3,3,3,3,3,3,3,3,-18.519800,146.386100,8.000000,lev15,Almucantar
Lucinda,25:08:2019,12:00:00,237,237.000000,0.000136,0.000520,0.001299,0.002142,0.002458,0.002159,0.001750,0.001719,0.002374,0.004051,0.006449,0.008603,0.010972,0.014561,0.018924,0.021483,0.019961,0.014484,0.007886,0.003063,0.000807,0.000141,0.439000,4,4,4,4,4,4,4,4,4,4,4,4,4,4,4,4,4,4,4,4,4,4,4,-18.519800,146.386100,8.000000,lev15,Almucantar
Lucinda,26:08:2019,12:00:00,238,238.000000,0.000167,0.000872,0.002373,0.003529,0.003272,0.002272,0.001566,0.001504,0.002236,0.004011,0.006289,0.008262,0.010435,0.013952,0.018299,0.022177,0.022216,0.016463,0.008656,0.003177,0.000793,0.000132,0.439000,10,10,10,10,10,10,10,10,10,10,10,10,10,10,10,10,10,10,10,10,10,10,10,-18.519800,146.386100,8.000000,lev15,Almucantar
Lucinda,27:08:2019,12:00:00,239,239.000000,0.000186,0.001302,0.004039,0.006004,0.004976,0.002884,0.001674,0.001426,0.001964,0.003360,0.005145,0.006562,0.008231,0.011448,0.016604,0.022193,0.023549,0.018052,0.009590,0.003407,0.000794,0.000122,0.439000,7,7,7,7,7,7,7,7,7,7,7,7,7,7,7,7,7,7,7,7,7,7,7,-18.519800,146.386100,8.000000,lev15,Almucantar
Lucinda,29:08:2019,12:00:00,241,241.000000,0.000123,0.000835,0.002983,0.005661,0.006028,0.004211,0.002590,0.001954,0.002157,0.003107,0.004432,0.005905,0.008245,0.011804,0.015276,0.016969,0.015250,0.010676,0.005675,0.002217,0.000621,0.000124,0.439000,6,6,6,6,6,6,6,6,6,6,6,6,6,6,6,6,6,6,6,6,6,6,6,-18.519800,146.386100,8.000000,lev15,Almucantar
Lucinda,30:08:2019,12:00:00,242,242.000000,0.000115,0.000655,0.002238,0.004483,0.005333,0.004129,0.002669,0.002062,0.002314,0.003270,0.004519,0.006008,0.008376,0.012551,0.016776,0.019689,0.020046,0.016263,0.009452,0.003576,0.000853,0.000133,0.439000,6,6,6,6,6,6,6,6,6,6,6,6,6,6,6,6,6,6,6,6,6,6,6,-18.519800,146.386100,8.000000,lev15,Almucantar
Lucinda,31:08:2019,12:00:00,243,243.000000,0.000189,0.001355,0.004700,0.008252,0.008109,0.005081,0.002758,0.002022,0.002425,0.003999,0.006290,0.008615,0.011808,0.017352,0.023776,0.029012,0.028741,0.020900,0.010706,0.003815,0.000944,0.000163,0.439000,8,8,8,8,8,8,8,8,8,8,8,8,8,8,8,8,8,8,8,8,8,8,8,-18.519800,146.386100,8.000000,lev15,Almucantar
Lucinda,01:09:2019,12:00:00,244,244.000000,0.000150,0.000912,0.003292,0.006873,0.008064,0.005459,0.002935,0.002049,0.002392,0.003920,0.006113,0.008469,0.011650,0.017491,0.023859,0.027271,0.025435,0.018220,0.009767,0.003723,0.000953,0.000162,0.439000,6,6,6,6,6,6,6,6,6,6,6,6,6,6,6,6,6,6,6,6,6,6,6,-18.519800,146.386100,8.000000,lev15,Almucantar
Lucinda,09:10:2019,12:00:00,282,282.000000,0.000249,0.001585,0.004993,0.008002,0.007165,0.004389,0.002521,0.001906,0.002228,0.003500,0.005674,0.008775,0.012883,0.017368,0.023152,0.030833,0.035881,0.031163,0.018301,0.006788,0.001529,0.000208,0.439000,2,2,2,2,2,2,2,2,2,2,2,2,2,2,2,2,2,2,2,2,2,2,2,-18.519800,146.386100,8.000000,lev15,Almucantar
Lucinda,11:10:2019,12:00:00,284,284.000000,0.000185,0.001709,0.006969,0.012883,0.011592,0.006277,0.003085,0.002124,0.002426,0.003770,0.005937,0.009150,0.013824,0.019307,0.023922,0.026409,0.024308,0.017396,0.009256,0.003525,0.000938,0.000173,0.439000,2,2,2,2,2,2,2,2,2,2,2,2,2,2,2,2,2,2,2,2,2,2,2,-18.519800,146.386100,8.000000,lev15,Almucantar
Lucinda,12:10:2019,12:00:00,285,285.000000,0.000221,0.001950,0.007227,0.011655,0.009183,0.004586,0.002162,0.001483,0.001818,0.003239,0.005431,0.007246,0.008993,0.012025,0.016270,0.020124,0.021226,0.017963,0.011239,0.004747,0.001267,0.000208,0.439000,1,1,1,1,1,1,1,1,1,1,1,1,1,1,1,1,1,1,1,1,1,1,1,-18.519800,146.386100,8.000000,lev15,Almucantar
Lucinda,13:10:2019,12:00:00,286,286.000000,0.000082,0.000655,0.002463,0.004462,0.004291,0.002770,0.001687,0.001302,0.001425,0.001977,0.002869,0.003954,0.005099,0.006136,0.007035,0.008039,0.008644,0.007649,0.004827,0.001958,0.000486,0.000073,0.439000,2,2,2,2,2,2,2,2,2,2,2,2,2,2,2,2,2,2,2,2,2,2,2,-18.519800,146.386100,8.000000,lev15,Almucantar
Lucinda,14:10:2019,12:00:00,287,287.000000,0.000318,0.001754,0.004790,0.006745,0.005557,0.003479,0.002415,0.002553,0.004079,0.006639,0.007828,0.008391,0.011187,0.017417,0.023111,0.024445,0.027715,0.043987,0.084176,0.106509,0.045669,0.004896,0.439000,1,1,1,1,1,1,1,1,1,1,1,1,1,1,1,1,1,1,1,1,1,1,1,-18.519800,146.386100,8.000000,lev15,Almucantar
Lucinda,20:10:2019,12:00:00,293,293.000000,0.000147,0.000940,0.002836,0.004231,0.003626,0.002347,0.001565,0.001338,0.001526,0.002065,0.002945,0.004358,0.006339,0.008173,0.009974,0.011986,0.013170,0.011636,0.007293,0.002949,0.000729,0.000108,0.439000,1,1,1,1,1,1,1,1,1,1,1,1,1,1,1,1,1,1,1,1,1,1,1,-18.519800,146.386100,8.000000,lev15,Almucantar
Lucinda,22:10:2019,12:00:00,295,295.000000,0.000240,0.001458,0.005125,0.010184,0.011261,0.007682,0.004603,0.003725,0.004853,0.008234,0.012638,0.017016,0.023472,0.033266,0.043694,0.050266,0.051354,0.040705,0.022178,0.007954,0.001855,0.000280,0.439000,2,2,2,2,2,2,2,2,2,2,2,2,2,2,2,2,2,2,2,2,2,2,2,-18.519800,146.386100,8.000000,lev15,Almucantar
Lucinda,25:10:2019,12:00:00,298,298.000000,0.000294,0.001344,0.003760,0.006418,0.007275,0.006108,0.004335,0.003412,0.003984,0.006949,0.013477,0.022180,0.030966,0.042646,0.060180,0.074605,0.068809,0.043837,0.019697,0.006415,0.001532,0.000273,0.439000,4,4,4,4,4,4,4,4,4,4,4,4,4,4,4,4,4,4,4,4,4,4,4,-18.519800,146.386100,8.000000,lev15,Almucantar
Lucinda,26:10:2019,12:00:00,299,299.000000,0.000194,0.001066,0.003375,0.006405,0.008281,0.007759,0.005405,0.003560,0.003308,0.004913,0.009133,0.015760,0.023209,0.031394,0.040373,0.045522,0.041798,0.028978,0.014390,0.004919,0.001141,0.000183,0.439000,2,2,2,2,2,2,2,2,2,2,2,2,2,2,2,2,2,2,2,2,2,2,2,-18.519800,146.386100,8.000000,lev15,Almucantar
Lucinda,27:10:2019,12:00:00,300,300.000000,0.000157,0.000964,0.002999,0.004880,0.004677,0.003237,0.002132,0.001861,0.002544,0.004396,0.006904,0.008971,0.010947,0.013769,0.016570,0.016966,0.014265,0.009700,0.005235,0.002146,0.000639,0.000137,0.439000,5,5,5,5,5,5,5,5,5,5,5,5,5,5,5,5,5,5,5,5,5,5,5,-18.519800,146.386100,8.000000,lev15,Almucantar
Lucinda,28:10:2019,12:00:00,301,301.000000,0.000200,0.001238,0.003629,0.005212,0.004419,0.002955,0.002091,0.002000,0.002762,0.004552,0.007070,0.009720,0.012767,0.016985,0.021235,0.021863,0.017119,0.010168,0.004712,0.001746,0.000524,0.000129,0.439000,2,2,2,2,2,2,2,2,2,2,2,2,2,2,2,2,2,2,2,2,2,2,2,-18.519800,146.386100,8.000000,lev15,Almucantar
Lucinda,31:10:2019,12:00:00,304,304.000000,0.000331,0.001265,0.003258,0.005690,0.006915,0.006308,0.005080,0.004504,0.005163,0.007728,0.013352,0.023003,0.036880,0.052914,0.063151,0.058349,0.040035,0.020934,0.008872,0.003215,0.001024,0.000289,0.439000,1,1,1,1,1,1,1,1,1,1,1,1,1,1,1,1,1,1,1,1,1,1,1,-18.519800,146.386100,8.000000,lev15,Almucantar
Lucinda,01:11:2019,12:00:00,305,305.000000,0.000496,0.002557,0.006465,0.008380,0.006573,0.004240,0.003177,0.003478,0.005553,0.010238,0.016889,0.024009,0.032620,0.044433,0.056076,0.057969,0.045559,0.027140,0.012535,0.004556,0.001313,0.000304,0.439000,3,3,3,3,3,3,3,3,3,3,3,3,3,3,3,3,3,3,3,3,3,3,3,-18.519800,146.386100,8.000000,lev15,Almucantar
Lucinda,02:11:2019,12:00:00,306,306.000000,0.000340,0.002113,0.006825,0.011436,0.011032,0.007544,0.004845,0.003921,0.004896,0.008736,0.015529,0.022330,0.029761,0.040428,0.053142,0.060151,0.054558,0.037342,0.018501,0.006488,0.001604,0.000287,0.439000,4,4,4,4,4,4,4,4,4,4,4,4,4,4,4,4,4,4,4,4,4,4,4,-18.519800,146.386100,8.000000,lev15,Almucantar
Lucinda,03:11:2019,12:00:00,307,307.000000,0.000247,0.002140,0.007553,0.010957,0.007631,0.003720,0.002059,0.001766,0.002427,0.004396,0.007558,0.009923,0.011195,0.012643,0.015178,0.020670,0.029917,0.037503,0.031329,0.013810,0.002757,0.000236,0.439000,2,2,2,2,2,2,2,2,2,2,2,2,2,2,2,2,2,2,2,2,2,2,2,-18.519800,146.386100,8.000000,lev15,Almucantar
Lucinda,05:11:2019,12:00:00,309,309.000000,0.000400,0.004379,0.015761,0.018265,0.009844,0.004298,0.002359,0.002096,0.003138,0.006356,0.012110,0.017794,0.021717,0.024265,0.025277,0.023723,0.018996,0.012433,0.006481,0.002636,0.000829,0.000204,0.439000,4,4,4,4,4,4,4,4,4,4,4,4,4,4,4,4,4,4,4,4,4,4,4,-18.519800,146.386100,8.000000,lev15,Almucantar
Lucinda,06:11:2019,12:00:00,310,310.000000,0.000282,0.001414,0.003448,0.004323,0.003211,0.001878,0.001299,0.001463,0.002654,0.005431,0.008707,0.011177,0.013784,0.017295,0.020812,0.022830,0.022120,0.017871,0.010946,0.004607,0.001254,0.000219,0.439000,2,2,2,2,2,2,2,2,2,2,2,2,2,2,2,2,2,2,2,2,2,2,2,-18.519800,146.386100,8.000000,lev15,Almucantar
Lucinda,07:11:2019,12:00:00,311,311.000000,0.000254,0.000679,0.001276,0.001720,0.001763,0.001548,0.001383,0.001502,0.002181,0.003923,0.007330,0.012946,0.021348,0.031467,0.040620,0.045308,0.040281,0.026548,0.012650,0.004373,0.001105,0.000205,0.439000,1,1,1,1,1,1,1,1,1,1,1,1,1,1,1,1,1,1,1,1,1,1,1,-18.519800,146.386100,8.000000,lev15,Almucantar
Lucinda,08:11:2019,12:00:00,312,312.000000,0.000435,0.002024,0.004526,0.005102,0.003547,0.002159,0.001655,0.001967,0.003467,0.006919,0.012024,0.017556,0.024018,0.032404,0.041369,0.046730,0.043732,0.031971,0.017074,0.006267,0.001537,0.000257,0.439000,7,7,7,7,7,7,7,7,7,7,7,7,7,7,7,7,7,7,7,7,7,7,7,-18.519800,146.386100,8.000000,lev15,Almucantar
Lucinda,09:11:2019,12:00:00,313,313.000000,0.000546,0.003843,0.009328,0.008792,0.004782,0.002458,0.001692,0.001740,0.002451,0.004010,0.006494,0.009469,0.012545,0.015560,0.019255,0.024196,0.028544,0.026965,0.017509,0.006991,0.001609,0.000210,0.439000,2,2,2,2,2,2,2,2,2,2,2,2,2,2,2,2,2,2,2,2,2,2,2,-18.519800,146.386100,8.000000,lev15,Almucantar
Lucinda,10:11:2019,12:00:00,314,314.000000,0.001139,0.004731,0.008953,0.008336,0.004879,0.002637,0.001935,0.002387,0.004533,0.009843,0.019589,0.034509,0.054265,0.073667,0.090906,0.107824,0.107357,0.076684,0.036746,0.011970,0.002712,0.000432,0.439000,6,6,6,6,6,6,6,6,6,6,6,6,6,6,6,6,6,6,6,6,6,6,6,-18.519800,146.386100,8.000000,lev15,Almucantar
Lucinda,11:11:2019,12:00:00,315,315.000000,0.000897,0.004873,0.010547,0.010021,0.005582,0.002820,0.001987,0.002421,0.004488,0.008880,0.014479,0.019366,0.023859,0.030529,0.042132,0.062541,0.093724,0.118433,0.098427,0.042087,0.007666,0.000556,0.439000,4,4,4,4,4,4,4,4,4,4,4,4,4,4,4,4,4,4,4,4,4,4,4,-18.519800,146.386100,8.000000,lev15,Almucantar
Lucinda,12:11:2019,12:00:00,316,316.000000,0.000536,0.002831,0.006914,0.008022,0.005593,0.003662,0.003416,0.004325,0.006317,0.010365,0.015986,0.021735,0.030614,0.043747,0.054775,0.057210,0.051953,0.042066,0.027866,0.012132,0.002895,0.000381,0.439000,5,5,5,5,5,5,5,5,5,5,5,5,5,5,5,5,5,5,5,5,5,5,5,-18.519800,146.386100,8.000000,lev15,Almucantar
Lucinda,13:11:2019,12:00:00,317,317.000000,0.000746,0.004487,0.011619,0.013775,0.009026,0.004590,0.002816,0.002957,0.005369,0.011778,0.020618,0.027396,0.033927,0.043202,0.053353,0.062806,0.072483,0.079188,0.071191,0.039407,0.009694,0.000933,0.439000,7,7,7,7,7,7,7,7,7,7,7,7,7,7,7,7,7,7,7,7,7,7,7,-18.519800,146.386100,8.000000,lev15,Almucantar
Lucinda,14:11:2019,12:00:00,318,318.000000,0.000275,0.002266,0.009257,0.018687,0.019165,0.011058,0.004987,0.003019,0.003461,0.006458,0.012432,0.019503,0.026420,0.033306,0.039187,0.041716,0.037773,0.027061,0.014085,0.004975,0.001203,0.000223,0.439000,2,2,2,2,2,2,2,2,2,2,2,2,2,2,2,2,2,2,2,2,2,2,2,-18.519800,146.386100,8.000000,lev15,Almucantar
Lucinda,15:11:2019,12:00:00,319,319.000000,0.000442,0.003561,0.013450,0.023750,0.021045,0.011380,0.005763,0.004353,0.005773,0.010406,0.016806,0.021446,0.025482,0.033016,0.046288,0.062717,0.073462,0.072923,0.061705,0.035888,0.009529,0.000944,0.439000,6,6,6,6,6,6,6,6,6,6,6,6,6,6,6,6,6,6,6,6,6,6,6,-18.519800,146.386100,8.000000,lev15,Almucantar
Lucinda,16:11:2019,12:00:00,320,320.000000,0.000241,0.001680,0.007444,0.019271,0.026863,0.018709,0.008174,0.004185,0.004133,0.007062,0.012738,0.018896,0.025002,0.031844,0.040281,0.047461,0.043262,0.027670,0.013167,0.004940,0.001499,0.000387,0.439000,4,4,4,4,4,4,4,4,4,4,4,4,4,4,4,4,4,4,4,4,4,4,4,-18.519800,146.386100,8.000000,lev15,Almucantar
Lucinda,17:11:2019,12:00:00,321,321.000000,0.000263,0.001328,0.004505,0.009600,0.011356,0.007246,0.003711,0.002718,0.003494,0.005977,0.009779,0.014386,0.020128,0.026018,0.029440,0.029967,0.027917,0.022127,0.013146,0.005260,0.001346,0.000219,0.439000,2,2,2,2,2,2,2,2,2,2,2,2,2,2,2,2,2,2,2,2,2,2,2,-18.519800,146.386100,8.000000,lev15,Almucantar
Lucinda,18:11:2019,12:00:00,322,322.000000,0.000284,0.001684,0.005636,0.010640,0.012181,0.009169,0.005694,0.004235,0.004920,0.008101,0.013192,0.017880,0.022702,0.029278,0.036147,0.040414,0.038432,0.029244,0.016570,0.006522,0.001723,0.000312,0.439000,5,5,5,5,5,5,5,5,5,5,5,5,5,5,5,5,5,5,5,5,5,5,5,-18.519800,146.386100,8.000000,lev15,Almucantar
Lucinda,19:11:2019,12:00:00,323,323.000000,0.000343,0.003346,0.013974,0.024573,0.022217,0.013532,0.007163,0.004536,0.004332,0.006044,0.009558,0.014275,0.020147,0.026707,0.032100,0.034091,0.030979,0.023006,0.013080,0.005305,0.001469,0.000278,0.439000,7,7,7,7,7,7,7,7,7,7,7,7,7,7,7,7,7,7,7,7,7,7,7,-18.519800,146.386100,8.000000,lev15,Almucantar
Lucinda,20:11:2019,12:00:00,324,324.000000,0.000391,0.002477,0.008583,0.016424,0.019081,0.013746,0.006872,0.004036,0.004090,0.006453,0.010972,0.016801,0.024184,0.031659,0.036421,0.038252,0.035266,0.025875,0.014013,0.005353,0.001440,0.000287,0.439000,7,7,7,7,7,7,7,7,7,7,7,7,7,7,7,7,7,7,7,7,7,7,7,-18.519800,146.386100,8.000000,lev15,Almucantar
Lucinda,21:11:2019,12:00:00,325,325.000000,0.000498,0.005729,0.030131,0.076000,0.101079,0.073460,0.031462,0.012780,0.007749,0.007791,0.010690,0.015957,0.022902,0.028797,0.032750,0.034212,0.031254,0.023712,0.014397,0.006629,0.002190,0.000518,0.497714,7,7,7,7,7,7,7,7,7,7,7,7,7,7,7,7,7,7,7,7,7,7,7,-18.519800,146.386100,8.000000,lev15,Almucantar
Lucinda,22:11:2019,12:00:00,326,326.000000,0.000217,0.002345,0.010966,0.020857,0.017933,0.009225,0.004365,0.002846,0.003017,0.004437,0.006379,0.008032,0.010678,0.015706,0.022367,0.027365,0.026010,0.018233,0.009410,0.003520,0.000942,0.000188,0.439000,7,7,7,7,7,7,7,7,7,7,7,7,7,7,7,7,7,7,7,7,7,7,7,-18.519800,146.386100,8.000000,lev15,Almucantar
Lucinda,23:11:2019,12:00:00,327,327.000000,0.000128,0.000563,0.001757,0.003858,0.005726,0.005595,0.004160,0.003273,0.003500,0.004923,0.007079,0.009454,0.012791,0.017303,0.020758,0.021277,0.018355,0.012781,0.006835,0.002688,0.000759,0.000153,0.439000,3,3,3,3,3,3,3,3,3,3,3,3,3,3,3,3,3,3,3,3,3,3,3,-18.519800,146.386100,8.000000,lev15,Almucantar
Lucinda,24:11:2019,12:00:00,328,328.000000,0.000241,0.001559,0.006081,0.014112,0.018981,0.015372,0.009360,0.006252,0.006072,0.008235,0.011959,0.016020,0.020751,0.028111,0.036369,0.041380,0.036787,0.023874,0.011386,0.004126,0.001161,0.000256,0.439000,1,1,1,1,1,1,1,1,1,1,1,1,1,1,1,1,1,1,1,1,1,1,1,-18.519800,146.386100,8.000000,lev15,Almucantar
Lucinda,16:12:2019,12:00:00,350,350.000000,0.000166,0.001497,0.006586,0.013915,0.015262,0.009267,0.004147,0.002405,0.002478,0.003863,0.006454,0.009749,0.013447,0.017131,0.020713,0.024000,0.024833,0.020786,0.012715,0.005173,0.001325,0.000214,0.439000,5,5,5,5,5,5,5,5,5,5,5,5,5,5,5,5,5,5,5,5,5,5,5,-18.519800,146.386100,8.000000,lev15,Almucantar
Lucinda,17:12:2019,12:00:00,351,351.000000,0.000306,0.005486,0.029791,0.049959,0.035492,0.014550,0.005136,0.002590,0.002318,0.003237,0.005341,0.008529,0.012126,0.015438,0.019340,0.024572,0.028573,0.026302,0.016937,0.006918,0.001695,0.000254,0.439000,8,8,8,8,8,8,8,8,8,8,8,8,8,8,8,8,8,8,8,8,8,8,8,-18.519800,146.386100,8.000000,lev15,Almucantar
Lucinda,18:12:2019,12:00:00,352,352.000000,0.000669,0.005174,0.022939,0.047742,0.048848,0.027482,0.011375,0.006037,0.006005,0.009960,0.017475,0.025287,0.032739,0.044069,0.060959,0.074005,0.074889,0.054048,0.026010,0.008612,0.002101,0.000407,0.439000,6,6,6,6,6,6,6,6,6,6,6,6,6,6,6,6,6,6,6,6,6,6,6,-18.519800,146.386100,8.000000,lev15,Almucantar
Lucinda,19:12:2019,12:00:00,353,353.000000,0.000234,0.000994,0.003018,0.006233,0.008818,0.008691,0.006673,0.005566,0.006773,0.010846,0.015989,0.020068,0.025632,0.037275,0.051856,0.059654,0.056910,0.043308,0.024309,0.009283,0.002288,0.000360,0.439000,4,4,4,4,4,4,4,4,4,4,4,4,4,4,4,4,4,4,4,4,4,4,4,-18.519800,146.386100,8.000000,lev15,Almucantar
Lucinda,20:12:2019,12:00:00,354,354.000000,0.000278,0.001676,0.006047,0.012741,0.015930,0.012704,0.008077,0.005972,0.006762,0.010058,0.013926,0.017221,0.022577,0.031788,0.040517,0.044465,0.040311,0.028613,0.015388,0.006024,0.001666,0.000326,0.439000,4,4,4,4,4,4,4,4,4,4,4,4,4,4,4,4,4,4,4,4,4,4,4,-18.519800,146.386100,8.000000,lev15,Almucantar
Lucinda,22:12:2019,12:00:00,356,356.000000,0.000320,0.001729,0.005224,0.008999,0.009452,0.007139,0.005028,0.004274,0.005016,0.007954,0.014632,0.025264,0.034749,0.039146,0.040330,0.038146,0.030988,0.020256,0.010305,0.004032,0.001207,0.000276,0.439000,1,1,1,1,1,1,1,1,1,1,1,1,1,1,1,1,1,1,1,1,1,1,1,-18.519800,146.386100,8.000000,lev15,Almucantar
Lucinda,23:12:2019,12:00:00,357,357.000000,0.000187,0.001363,0.005895,0.014673,0.019949,0.014119,0.006556,0.003628,0.003486,0.005144,0.008247,0.011593,0.015045,0.020375,0.027341,0.032154,0.030069,0.021020,0.010733,0.003965,0.001062,0.000209,0.439000,4,4,4,4,4,4,4,4,4,4,4,4,4,4,4,4,4,4,4,4,4,4,4,-18.519800,146.386100,8.000000,lev15,Almucantar
Lucinda,24:12:2019,12:00:00,358,358.000000,0.000472,0.003359,0.013117,0.027858,0.038850,0.033850,0.015193,0.006350,0.004729,0.006188,0.009331,0.013266,0.019022,0.025983,0.031636,0.035016,0.032473,0.023814,0.013447,0.005638,0.001708,0.000376,0.439000,8,8,8,8,8,8,8,8,8,8,8,8,8,8,8,8,8,8,8,8,8,8,8,-18.519800,146.386100,8.000000,lev15,Almucantar
Lucinda,25:12:2019,12:00:00,359,359.000000,0.000348,0.004361,0.022972,0.046136,0.040371,0.019197,0.007135,0.003834,0.004239,0.007847,0.014961,0.023167,0.031468,0.039881,0.050018,0.059328,0.057507,0.041393,0.021784,0.008235,0.002221,0.000457,0.439000,7,7,7,7,7,7,7,7,7,7,7,7,7,7,7,7,7,7,7,7,7,7,7,-18.519800,146.386100,8.000000,lev15,Almucantar
Lucinda,26:12:2019,12:00:00,360,360.000000,0.000491,0.004751,0.021158,0.044396,0.047367,0.030087,0.015106,0.008568,0.006925,0.008357,0.013680,0.024767,0.040181,0.052978,0.055996,0.046594,0.029906,0.015124,0.006443,0.002485,0.000910,0.000322,0.439000,1,1,1,1,1,1,1,1,1,1,1,1,1,1,1,1,1,1,1,1,1,1,1,-18.519800,146.386100,8.000000,lev15,Almucantar
Lucinda,27:12:2019,12:00:00,361,361.000000,0.000095,0.000462,0.001531,0.003392,0.004900,0.004615,0.003276,0.002522,0.002851,0.004358,0.006419,0.007904,0.009389,0.012223,0.015894,0.018752,0.018682,0.014632,0.008355,0.003253,0.000826,0.000135,0.439000,2,2,2,2,2,2,2,2,2,2,2,2,2,2,2,2,2,2,2,2,2,2,2,-18.519800,146.386100,8.000000,lev15,Almucantar
Lucinda,28:12:2019,12:00:00,362,362.000000,0.000051,0.000213,0.000723,0.001906,0.003550,0.004184,0.003230,0.002206,0.001928,0.002426,0.003642,0.005022,0.005930,0.006507,0.006918,0.006995,0.006590,0.005325,0.003311,0.001448,0.000424,0.000082,0.439000,2,2,2,2,2,2,2,2,2,2,2,2,2,2,2,2,2,2,2,2,2,2,2,-18.519800,146.386100,8.000000,lev15,Almucantar
Lucinda,29:12:2019,12:00:00,363,363.000000,0.000082,0.000404,0.001297,0.002710,0.003769,0.003610,0.002695,0.002082,0.002150,0.002920,0.004184,0.005471,0.006946,0.009286,0.012033,0.014076,0.013571,0.009984,0.005293,0.001958,0.000500,0.000089,0.439000,4,4,4,4,4,4,4,4,4,4,4,4,4,4,4,4,4,4,4,4,4,4,4,-18.519800,146.386100,8.000000,lev15,Almucantar
Lucinda,30:12:2019,12:00:00,364,364.000000,0.000358,0.001738,0.004658,0.006974,0.006606,0.004853,0.003591,0.003361,0.004245,0.006455,0.010303,0.015517,0.021346,0.028631,0.037309,0.043905,0.043192,0.032048,0.016553,0.005778,0.001384,0.000240,0.439000,3,3,3,3,3,3,3,3,3,3,3,3,3,3,3,3,3,3,3,3,3,3,3,-18.519800,146.386100,8.000000,lev15,Almucantar
Lucinda,31:12:2019,12:00:00,365,365.000000,0.000165,0.001642,0.006745,0.011919,0.010498,0.006069,0.003366,0.002495,0.002718,0.003715,0.005024,0.005992,0.006784,0.008093,0.009294,0.009665,0.008966,0.007080,0.004380,0.001946,0.000588,0.000120,0.439000,3,3,3,3,3,3,3,3,3,3,3,3,3,3,3,3,3,3,3,3,3,3,3,-18.519800,146.386100,8.000000,lev15,Almucantar
Lucinda,01:01:2020,12:00:00,1,1.000000,0.000287,0.003491,0.013773,0.018007,0.010326,0.004234,0.002047,0.001646,0.002274,0.004091,0.006853,0.009257,0.011039,0.013265,0.016492,0.019965,0.021002,0.017157,0.010012,0.003944,0.001016,0.000170,0.439000,6,6,6,6,6,6,6,6,6,6,6,6,6,6,6,6,6,6,6,6,6,6,6,-18.519800,146.386100,8.000000,lev15,Almucantar
Lucinda,02:01:2020,12:00:00,2,2.000000,0.000074,0.000460,0.001539,0.002868,0.003285,0.002659,0.001860,0.001521,0.001792,0.002728,0.003873,0.004511,0.004991,0.005986,0.007325,0.008265,0.007632,0.005352,0.002772,0.001054,0.000295,0.000061,0.439000,3,3,3,3,3,3,3,3,3,3,3,3,3,3,3,3,3,3,3,3,3,3,3,-18.519800,146.386100,8.000000,lev15,Almucantar
Lucinda,05:01:2020,12:00:00,5,5.000000,0.000293,0.002344,0.008776,0.015697,0.014909,0.009352,0.005339,0.003827,0.003993,0.005522,0.008227,0.011667,0.015775,0.021943,0.029707,0.035890,0.034481,0.024208,0.012233,0.004466,0.001178,0.000226,0.439000,6,6,6,6,6,6,6,6,6,6,6,6,6,6,6,6,6,6,6,6,6,6,6,-18.519800,146.386100,8.000000,lev15,Almucantar
Lucinda,06:01:2020,12:00:00,6,6.000000,0.000132,0.001079,0.004211,0.008115,0.008176,0.004996,0.002605,0.001783,0.002020,0.003422,0.006091,0.008433,0.009768,0.011489,0.013529,0.014440,0.012864,0.009103,0.004914,0.001948,0.000557,0.000116,0.439000,2,2,2,2,2,2,2,2,2,2,2,2,2,2,2,2,2,2,2,2,2,2,2,-18.519800,146.386100,8.000000,lev15,Almucantar
Lucinda,09:01:2020,12:00:00,9,9.000000,0.000162,0.000549,0.001629,0.004126,0.008317,0.011986,0.011477,0.008095,0.005644,0.005057,0.006357,0.009177,0.013070,0.019875,0.027669,0.029550,0.023816,0.014705,0.007051,0.002671,0.000818,0.000209,0.507500,2,2,2,2,2,2,2,2,2,2,2,2,2,2,2,2,2,2,2,2,2,2,2,-18.519800,146.386100,8.000000,lev15,Almucantar
Lucinda,10:01:2020,12:00:00,10,10.000000,0.000444,0.001902,0.005408,0.010319,0.013677,0.013552,0.011357,0.009398,0.008722,0.009573,0.012137,0.016595,0.022685,0.029100,0.033311,0.032718,0.026797,0.017963,0.009740,0.004238,0.001471,0.000407,0.439000,1,1,1,1,1,1,1,1,1,1,1,1,1,1,1,1,1,1,1,1,1,1,1,-18.519800,146.386100,8.000000,lev15,Almucantar
Lucinda,11:01:2020,12:00:00,11,11.000000,0.000189,0.000892,0.002975,0.006888,0.010621,0.010721,0.007933,0.005599,0.005221,0.006694,0.008216,0.009202,0.011444,0.016595,0.021672,0.025104,0.027169,0.026213,0.019298,0.009024,0.002390,0.000344,0.439000,1,1,1,1,1,1,1,1,1,1,1,1,1,1,1,1,1,1,1,1,1,1,1,-18.519800,146.386100,8.000000,lev15,Almucantar
Lucinda,12:01:2020,12:00:00,12,12.000000,0.000563,0.002211,0.006267,0.012975,0.019944,0.021673,0.015592,0.009312,0.007342,0.009433,0.016540,0.029186,0.043892,0.055477,0.065679,0.073281,0.068382,0.048680,0.025812,0.009965,0.002740,0.000567,0.439000,7,7,7,7,7,7,7,7,7,7,7,7,7,7,7,7,7,7,7,7,7,7,7,-18.519800,146.386100,8.000000,lev15,Almucantar
Lucinda,13:01:2020,12:00:00,13,13.000000,0.000545,0.002221,0.006024,0.010966,0.013715,0.012451,0.009760,0.008540,0.009764,0.014204,0.022279,0.033398,0.046071,0.056402,0.060997,0.058996,0.050297,0.036075,0.020475,0.008686,0.002664,0.000590,0.439000,3,3,3,3,3,3,3,3,3,3,3,3,3,3,3,3,3,3,3,3,3,3,3,-18.519800,146.386100,8.000000,lev15,Almucantar
Lucinda,14:01:2020,12:00:00,14,14.000000,0.000201,0.000745,0.001909,0.003406,0.004342,0.004268,0.003748,0.003594,0.004389,0.006584,0.010182,0.014584,0.018696,0.021574,0.023150,0.022682,0.019006,0.012811,0.006710,0.002690,0.000822,0.000191,0.439000,1,1,1,1,1,1,1,1,1,1,1,1,1,1,1,1,1,1,1,1,1,1,1,-18.519800,146.386100,8.000000,lev15,Almucantar
Lucinda,15:01:2020,12:00:00,15,15.000000,0.000132,0.000535,0.001683,0.003991,0.006678,0.007207,0.005211,0.003541,0.003510,0.005633,0.010242,0.014164,0.016000,0.018706,0.021849,0.022947,0.019723,0.013042,0.006568,0.002545,0.000766,0.000180,0.439000,5,5,5,5,5,5,5,5,5,5,5,5,5,5,5,5,5,5,5,5,5,5,5,-18.519800,146.386100,8.000000,lev15,Almucantar
Lucinda,16:01:2020,12:00:00,16,16.000000,0.000265,0.001603,0.005802,0.012150,0.014940,0.011656,0.007110,0.004745,0.004593,0.006684,0.011532,0.018999,0.028662,0.037203,0.037756,0.031774,0.023878,0.015467,0.008120,0.003335,0.001061,0.000275,0.439000,4,4,4,4,4,4,4,4,4,4,4,4,4,4,4,4,4,4,4,4,4,4,4,-18.519800,146.386100,8.000000,lev15,Almucantar
Lucinda,17:01:2020,12:00:00,17,17.000000,0.000639,0.002646,0.006105,0.008307,0.007636,0.005673,0.004201,0.004034,0.005832,0.011170,0.021799,0.036060,0.048962,0.058934,0.070328,0.082633,0.080953,0.057775,0.028727,0.009828,0.002324,0.000397,0.439000,6,6,6,6,6,6,6,6,6,6,6,6,6,6,6,6,6,6,6,6,6,6,6,-18.519800,146.386100,8.000000,lev15,Almucantar
Lucinda,18:01:2020,12:00:00,18,18.000000,0.000669,0.002574,0.006061,0.008948,0.008941,0.007038,0.005501,0.005443,0.007627,0.013775,0.025676,0.041020,0.053516,0.061043,0.067296,0.071113,0.063545,0.043229,0.021696,0.008050,0.002232,0.000477,0.439000,7,7,7,7,7,7,7,7,7,7,7,7,7,7,7,7,7,7,7,7,7,7,7,-18.519800,146.386100,8.000000,lev15,Almucantar
Lucinda,19:01:2020,12:00:00,19,19.000000,0.000401,0.001600,0.003931,0.006004,0.006475,0.006153,0.006051,0.005945,0.006161,0.008400,0.014260,0.023419,0.033315,0.040242,0.041341,0.037321,0.029950,0.020222,0.010702,0.004291,0.001315,0.000326,0.473250,4,4,4,4,4,4,4,4,4,4,4,4,4,4,4,4,4,4,4,4,4,4,4,-18.519800,146.386100,8.000000,lev15,Almucantar
Lucinda,07:08:2020,12:00:00,220,220.000000,0.000195,0.000809,0.002452,0.005257,0.007630,0.007802,0.006698,0.005871,0.005697,0.006020,0.006837,0.008366,0.010880,0.014354,0.017910,0.019561,0.017680,0.013038,0.007839,0.003727,0.001346,0.000363,0.439000,2,2,2,2,2,2,2,2,2,2,2,2,2,2,2,2,2,2,2,2,2,2,2,-18.519800,146.386100,8.000000,lev15,Almucantar
Lucinda,10:08:2020,12:00:00,223,223.000000,0.000122,0.000742,0.002471,0.004683,0.005675,0.005198,0.004153,0.003152,0.002519,0.002362,0.002628,0.003299,0.004484,0.006227,0.008320,0.010155,0.010587,0.008665,0.005108,0.002037,0.000533,0.000091,0.590333,3,3,3,3,3,3,3,3,3,3,3,3,3,3,3,3,3,3,3,3,3,3,3,-18.519800,146.386100,8.000000,lev15,Almucantar
Lucinda,11:08:2020,12:00:00,224,224.000000,0.000097,0.000677,0.002214,0.003625,0.003758,0.003254,0.002624,0.001960,0.001561,0.001521,0.001745,0.002154,0.002751,0.003587,0.004684,0.005927,0.006804,0.006281,0.004067,0.001677,0.000422,0.000065,0.535111,9,9,9,9,9,9,9,9,9,9,9,9,9,9,9,9,9,9,9,9,9,9,9,-18.519800,146.386100,8.000000,lev15,Almucantar
Lucinda,12:08:2020,12:00:00,225,225.000000,0.000235,0.001488,0.004178,0.005881,0.005336,0.004030,0.002909,0.002237,0.002176,0.002587,0.003118,0.003630,0.004560,0.006498,0.009625,0.013356,0.015813,0.014461,0.009115,0.003597,0.000841,0.000115,0.439000,10,10,10,10,10,10,10,10,10,10,10,10,10,10,10,10,10,10,10,10,10,10,10,-18.519800,146.386100,8.000000,lev15,Almucantar
Lucinda,13:08:2020,12:00:00,226,226.000000,0.000225,0.001383,0.003958,0.005618,0.004881,0.003494,0.002628,0.002373,0.002669,0.003366,0.003972,0.004427,0.005582,0.008232,0.012521,0.017701,0.021382,0.019860,0.012499,0.004805,0.001072,0.000139,0.478625,8,8,8,8,8,8,8,8,8,8,8,8,8,8,8,8,8,8,8,8,8,8,8,-18.519800,146.386100,8.000000,lev15,Almucantar
Lucinda,14:08:2020,12:00:00,227,227.000000,0.000185,0.001243,0.003932,0.006182,0.005643,0.003828,0.002505,0.001931,0.001919,0.002326,0.003000,0.003883,0.005202,0.007233,0.009988,0.012777,0.013953,0.011901,0.007248,0.002938,0.000764,0.000127,0.439000,8,8,8,8,8,8,8,8,8,8,8,8,8,8,8,8,8,8,8,8,8,8,8,-18.519800,146.386100,8.000000,lev15,Almucantar
Lucinda,15:08:2020,12:00:00,228,228.000000,0.000357,0.002255,0.006099,0.007833,0.005876,0.003487,0.002285,0.002006,0.002482,0.003723,0.004556,0.004773,0.005947,0.009108,0.013510,0.016582,0.015883,0.011736,0.006457,0.002506,0.000662,0.000118,0.439000,3,3,3,3,3,3,3,3,3,3,3,3,3,3,3,3,3,3,3,3,3,3,3,-18.519800,146.386100,8.000000,lev15,Almucantar
Lucinda,16:08:2020,12:00:00,229,229.000000,0.000352,0.001941,0.005187,0.007531,0.007174,0.005292,0.003823,0.003540,0.004464,0.006327,0.007693,0.008544,0.010898,0.015969,0.021905,0.026028,0.026724,0.022286,0.013459,0.005338,0.001333,0.000213,0.439000,8,8,8,8,8,8,8,8,8,8,8,8,8,8,8,8,8,8,8,8,8,8,8,-18.519800,146.386100,8.000000,lev15,Almucantar
Lucinda,17:08:2020,12:00:00,230,230.000000,0.000110,0.000810,0.002689,0.004273,0.004224,0.003566,0.002929,0.002297,0.001849,0.001674,0.001661,0.001746,0.002004,0.002585,0.003682,0.005402,0.007280,0.007719,0.005446,0.002253,0.000520,0.000069,0.653857,7,7,7,7,7,7,7,7,7,7,7,7,7,7,7,7,7,7,7,7,7,7,7,-18.519800,146.386100,8.000000,lev15,Almucantar
Lucinda,18:08:2020,12:00:00,231,231.000000,0.000071,0.000531,0.001865,0.003220,0.003219,0.002400,0.001617,0.001100,0.000896,0.000918,0.001060,0.001235,0.001397,0.001576,0.001872,0.002383,0.003044,0.003350,0.002642,0.001295,0.000368,0.000060,0.484667,3,3,3,3,3,3,3,3,3,3,3,3,3,3,3,3,3,3,3,3,3,3,3,-18.519800,146.386100,8.000000,lev15,Almucantar
Lucinda,19:08:2020,12:00:00,232,232.000000,0.000111,0.000771,0.002529,0.004123,0.004001,0.002967,0.001997,0.001362,0.001104,0.001095,0.001204,0.001394,0.001709,0.002249,0.003131,0.004332,0.005389,0.005325,0.003696,0.001641,0.000443,0.000072,0.582000,8,8,8,8,8,8,8,8,8,8,8,8,8,8,8,8,8,8,8,8,8,8,8,-18.519800,146.386100,8.000000,lev15,Almucantar
Lucinda,21:08:2020,12:00:00,234,234.000000,0.000199,0.001327,0.004228,0.006800,0.006371,0.004325,0.002706,0.001912,0.001727,0.001979,0.002553,0.003342,0.004347,0.005752,0.007863,0.010801,0.013679,0.013890,0.009669,0.004121,0.001024,0.000149,0.456125,8,8,8,8,8,8,8,8,8,8,8,8,8,8,8,8,8,8,8,8,8,8,8,-18.519800,146.386100,8.000000,lev15,Almucantar
Lucinda,22:08:2020,12:00:00,235,235.000000,0.000263,0.001548,0.003800,0.004752,0.004130,0.003192,0.002519,0.002137,0.002127,0.002466,0.002898,0.003336,0.003992,0.005028,0.006431,0.007976,0.008980,0.008269,0.005527,0.002397,0.000621,0.000094,0.454222,9,9,9,9,9,9,9,9,9,9,9,9,9,9,9,9,9,9,9,9,9,9,9,-18.519800,146.386100,8.000000,lev15,Almucantar
Lucinda,23:08:2020,12:00:00,236,236.000000,0.000212,0.001415,0.004101,0.005671,0.004761,0.003356,0.002489,0.002064,0.002034,0.002340,0.002792,0.003268,0.003879,0.004866,0.006468,0.008716,0.010835,0.010825,0.007443,0.003115,0.000747,0.000104,0.451455,11,11,11,11,11,11,11,11,11,11,11,11,11,11,11,11,11,11,11,11,11,11,11,-18.519800,146.386100,8.000000,lev15,Almucantar
Lucinda,24:08:2020,12:00:00,237,237.000000,0.000156,0.001084,0.003102,0.004260,0.003618,0.002480,0.001724,0.001391,0.001361,0.001535,0.001811,0.002181,0.002748,0.003643,0.005024,0.007118,0.009721,0.010797,0.007791,0.003094,0.000644,0.000075,0.439000,7,7,7,7,7,7,7,7,7,7,7,7,7,7,7,7,7,7,7,7,7,7,7,-18.519800,146.386100,8.000000,lev15,Almucantar
Lucinda,25:08:2020,12:00:00,238,238.000000,0.000238,0.001334,0.003526,0.004770,0.004119,0.003053,0.002424,0.002279,0.002657,0.003461,0.004244,0.005054,0.006699,0.009825,0.014502,0.019622,0.022110,0.018765,0.010930,0.004047,0.000916,0.000127,0.439000,9,9,9,9,9,9,9,9,9,9,9,9,9,9,9,9,9,9,9,9,9,9,9,-18.519800,146.386100,8.000000,lev15,Almucantar
Lucinda,29:08:2020,12:00:00,242,242.000000,0.000321,0.001482,0.003475,0.004552,0.003961,0.002834,0.002232,0.002542,0.004149,0.007156,0.010019,0.012279,0.015322,0.020699,0.027274,0.033572,0.038508,0.038619,0.028476,0.012259,0.002624,0.000273,0.439000,4,4,4,4,4,4,4,4,4,4,4,4,4,4,4,4,4,4,4,4,4,4,4,-18.519800,146.386100,8.000000,lev15,Almucantar
Lucinda,02:09:2020,12:00:00,246,246.000000,0.000226,0.001705,0.005833,0.009585,0.008840,0.005863,0.003734,0.002882,0.002917,0.003557,0.004508,0.005589,0.006820,0.008146,0.009240,0.009416,0.008235,0.005999,0.003532,0.001623,0.000568,0.000150,0.439000,2,2,2,2,2,2,2,2,2,2,2,2,2,2,2,2,2,2,2,2,2,2,2,-18.519800,146.386100,8.000000,lev15,Almucantar
Lucinda,08:09:2020,12:00:00,252,252.000000,0.001123,0.004991,0.009460,0.008599,0.005138,0.003059,0.002550,0.003410,0.006431,0.012245,0.017476,0.019375,0.021433,0.027436,0.039431,0.058061,0.080672,0.094621,0.076270,0.032604,0.006244,0.000530,0.439000,2,2,2,2,2,2,2,2,2,2,2,2,2,2,2,2,2,2,2,2,2,2,2,-18.519800,146.386100,8.000000,lev15,Almucantar
Lucinda,09:09:2020,12:00:00,253,253.000000,0.000221,0.001274,0.003643,0.005455,0.004964,0.003524,0.002592,0.002401,0.002857,0.003825,0.004944,0.005931,0.006938,0.008144,0.009558,0.010764,0.010795,0.008845,0.005472,0.002409,0.000730,0.000150,0.439000,1,1,1,1,1,1,1,1,1,1,1,1,1,1,1,1,1,1,1,1,1,1,1,-18.519800,146.386100,8.000000,lev15,Almucantar
Lucinda,11:09:2020,12:00:00,255,255.000000,0.000222,0.001182,0.003192,0.004671,0.004449,0.003546,0.002861,0.002639,0.003061,0.004117,0.005319,0.006392,0.007878,0.010120,0.013053,0.016078,0.017604,0.015468,0.009691,0.003914,0.000966,0.000146,0.439000,9,9,9,9,9,9,9,9,9,9,9,9,9,9,9,9,9,9,9,9,9,9,9,-18.519800,146.386100,8.000000,lev15,Almucantar
Lucinda,12:09:2020,12:00:00,256,256.000000,0.000462,0.002506,0.006083,0.007329,0.005542,0.003567,0.002652,0.002767,0.003968,0.006214,0.007934,0.008570,0.010539,0.015333,0.021474,0.026720,0.028388,0.024206,0.014912,0.005944,0.001442,0.000214,0.439000,7,7,7,7,7,7,7,7,7,7,7,7,7,7,7,7,7,7,7,7,7,7,7,-18.519800,146.386100,8.000000,lev15,Almucantar
Lucinda,13:09:2020,12:00:00,257,257.000000,0.000207,0.001206,0.003534,0.005475,0.005130,0.003596,0.002520,0.002285,0.002853,0.004201,0.005460,0.006089,0.007050,0.009168,0.011723,0.013768,0.014213,0.012396,0.008418,0.003851,0.001051,0.000172,0.439000,5,5,5,5,5,5,5,5,5,5,5,5,5,5,5,5,5,5,5,5,5,5,5,-18.519800,146.386100,8.000000,lev15,Almucantar
Lucinda,15:09:2020,12:00:00,259,259.000000,0.000754,0.003771,0.008170,0.008477,0.005527,0.003253,0.002402,0.002785,0.005102,0.010864,0.016482,0.017824,0.020868,0.032825,0.044384,0.048097,0.049776,0.049420,0.037952,0.017323,0.003982,0.000446,0.439000,2,2,2,2,2,2,2,2,2,2,2,2,2,2,2,2,2,2,2,2,2,2,2,-18.519800,146.386100,8.000000,lev15,Almucantar
Lucinda,21:09:2020,12:00:00,265,265.000000,0.000402,0.001671,0.004188,0.006560,0.007177,0.006577,0.006122,0.006410,0.007348,0.008395,0.009131,0.009903,0.011443,0.014293,0.018745,0.024568,0.029718,0.029415,0.020656,0.009106,0.002352,0.000348,0.439000,3,3,3,3,3,3,3,3,3,3,3,3,3,3,3,3,3,3,3,3,3,3,3,-18.519800,146.386100,8.000000,lev15,Almucantar
Lucinda,22:09:2020,12:00:00,266,266.000000,0.000852,0.002983,0.006282,0.008555,0.008652,0.007558,0.006796,0.007708,0.011876,0.020511,0.028338,0.030305,0.032868,0.043144,0.053953,0.056789,0.053499,0.047704,0.037078,0.019851,0.005698,0.000810,0.439000,7,7,7,7,7,7,7,7,7,7,7,7,7,7,7,7,7,7,7,7,7,7,7,-18.519800,146.386100,8.000000,lev15,Almucantar
Lucinda,23:09:2020,12:00:00,267,267.000000,0.000521,0.002116,0.004968,0.007210,0.007310,0.005924,0.004789,0.004887,0.006813,0.010976,0.014167,0.015629,0.019152,0.025583,0.028820,0.027322,0.023348,0.017763,0.010990,0.004995,0.001568,0.000340,0.439000,6,6,6,6,6,6,6,6,6,6,6,6,6,6,6,6,6,6,6,6,6,6,6,-18.519800,146.386100,8.000000,lev15,Almucantar
Lucinda,25:09:2020,12:00:00,269,269.000000,0.000345,0.001931,0.005529,0.008430,0.007903,0.005778,0.004324,0.004077,0.004964,0.006655,0.008222,0.009295,0.010710,0.013073,0.016642,0.021373,0.026083,0.026953,0.019839,0.008770,0.002126,0.000290,0.439000,6,6,6,6,6,6,6,6,6,6,6,6,6,6,6,6,6,6,6,6,6,6,6,-18.519800,146.386100,8.000000,lev15,Almucantar
Lucinda,26:09:2020,12:00:00,270,270.000000,0.000329,0.001917,0.005866,0.009818,0.010056,0.007396,0.004932,0.004007,0.004639,0.006680,0.008663,0.009732,0.011740,0.015332,0.019088,0.021367,0.020785,0.016592,0.010048,0.004314,0.001265,0.000251,0.439000,8,8,8,8,8,8,8,8,8,8,8,8,8,8,8,8,8,8,8,8,8,8,8,-18.519800,146.386100,8.000000,lev15,Almucantar
Lucinda,27:09:2020,12:00:00,271,271.000000,0.000296,0.001946,0.005997,0.009228,0.008288,0.005563,0.003823,0.003411,0.004123,0.005680,0.007129,0.008184,0.009916,0.012767,0.016213,0.019082,0.020046,0.017597,0.011649,0.005184,0.001422,0.000234,0.439000,9,9,9,9,9,9,9,9,9,9,9,9,9,9,9,9,9,9,9,9,9,9,9,-18.519800,146.386100,8.000000,lev15,Almucantar
Lucinda,28:09:2020,12:00:00,272,272.000000,0.000664,0.003756,0.008926,0.009919,0.006768,0.004057,0.002967,0.003221,0.004946,0.008089,0.010706,0.012416,0.015724,0.022470,0.032065,0.041588,0.047371,0.043944,0.028763,0.011529,0.002610,0.000329,0.439000,4,4,4,4,4,4,4,4,4,4,4,4,4,4,4,4,4,4,4,4,4,4,4,-18.519800,146.386100,8.000000,lev15,Almucantar
Lucinda,29:09:2020,12:00:00,273,273.000000,0.000646,0.003632,0.008352,0.008616,0.005196,0.002806,0.002085,0.002642,0.004990,0.009580,0.013739,0.015368,0.017433,0.023686,0.036824,0.057864,0.080739,0.085941,0.058136,0.021365,0.003910,0.000347,0.439000,1,1,1,1,1,1,1,1,1,1,1,1,1,1,1,1,1,1,1,1,1,1,1,-18.519800,146.386100,8.000000,lev15,Almucantar
Lucinda,01:10:2020,12:00:00,275,275.000000,0.000742,0.004630,0.011855,0.014167,0.009831,0.005276,0.003261,0.003246,0.005283,0.009908,0.013557,0.014718,0.018521,0.030527,0.045323,0.053523,0.057867,0.061231,0.053603,0.027395,0.006169,0.000567,0.439000,3,3,3,3,3,3,3,3,3,3,3,3,3,3,3,3,3,3,3,3,3,3,3,-18.519800,146.386100,8.000000,lev15,Almucantar
Lucinda,02:10:2020,12:00:00,276,276.000000,0.000577,0.003145,0.007788,0.009205,0.006567,0.004092,0.003163,0.003619,0.005737,0.009574,0.012401,0.013415,0.016037,0.023314,0.034116,0.045006,0.052355,0.050163,0.034195,0.014179,0.003212,0.000382,0.439000,3,3,3,3,3,3,3,3,3,3,3,3,3,3,3,3,3,3,3,3,3,3,3,-18.519800,146.386100,8.000000,lev15,Almucantar
Lucinda,03:10:2020,12:00:00,277,277.000000,0.000448,0.001489,0.003385,0.005370,0.006288,0.006011,0.005400,0.005316,0.006464,0.010095,0.018671,0.034236,0.054038,0.070606,0.081265,0.081832,0.066796,0.041220,0.018931,0.006550,0.001728,0.000349,0.439000,1,1,1,1,1,1,1,1,1,1,1,1,1,1,1,1,1,1,1,1,1,1,1,-18.519800,146.386100,8.000000,lev15,Almucantar
Lucinda,04:10:2020,12:00:00,278,278.000000,0.000724,0.002811,0.006026,0.007830,0.007148,0.005429,0.004454,0.005287,0.008792,0.013954,0.017115,0.018190,0.021080,0.031180,0.045815,0.055597,0.061650,0.065308,0.055570,0.028240,0.006934,0.000763,0.439000,3,3,3,3,3,3,3,3,3,3,3,3,3,3,3,3,3,3,3,3,3,3,3,-18.519800,146.386100,8.000000,lev15,Almucantar
Lucinda,06:10:2020,12:00:00,280,280.000000,0.001570,0.006545,0.010670,0.008122,0.004364,0.002681,0.002564,0.003843,0.006918,0.010334,0.010880,0.011124,0.014730,0.023026,0.030511,0.036003,0.044567,0.057476,0.058553,0.031841,0.007066,0.000581,0.439000,1,1,1,1,1,1,1,1,1,1,1,1,1,1,1,1,1,1,1,1,1,1,1,-18.519800,146.386100,8.000000,lev15,Almucantar
Lucinda,07:10:2020,12:00:00,281,281.000000,0.000404,0.001749,0.003877,0.004897,0.004305,0.003378,0.003101,0.003885,0.005845,0.007836,0.008367,0.008810,0.011349,0.016244,0.021628,0.025732,0.027357,0.024495,0.016214,0.006885,0.001722,0.000252,0.439000,5,5,5,5,5,5,5,5,5,5,5,5,5,5,5,5,5,5,5,5,5,5,5,-18.519800,146.386100,8.000000,lev15,Almucantar
Lucinda,08:10:2020,12:00:00,282,282.000000,0.000607,0.002575,0.005380,0.006074,0.004725,0.003502,0.003218,0.004013,0.005912,0.007886,0.008293,0.008828,0.012475,0.020072,0.028224,0.034738,0.037715,0.034360,0.023089,0.009762,0.002329,0.000302,0.439000,4,4,4,4,4,4,4,4,4,4,4,4,4,4,4,4,4,4,4,4,4,4,4,-18.519800,146.386100,8.000000,lev15,Almucantar
Lucinda,09:10:2020,12:00:00,283,283.000000,0.000292,0.001660,0.004496,0.006294,0.005558,0.004048,0.003155,0.003093,0.003768,0.004850,0.005563,0.006114,0.007580,0.010420,0.013934,0.016908,0.018124,0.016121,0.010489,0.004376,0.001107,0.000178,0.439000,6,6,6,6,6,6,6,6,6,6,6,6,6,6,6,6,6,6,6,6,6,6,6,-18.519800,146.386100,8.000000,lev15,Almucantar
Lucinda,10:10:2020,12:00:00,284,284.000000,0.000358,0.001846,0.004870,0.006913,0.006198,0.004591,0.003737,0.003897,0.004899,0.006179,0.007090,0.007968,0.009790,0.013433,0.019766,0.029310,0.039675,0.042079,0.029218,0.011484,0.002375,0.000256,0.439000,2,2,2,2,2,2,2,2,2,2,2,2,2,2,2,2,2,2,2,2,2,2,2,-18.519800,146.386100,8.000000,lev15,Almucantar
Lucinda,11:10:2020,12:00:00,285,285.000000,0.000749,0.003640,0.007229,0.006699,0.004075,0.002586,0.002460,0.003690,0.006328,0.008133,0.007760,0.008029,0.011320,0.017957,0.025992,0.032570,0.034474,0.028697,0.017088,0.006653,0.001602,0.000235,0.439000,2,2,2,2,2,2,2,2,2,2,2,2,2,2,2,2,2,2,2,2,2,2,2,-18.519800,146.386100,8.000000,lev15,Almucantar
Lucinda,12:10:2020,12:00:00,286,286.000000,0.000536,0.002568,0.006087,0.007664,0.006251,0.004528,0.003971,0.004789,0.006943,0.009260,0.010096,0.010644,0.013078,0.018158,0.024448,0.029211,0.030234,0.025935,0.016699,0.007263,0.001995,0.000338,0.439000,1,1,1,1,1,1,1,1,1,1,1,1,1,1,1,1,1,1,1,1,1,1,1,-18.519800,146.386100,8.000000,lev15,Almucantar
Lucinda,31:10:2020,12:00:00,305,305.000000,0.000544,0.004564,0.014567,0.019025,0.015024,0.010698,0.007869,0.006104,0.005267,0.005361,0.006261,0.007554,0.009260,0.011546,0.014062,0.015935,0.016019,0.013305,0.008379,0.003731,0.001135,0.000236,0.493800,5,5,5,5,5,5,5,5,5,5,5,5,5,5,5,5,5,5,5,5,5,5,5,-18.519800,146.386100,8.000000,lev15,Almucantar
Lucinda,01:11:2020,12:00:00,306,306.000000,0.000351,0.002052,0.006336,0.010765,0.011302,0.008750,0.006250,0.005031,0.004961,0.005675,0.006650,0.007669,0.009146,0.011495,0.014710,0.018051,0.019609,0.017181,0.011096,0.004920,0.001439,0.000276,0.439000,4,4,4,4,4,4,4,4,4,4,4,4,4,4,4,4,4,4,4,4,4,4,4,-18.519800,146.386100,8.000000,lev15,Almucantar
Lucinda,02:11:2020,12:00:00,307,307.000000,0.000472,0.003522,0.011777,0.018737,0.017098,0.011735,0.007959,0.006379,0.006272,0.007424,0.009560,0.011529,0.012789,0.014325,0.017392,0.022491,0.027494,0.026979,0.018503,0.008061,0.002122,0.000333,0.439000,2,2,2,2,2,2,2,2,2,2,2,2,2,2,2,2,2,2,2,2,2,2,2,-18.519800,146.386100,8.000000,lev15,Almucantar
Lucinda,05:11:2020,12:00:00,310,310.000000,0.000713,0.005535,0.013986,0.012924,0.006122,0.002568,0.001639,0.002051,0.004223,0.009096,0.014086,0.015512,0.016075,0.019643,0.027760,0.039389,0.047730,0.043367,0.026474,0.009943,0.002179,0.000273,0.439000,1,1,1,1,1,1,1,1,1,1,1,1,1,1,1,1,1,1,1,1,1,1,1,-18.519800,146.386100,8.000000,lev15,Almucantar
Lucinda,06:11:2020,12:00:00,311,311.000000,0.000360,0.002370,0.007560,0.012200,0.011311,0.007654,0.005207,0.004559,0.005297,0.007176,0.009861,0.012965,0.016642,0.021175,0.026278,0.030431,0.030452,0.023973,0.013718,0.005449,0.001476,0.000274,0.439000,2,2,2,2,2,2,2,2,2,2,2,2,2,2,2,2,2,2,2,2,2,2,2,-18.519800,146.386100,8.000000,lev15,Almucantar
Lucinda,11:11:2020,12:00:00,316,316.000000,0.000272,0.000747,0.001615,0.002757,0.003756,0.004286,0.004580,0.005207,0.006512,0.008277,0.010082,0.012829,0.019161,0.030758,0.043031,0.048847,0.045732,0.034316,0.019036,0.007288,0.001847,0.000305,0.439000,1,1,1,1,1,1,1,1,1,1,1,1,1,1,1,1,1,1,1,1,1,1,1,-18.519800,146.386100,8.000000,lev15,Almucantar
Lucinda,12:11:2020,12:00:00,317,317.000000,0.000262,0.001292,0.003616,0.005730,0.005707,0.004400,0.003471,0.003511,0.004631,0.006437,0.008098,0.010223,0.014381,0.021738,0.030055,0.037169,0.039897,0.033807,0.019966,0.007484,0.001692,0.000227,0.439000,4,4,4,4,4,4,4,4,4,4,4,4,4,4,4,4,4,4,4,4,4,4,4,-18.519800,146.386100,8.000000,lev15,Almucantar
Lucinda,13:11:2020,12:00:00,318,318.000000,0.000222,0.000761,0.001951,0.003727,0.005245,0.005565,0.005019,0.004645,0.004964,0.005995,0.007624,0.010249,0.014724,0.021091,0.028006,0.033307,0.033965,0.027391,0.015927,0.006239,0.001585,0.000258,0.439000,1,1,1,1,1,1,1,1,1,1,1,1,1,1,1,1,1,1,1,1,1,1,1,-18.519800,146.386100,8.000000,lev15,Almucantar
Lucinda,14:11:2020,12:00:00,319,319.000000,0.000285,0.001465,0.004185,0.006875,0.007209,0.005791,0.004515,0.004171,0.004787,0.006162,0.007937,0.010194,0.013532,0.018096,0.023236,0.027276,0.027450,0.021840,0.012695,0.005082,0.001351,0.000235,0.439000,5,5,5,5,5,5,5,5,5,5,5,5,5,5,5,5,5,5,5,5,5,5,5,-18.519800,146.386100,8.000000,lev15,Almucantar
Lucinda,15:11:2020,12:00:00,320,320.000000,0.000197,0.000903,0.002627,0.004811,0.005802,0.005158,0.004083,0.003480,0.003557,0.004307,0.005499,0.007096,0.009596,0.013529,0.019067,0.024866,0.026947,0.021817,0.012234,0.004570,0.001126,0.000184,0.439000,4,4,4,4,4,4,4,4,4,4,4,4,4,4,4,4,4,4,4,4,4,4,4,-18.519800,146.386100,8.000000,lev15,Almucantar
Lucinda,16:11:2020,12:00:00,321,321.000000,0.000233,0.000967,0.002566,0.004427,0.005215,0.004686,0.003860,0.003487,0.003715,0.004480,0.005701,0.007520,0.010379,0.014550,0.019672,0.024450,0.026356,0.022590,0.013874,0.005612,0.001424,0.000223,0.439000,2,2,2,2,2,2,2,2,2,2,2,2,2,2,2,2,2,2,2,2,2,2,2,-18.519800,146.386100,8.000000,lev15,Almucantar
Lucinda,18:11:2020,12:00:00,323,323.000000,0.000325,0.001183,0.002678,0.003905,0.004054,0.003567,0.003292,0.003750,0.005252,0.007478,0.009127,0.010266,0.012784,0.018691,0.028114,0.037203,0.039484,0.031576,0.017839,0.006738,0.001646,0.000257,0.439000,1,1,1,1,1,1,1,1,1,1,1,1,1,1,1,1,1,1,1,1,1,1,1,-18.519800,146.386100,8.000000,lev15,Almucantar
Lucinda,19:11:2020,12:00:00,324,324.000000,0.000246,0.000634,0.001340,0.002309,0.003226,0.003782,0.004135,0.004806,0.006234,0.008461,0.011084,0.013852,0.017353,0.022757,0.031467,0.044101,0.056631,0.056675,0.037123,0.014030,0.002870,0.000312,0.439000,1,1,1,1,1,1,1,1,1,1,1,1,1,1,1,1,1,1,1,1,1,1,1,-18.519800,146.386100,8.000000,lev15,Almucantar
Lucinda,11:12:2020,12:00:00,346,346.000000,0.000704,0.002458,0.005366,0.007669,0.008108,0.007657,0.007814,0.009434,0.012580,0.016084,0.018520,0.019885,0.021598,0.025119,0.031705,0.041854,0.052549,0.054156,0.038808,0.016893,0.004142,0.000557,0.439000,1,1,1,1,1,1,1,1,1,1,1,1,1,1,1,1,1,1,1,1,1,1,1,-18.519800,146.386100,8.000000,lev15,Almucantar
Lucinda,12:12:2020,12:00:00,347,347.000000,0.000801,0.003901,0.008517,0.009134,0.006225,0.003975,0.003398,0.004598,0.008585,0.014449,0.016592,0.018471,0.025030,0.038819,0.049846,0.052092,0.049248,0.041142,0.026425,0.011223,0.002859,0.000424,0.439000,3,3,3,3,3,3,3,3,3,3,3,3,3,3,3,3,3,3,3,3,3,3,3,-18.519800,146.386100,8.000000,lev15,Almucantar
Lucinda,15:12:2020,12:00:00,350,350.000000,0.000948,0.009652,0.027009,0.023347,0.010444,0.004559,0.002974,0.003356,0.005641,0.010189,0.014981,0.016808,0.017387,0.018996,0.021679,0.024347,0.025003,0.021533,0.014016,0.006264,0.001813,0.000335,0.439000,3,3,3,3,3,3,3,3,3,3,3,3,3,3,3,3,3,3,3,3,3,3,3,-18.519800,146.386100,8.000000,lev15,Almucantar
