AERONET Data Download (Version 3 Direct Sun and Inversion Algorithms)
AERONET Version 3
Tumbarumba
Version 3: Almucantar Level 1.5 Inversion
The following data are cloud cleared and quality controls have been applied but these data may not have final calibration applied.  These data may change.
Daily Averages,Contact: PI=Ian_Lau; PI Email=ian.lau@csiro.au 
AERONET_AERONET_Site,Date(dd:mm:yyyy),Time(hh:mm:ss),Day_of_Year,Day_of_Year(fraction),VolC-T,REff-T,VMR-T,Std-T,VolC-F,REff-F,VMR-F,Std-F,VolC-C,REff-C,VMR-C,Std-C,N[VolC-T],N[REff-T],N[VMR-T],N[Std-T],N[VolC-F],N[REff-F],N[VMR-F],N[Std-F],N[VolC-C],N[REff-C],N[VMR-C],N[Std-C],Latitude(Degrees),Longitude(Degrees),Elevation(m),Level,Retrieval_Measurement_Scan_Type
Tumbarumba,25:07:2019,12:00:00,206,206.000000,0.009000,0.283714,0.637429,1.377286,0.004000,0.144429,0.173286,0.602286,0.005000,1.614143,2.029714,0.705714,7,7,7,7,7,7,7,7,7,7,7,7,-35.708300,147.949900,776.000000,lev15,Almucantar
Tumbarumba,28:07:2019,12:00:00,209,209.000000,0.011333,0.353000,0.638667,1.159667,0.004667,0.176333,0.197333,0.463333,0.007000,1.164000,1.452667,0.701333,3,3,3,3,3,3,3,3,3,3,3,3,-35.708300,147.949900,776.000000,lev15,Almucantar
Tumbarumba,31:07:2019,12:00:00,212,212.000000,0.008500,0.206750,0.374750,1.354250,0.006000,0.148500,0.165750,0.485500,0.002750,1.852500,2.395250,0.739500,4,4,4,4,4,4,4,4,4,4,4,4,-35.708300,147.949900,776.000000,lev15,Almucantar
Tumbarumba,01:08:2019,12:00:00,213,213.000000,0.009000,0.213500,0.389750,1.313750,0.005750,0.146000,0.163500,0.490500,0.003000,1.608500,1.993750,0.684000,4,4,4,4,4,4,4,4,4,4,4,4,-35.708300,147.949900,776.000000,lev15,Almucantar
Tumbarumba,02:08:2019,12:00:00,214,214.000000,0.010750,0.233750,0.449500,1.363500,0.007000,0.158500,0.179750,0.512500,0.004000,1.981250,2.449750,0.670750,4,4,4,4,4,4,4,4,4,4,4,4,-35.708300,147.949900,776.000000,lev15,Almucantar
Tumbarumba,03:08:2019,12:00:00,215,215.000000,0.011000,0.208000,0.330000,1.166000,0.009000,0.174000,0.212000,0.647000,0.002000,2.320000,2.773000,0.623000,1,1,1,1,1,1,1,1,1,1,1,1,-35.708300,147.949900,776.000000,lev15,Almucantar
Tumbarumba,06:08:2019,12:00:00,218,218.000000,0.010750,0.204250,0.376500,1.365000,0.006750,0.140500,0.154000,0.437500,0.003750,1.600750,2.102250,0.766250,4,4,4,4,4,4,4,4,4,4,4,4,-35.708300,147.949900,776.000000,lev15,Almucantar
Tumbarumba,12:08:2019,12:00:00,224,224.000000,0.011667,0.173333,0.248333,1.076667,0.009333,0.147333,0.161333,0.446667,0.001667,1.707333,2.142000,0.709667,3,3,3,3,3,3,3,3,3,3,3,3,-35.708300,147.949900,776.000000,lev15,Almucantar
Tumbarumba,13:08:2019,12:00:00,225,225.000000,0.007000,0.331000,0.654000,1.268000,0.003000,0.167000,0.187000,0.463000,0.004000,1.312000,1.705000,0.744000,1,1,1,1,1,1,1,1,1,1,1,1,-35.708300,147.949900,776.000000,lev15,Almucantar
Tumbarumba,15:08:2019,12:00:00,227,227.000000,0.011000,0.263000,0.603000,1.442000,0.005000,0.131000,0.145000,0.468000,0.006000,1.477000,1.948000,0.754000,1,1,1,1,1,1,1,1,1,1,1,1,-35.708300,147.949900,776.000000,lev15,Almucantar
Tumbarumba,17:08:2019,12:00:00,229,229.000000,0.007167,0.163833,0.274167,1.297833,0.005667,0.128333,0.144167,0.517167,0.001833,1.791000,2.281167,0.735500,6,6,6,6,6,6,6,6,6,6,6,6,-35.708300,147.949900,776.000000,lev15,Almucantar
Tumbarumba,23:08:2019,12:00:00,235,235.000000,0.006000,0.206167,0.393000,1.321500,0.003833,0.137833,0.166833,0.641833,0.002167,1.497833,1.866333,0.723000,6,6,6,6,6,6,6,6,6,6,6,6,-35.708300,147.949900,776.000000,lev15,Almucantar
Tumbarumba,24:08:2019,12:00:00,236,236.000000,0.020200,0.422200,1.064800,1.310400,0.005000,0.135200,0.161600,0.583600,0.015200,1.573400,2.038800,0.726200,5,5,5,5,5,5,5,5,5,5,5,5,-35.708300,147.949900,776.000000,lev15,Almucantar
Tumbarumba,25:08:2019,12:00:00,237,237.000000,0.009750,0.220500,0.454250,1.421000,0.005500,0.133750,0.147500,0.459750,0.004250,1.485000,2.016750,0.808500,4,4,4,4,4,4,4,4,4,4,4,4,-35.708300,147.949900,776.000000,lev15,Almucantar
Tumbarumba,26:08:2019,12:00:00,238,238.000000,0.019000,0.322500,0.839500,1.455500,0.006500,0.127500,0.139000,0.437000,0.012000,1.690000,2.188000,0.719500,2,2,2,2,2,2,2,2,2,2,2,2,-35.708300,147.949900,776.000000,lev15,Almucantar
Tumbarumba,27:08:2019,12:00:00,239,239.000000,0.020000,0.291000,0.761000,1.530000,0.008000,0.133000,0.145000,0.431000,0.012000,1.905000,2.494000,0.716000,1,1,1,1,1,1,1,1,1,1,1,1,-35.708300,147.949900,776.000000,lev15,Almucantar
Tumbarumba,28:08:2019,12:00:00,240,240.000000,0.008000,0.219000,0.432000,1.422000,0.005000,0.145000,0.158000,0.429000,0.003000,2.111000,2.528000,0.604000,1,1,1,1,1,1,1,1,1,1,1,1,-35.708300,147.949900,776.000000,lev15,Almucantar
Tumbarumba,29:08:2019,12:00:00,241,241.000000,0.009500,0.290000,0.692500,1.442500,0.005000,0.154500,0.178000,0.536000,0.004500,1.817500,2.440500,0.748000,2,2,2,2,2,2,2,2,2,2,2,2,-35.708300,147.949900,776.000000,lev15,Almucantar
Tumbarumba,30:08:2019,12:00:00,242,242.000000,0.011200,0.311800,0.903800,1.604400,0.004800,0.143200,0.162600,0.520000,0.006400,2.486800,3.295800,0.721200,5,5,5,5,5,5,5,5,5,5,5,5,-35.708300,147.949900,776.000000,lev15,Almucantar
Tumbarumba,31:08:2019,12:00:00,243,243.000000,0.007500,0.209667,0.400000,1.436833,0.005500,0.155833,0.176167,0.514000,0.001833,2.841000,3.607667,0.678000,6,6,6,6,6,6,6,6,6,6,6,6,-35.708300,147.949900,776.000000,lev15,Almucantar
Tumbarumba,02:09:2019,12:00:00,245,245.000000,0.006000,0.206667,0.388333,1.396667,0.004000,0.152333,0.174667,0.546000,0.001333,2.292000,2.965000,0.721000,3,3,3,3,3,3,3,3,3,3,3,3,-35.708300,147.949900,776.000000,lev15,Almucantar
Tumbarumba,03:09:2019,12:00:00,246,246.000000,0.023200,0.641200,1.817200,1.277800,0.004000,0.137000,0.154200,0.500800,0.019400,2.256600,2.946400,0.693600,5,5,5,5,5,5,5,5,5,5,5,5,-35.708300,147.949900,776.000000,lev15,Almucantar
Tumbarumba,04:09:2019,12:00:00,247,247.000000,0.022000,0.337000,1.007000,1.551000,0.007000,0.126000,0.137000,0.419000,0.015000,2.046000,2.722000,0.733000,1,1,1,1,1,1,1,1,1,1,1,1,-35.708300,147.949900,776.000000,lev15,Almucantar
Tumbarumba,10:09:2019,12:00:00,253,253.000000,0.011286,0.268857,0.542286,1.373857,0.006429,0.159286,0.175857,0.441857,0.005000,1.489286,2.048714,0.821857,7,7,7,7,7,7,7,7,7,7,7,7,-35.708300,147.949900,776.000000,lev15,Almucantar
Tumbarumba,11:09:2019,12:00:00,254,254.000000,0.013778,0.329222,0.813667,1.437667,0.005667,0.149000,0.165333,0.460222,0.008556,1.721333,2.313222,0.761667,9,9,9,9,9,9,9,9,9,9,9,9,-35.708300,147.949900,776.000000,lev15,Almucantar
Tumbarumba,13:09:2019,12:00:00,256,256.000000,0.010333,0.293667,0.645000,1.338333,0.005000,0.163000,0.184667,0.501667,0.005000,1.790000,2.220333,0.673667,3,3,3,3,3,3,3,3,3,3,3,3,-35.708300,147.949900,776.000000,lev15,Almucantar
Tumbarumba,14:09:2019,12:00:00,257,257.000000,0.011444,0.323111,0.821111,1.473778,0.004556,0.146333,0.162333,0.468333,0.006889,1.857333,2.464000,0.747000,9,9,9,9,9,9,9,9,9,9,9,9,-35.708300,147.949900,776.000000,lev15,Almucantar
Tumbarumba,18:09:2019,12:00:00,261,261.000000,0.009500,0.247250,0.577875,1.398125,0.005500,0.148375,0.168250,0.512000,0.003875,1.999875,2.617000,0.713375,8,8,8,8,8,8,8,8,8,8,8,8,-35.708300,147.949900,776.000000,lev15,Almucantar
Tumbarumba,19:09:2019,12:00:00,262,262.000000,0.013000,0.296667,0.722667,1.499333,0.006333,0.152333,0.169333,0.474000,0.006667,2.001667,2.618667,0.736333,3,3,3,3,3,3,3,3,3,3,3,3,-35.708300,147.949900,776.000000,lev15,Almucantar
Tumbarumba,20:09:2019,12:00:00,263,263.000000,0.023400,0.352200,0.855600,1.425600,0.008600,0.149600,0.163800,0.435200,0.015000,1.671400,2.244000,0.768600,5,5,5,5,5,5,5,5,5,5,5,5,-35.708300,147.949900,776.000000,lev15,Almucantar
Tumbarumba,22:09:2019,12:00:00,265,265.000000,0.006500,0.250000,0.507500,1.401500,0.004500,0.167000,0.195000,0.578000,0.002500,2.189500,2.720000,0.681500,2,2,2,2,2,2,2,2,2,2,2,2,-35.708300,147.949900,776.000000,lev15,Almucantar
Tumbarumba,23:09:2019,12:00:00,266,266.000000,0.009000,0.158000,0.247000,1.270000,0.007000,0.132000,0.146000,0.483000,0.002000,2.290000,3.015000,0.749000,1,1,1,1,1,1,1,1,1,1,1,1,-35.708300,147.949900,776.000000,lev15,Almucantar
Tumbarumba,24:09:2019,12:00:00,267,267.000000,0.006750,0.237500,0.471250,1.361500,0.003750,0.147000,0.168250,0.531500,0.002750,1.552750,1.974750,0.713750,4,4,4,4,4,4,4,4,4,4,4,4,-35.708300,147.949900,776.000000,lev15,Almucantar
Tumbarumba,25:09:2019,12:00:00,268,268.000000,0.013167,0.277167,0.602833,1.379333,0.006833,0.163333,0.178000,0.423833,0.006333,1.887000,2.441000,0.726833,6,6,6,6,6,6,6,6,6,6,6,6,-35.708300,147.949900,776.000000,lev15,Almucantar
Tumbarumba,27:09:2019,12:00:00,270,270.000000,0.049500,0.532500,1.569000,1.417500,0.015500,0.184000,0.222500,0.575000,0.034000,2.982500,3.653000,0.605500,2,2,2,2,2,2,2,2,2,2,2,2,-35.708300,147.949900,776.000000,lev15,Almucantar
Tumbarumba,28:09:2019,12:00:00,271,271.000000,0.021143,0.221857,0.404571,1.328571,0.013714,0.152286,0.164000,0.389286,0.007429,1.522857,2.113286,0.831000,7,7,7,7,7,7,7,7,7,7,7,7,-35.708300,147.949900,776.000000,lev15,Almucantar
Tumbarumba,29:09:2019,12:00:00,272,272.000000,0.025833,0.327917,0.786167,1.418083,0.010083,0.145417,0.159250,0.430833,0.015833,1.654667,2.172667,0.738750,12,12,12,12,12,12,12,12,12,12,12,12,-35.708300,147.949900,776.000000,lev15,Almucantar
Tumbarumba,30:09:2019,12:00:00,273,273.000000,0.011750,0.274500,0.678500,1.534500,0.005375,0.141375,0.158875,0.497500,0.006125,1.952000,2.628250,0.764125,8,8,8,8,8,8,8,8,8,8,8,8,-35.708300,147.949900,776.000000,lev15,Almucantar
Tumbarumba,01:10:2019,12:00:00,274,274.000000,0.031100,0.393400,1.038200,1.439200,0.010000,0.147100,0.160200,0.415100,0.021000,1.913500,2.534600,0.737800,10,10,10,10,10,10,10,10,10,10,10,10,-35.708300,147.949900,776.000000,lev15,Almucantar
Tumbarumba,02:10:2019,12:00:00,275,275.000000,0.047800,0.428800,1.369200,1.518800,0.013600,0.131600,0.143200,0.409400,0.034200,2.466000,3.235200,0.696600,5,5,5,5,5,5,5,5,5,5,5,5,-35.708300,147.949900,776.000000,lev15,Almucantar
Tumbarumba,03:10:2019,12:00:00,276,276.000000,0.051909,0.580455,1.728545,1.354909,0.009909,0.140909,0.154182,0.434636,0.042091,2.392273,3.107455,0.689727,11,11,11,11,11,11,11,11,11,11,11,11,-35.708300,147.949900,776.000000,lev15,Almucantar
Tumbarumba,04:10:2019,12:00:00,277,277.000000,0.016000,0.280333,0.673000,1.514667,0.007333,0.141333,0.154000,0.429000,0.008333,1.686000,2.356333,0.822333,3,3,3,3,3,3,3,3,3,3,3,3,-35.708300,147.949900,776.000000,lev15,Almucantar
Tumbarumba,08:10:2019,12:00:00,281,281.000000,0.024000,0.378333,0.883333,1.349667,0.008333,0.150000,0.166000,0.459333,0.016000,1.638667,2.080333,0.685333,3,3,3,3,3,3,3,3,3,3,3,3,-35.708300,147.949900,776.000000,lev15,Almucantar
Tumbarumba,09:10:2019,12:00:00,282,282.000000,0.010625,0.232500,0.443500,1.319125,0.006125,0.149125,0.164500,0.451625,0.004250,1.441125,1.877250,0.749125,8,8,8,8,8,8,8,8,8,8,8,8,-35.708300,147.949900,776.000000,lev15,Almucantar
Tumbarumba,10:10:2019,12:00:00,283,283.000000,0.022375,0.266875,0.602500,1.464000,0.011250,0.141125,0.154875,0.441625,0.011125,1.747500,2.273250,0.737500,8,8,8,8,8,8,8,8,8,8,8,8,-35.708300,147.949900,776.000000,lev15,Almucantar
Tumbarumba,13:10:2019,12:00:00,286,286.000000,0.012000,0.200000,0.374000,1.396500,0.007500,0.139500,0.153000,0.447000,0.003500,1.912000,2.423000,0.709000,2,2,2,2,2,2,2,2,2,2,2,2,-35.708300,147.949900,776.000000,lev15,Almucantar
Tumbarumba,15:10:2019,12:00:00,288,288.000000,0.045857,0.642000,2.174000,1.342000,0.007000,0.121571,0.133286,0.445143,0.038857,2.865571,3.649429,0.640571,7,7,7,7,7,7,7,7,7,7,7,7,-35.708300,147.949900,776.000000,lev15,Almucantar
Tumbarumba,18:10:2019,12:00:00,291,291.000000,0.011571,0.321143,0.794000,1.419000,0.004571,0.146857,0.167857,0.522143,0.007143,1.606714,2.193143,0.775143,7,7,7,7,7,7,7,7,7,7,7,7,-35.708300,147.949900,776.000000,lev15,Almucantar
Tumbarumba,19:10:2019,12:00:00,292,292.000000,0.018000,0.487000,1.127000,1.241000,0.004000,0.147000,0.167000,0.523000,0.014000,1.524000,1.972000,0.730000,1,1,1,1,1,1,1,1,1,1,1,1,-35.708300,147.949900,776.000000,lev15,Almucantar
Tumbarumba,20:10:2019,12:00:00,293,293.000000,0.012600,0.352600,0.784800,1.333000,0.004400,0.148800,0.168600,0.509000,0.008200,1.368400,1.817800,0.778600,5,5,5,5,5,5,5,5,5,5,5,5,-35.708300,147.949900,776.000000,lev15,Almucantar
Tumbarumba,21:10:2019,12:00:00,294,294.000000,0.014200,0.370000,1.177400,1.595200,0.004600,0.137200,0.153000,0.476400,0.009200,2.359600,3.270800,0.757600,5,5,5,5,5,5,5,5,5,5,5,5,-35.708300,147.949900,776.000000,lev15,Almucantar
Tumbarumba,22:10:2019,12:00:00,295,295.000000,0.013000,0.376000,1.167100,1.527400,0.004300,0.141700,0.160800,0.525900,0.008900,2.491800,3.168100,0.664900,10,10,10,10,10,10,10,10,10,10,10,10,-35.708300,147.949900,776.000000,lev15,Almucantar
Tumbarumba,23:10:2019,12:00:00,296,296.000000,0.020700,0.472700,1.606900,1.503000,0.004900,0.136600,0.152300,0.477500,0.015700,2.826700,3.607600,0.649100,10,10,10,10,10,10,10,10,10,10,10,10,-35.708300,147.949900,776.000000,lev15,Almucantar
Tumbarumba,24:10:2019,12:00:00,297,297.000000,0.026625,0.522375,1.715750,1.424875,0.005500,0.131125,0.145000,0.456375,0.021125,2.555500,3.320000,0.672375,8,8,8,8,8,8,8,8,8,8,8,8,-35.708300,147.949900,776.000000,lev15,Almucantar
Tumbarumba,26:10:2019,12:00:00,299,299.000000,0.039000,0.882000,2.296000,1.126000,0.004000,0.135000,0.156000,0.545000,0.035000,2.420000,3.132000,0.669000,1,1,1,1,1,1,1,1,1,1,1,1,-35.708300,147.949900,776.000000,lev15,Almucantar
Tumbarumba,27:10:2019,12:00:00,300,300.000000,0.019600,0.439200,0.931200,1.226400,0.005600,0.151000,0.170600,0.504000,0.014400,1.407800,1.769400,0.689800,5,5,5,5,5,5,5,5,5,5,5,5,-35.708300,147.949900,776.000000,lev15,Almucantar
Tumbarumba,28:10:2019,12:00:00,301,301.000000,0.009000,0.368800,0.886200,1.392400,0.003600,0.159800,0.182200,0.519400,0.005600,1.821800,2.346400,0.734200,5,5,5,5,5,5,5,5,5,5,5,5,-35.708300,147.949900,776.000000,lev15,Almucantar
Tumbarumba,29:10:2019,12:00:00,302,302.000000,0.041667,0.468000,1.719167,1.517667,0.009167,0.116833,0.128000,0.446333,0.032500,2.670167,3.548167,0.693667,6,6,6,6,6,6,6,6,6,6,6,6,-35.708300,147.949900,776.000000,lev15,Almucantar
Tumbarumba,31:10:2019,12:00:00,304,304.000000,0.048000,0.619000,2.050375,1.332625,0.007500,0.119250,0.131875,0.465625,0.040500,2.691000,3.407375,0.640750,8,8,8,8,8,8,8,8,8,8,8,8,-35.708300,147.949900,776.000000,lev15,Almucantar
Tumbarumba,01:11:2019,12:00:00,305,305.000000,0.077600,0.553800,1.821200,1.404800,0.015200,0.130200,0.141600,0.419400,0.062400,2.650000,3.396800,0.656600,5,5,5,5,5,5,5,5,5,5,5,5,-35.708300,147.949900,776.000000,lev15,Almucantar
Tumbarumba,06:11:2019,12:00:00,310,310.000000,0.017500,0.574500,1.377000,1.240000,0.003000,0.152000,0.178000,0.560500,0.014500,1.632000,2.219500,0.786500,2,2,2,2,2,2,2,2,2,2,2,2,-35.708300,147.949900,776.000000,lev15,Almucantar
Tumbarumba,11:11:2019,12:00:00,315,315.000000,0.025375,0.411250,1.221500,1.418750,0.005625,0.119500,0.136000,0.537625,0.019375,1.821500,2.441750,0.765375,8,8,8,8,8,8,8,8,8,8,8,8,-35.708300,147.949900,776.000000,lev15,Almucantar
Tumbarumba,12:11:2019,12:00:00,316,316.000000,0.030667,0.790000,2.008667,1.159000,0.003333,0.146667,0.171333,0.567667,0.027000,2.070000,2.808667,0.740333,3,3,3,3,3,3,3,3,3,3,3,3,-35.708300,147.949900,776.000000,lev15,Almucantar
Tumbarumba,13:11:2019,12:00:00,317,317.000000,0.029444,0.605000,1.469778,1.213111,0.004889,0.147333,0.169667,0.544667,0.024556,1.711556,2.291000,0.748222,9,9,9,9,9,9,9,9,9,9,9,9,-35.708300,147.949900,776.000000,lev15,Almucantar
Tumbarumba,15:11:2019,12:00:00,319,319.000000,0.029000,0.788000,2.415000,1.252000,0.004000,0.139000,0.152000,0.420000,0.025000,2.977000,3.739000,0.621000,1,1,1,1,1,1,1,1,1,1,1,1,-35.708300,147.949900,776.000000,lev15,Almucantar
Tumbarumba,16:11:2019,12:00:00,320,320.000000,0.008750,0.370500,0.850750,1.382750,0.003250,0.159000,0.176000,0.448500,0.005500,1.579500,2.137750,0.784500,4,4,4,4,4,4,4,4,4,4,4,4,-35.708300,147.949900,776.000000,lev15,Almucantar
Tumbarumba,17:11:2019,12:00:00,321,321.000000,0.014000,0.525333,1.296667,1.303000,0.003333,0.166000,0.187000,0.491333,0.011000,1.709000,2.369667,0.801667,3,3,3,3,3,3,3,3,3,3,3,3,-35.708300,147.949900,776.000000,lev15,Almucantar
Tumbarumba,18:11:2019,12:00:00,322,322.000000,0.028400,0.668800,2.269600,1.314000,0.004200,0.118200,0.132800,0.503800,0.024600,2.785800,3.611000,0.658600,5,5,5,5,5,5,5,5,5,5,5,5,-35.708300,147.949900,776.000000,lev15,Almucantar
Tumbarumba,19:11:2019,12:00:00,323,323.000000,0.034000,0.801286,2.400857,1.217000,0.003714,0.127000,0.144286,0.525714,0.029857,2.640000,3.468143,0.684143,7,7,7,7,7,7,7,7,7,7,7,7,-35.708300,147.949900,776.000000,lev15,Almucantar
Tumbarumba,20:11:2019,12:00:00,324,324.000000,0.019000,0.351750,0.941500,1.481750,0.006500,0.135000,0.148750,0.454250,0.012500,1.773000,2.426750,0.773500,4,4,4,4,4,4,4,4,4,4,4,4,-35.708300,147.949900,776.000000,lev15,Almucantar
Tumbarumba,21:11:2019,12:00:00,325,325.000000,0.039250,0.411000,1.233750,1.440500,0.009250,0.116000,0.131000,0.522500,0.030000,1.796750,2.451750,0.786250,4,4,4,4,4,4,4,4,4,4,4,4,-35.708300,147.949900,776.000000,lev15,Almucantar
Tumbarumba,22:11:2019,12:00:00,326,326.000000,0.341000,1.232000,2.044000,0.782500,0.016500,0.146500,0.176000,0.602000,0.325000,1.974000,2.315000,0.551000,2,2,2,2,2,2,2,2,2,2,2,2,-35.708300,147.949900,776.000000,lev15,Almucantar
Tumbarumba,23:11:2019,12:00:00,327,327.000000,0.080000,0.871750,1.989500,1.062250,0.006000,0.124500,0.142250,0.546500,0.073750,2.150000,2.684750,0.639250,4,4,4,4,4,4,4,4,4,4,4,4,-35.708300,147.949900,776.000000,lev15,Almucantar
Tumbarumba,24:11:2019,12:00:00,328,328.000000,0.039889,0.516222,1.550556,1.421111,0.009111,0.144333,0.160222,0.463556,0.030778,2.304889,3.087000,0.729778,9,9,9,9,9,9,9,9,9,9,9,9,-35.708300,147.949900,776.000000,lev15,Almucantar
Tumbarumba,25:11:2019,12:00:00,329,329.000000,0.037000,0.838200,2.181200,1.199400,0.005800,0.174200,0.196000,0.484400,0.031200,2.667200,3.380800,0.648000,5,5,5,5,5,5,5,5,5,5,5,5,-35.708300,147.949900,776.000000,lev15,Almucantar
Tumbarumba,27:11:2019,12:00:00,331,331.000000,0.010143,0.462000,1.402857,1.345143,0.002857,0.155000,0.179571,0.559857,0.007143,2.561714,3.265714,0.647857,7,7,7,7,7,7,7,7,7,7,7,7,-35.708300,147.949900,776.000000,lev15,Almucantar
Tumbarumba,28:11:2019,12:00:00,332,332.000000,0.025000,0.720500,1.934167,1.271500,0.004167,0.163833,0.180833,0.446667,0.021000,2.495833,3.237667,0.682333,6,6,6,6,6,6,6,6,6,6,6,6,-35.708300,147.949900,776.000000,lev15,Almucantar
Tumbarumba,29:11:2019,12:00:00,333,333.000000,0.046200,0.909600,2.427200,1.138000,0.004600,0.138400,0.155800,0.493800,0.041400,2.642200,3.360800,0.646200,5,5,5,5,5,5,5,5,5,5,5,5,-35.708300,147.949900,776.000000,lev15,Almucantar
Tumbarumba,30:11:2019,12:00:00,334,334.000000,0.042000,0.746000,2.566000,1.294000,0.005000,0.123000,0.135000,0.465000,0.036000,3.070000,3.975000,0.643000,1,1,1,1,1,1,1,1,1,1,1,1,-35.708300,147.949900,776.000000,lev15,Almucantar
Tumbarumba,01:12:2019,12:00:00,335,335.000000,0.020000,0.428500,1.323500,1.469000,0.005000,0.131000,0.145000,0.466500,0.015000,2.146500,2.873500,0.727500,2,2,2,2,2,2,2,2,2,2,2,2,-35.708300,147.949900,776.000000,lev15,Almucantar
Tumbarumba,04:12:2019,12:00:00,338,338.000000,0.026375,0.557250,1.561000,1.360250,0.005000,0.143000,0.163125,0.521500,0.020875,1.892000,2.724000,0.824625,8,8,8,8,8,8,8,8,8,8,8,8,-35.708300,147.949900,776.000000,lev15,Almucantar
Tumbarumba,05:12:2019,12:00:00,339,339.000000,0.012200,0.413400,1.112600,1.492200,0.004600,0.170600,0.193800,0.508400,0.007600,2.297800,3.082400,0.743600,5,5,5,5,5,5,5,5,5,5,5,5,-35.708300,147.949900,776.000000,lev15,Almucantar
Tumbarumba,07:12:2019,12:00:00,341,341.000000,0.014400,0.425400,1.357200,1.535800,0.004800,0.149200,0.179200,0.634800,0.009800,2.775000,3.530800,0.667000,5,5,5,5,5,5,5,5,5,5,5,5,-35.708300,147.949900,776.000000,lev15,Almucantar
Tumbarumba,08:12:2019,12:00:00,342,342.000000,0.020857,0.269143,0.771571,1.600000,0.009143,0.143000,0.169143,0.617857,0.011429,2.641143,3.339143,0.696857,7,7,7,7,7,7,7,7,7,7,7,7,-35.708300,147.949900,776.000000,lev15,Almucantar
Tumbarumba,09:12:2019,12:00:00,343,343.000000,0.138800,0.246000,0.541800,1.506400,0.094400,0.160600,0.183400,0.534600,0.044800,2.977200,3.525400,0.572200,5,5,5,5,5,5,5,5,5,5,5,5,-35.708300,147.949900,776.000000,lev15,Almucantar
Tumbarumba,10:12:2019,12:00:00,344,344.000000,0.062889,0.581778,1.680889,1.341000,0.013333,0.140222,0.155222,0.459333,0.049444,2.346222,3.030111,0.677222,9,9,9,9,9,9,9,9,9,9,9,9,-35.708300,147.949900,776.000000,lev15,Almucantar
Tumbarumba,11:12:2019,12:00:00,345,345.000000,0.045857,0.316714,0.921429,1.579143,0.021286,0.134143,0.146714,0.441429,0.024429,2.395000,3.171571,0.728571,7,7,7,7,7,7,7,7,7,7,7,7,-35.708300,147.949900,776.000000,lev15,Almucantar
Tumbarumba,12:12:2019,12:00:00,346,346.000000,0.039500,0.523000,1.650875,1.396625,0.013125,0.138375,0.152625,0.453375,0.026125,2.649625,3.332750,0.643000,8,8,8,8,8,8,8,8,8,8,8,8,-35.708300,147.949900,776.000000,lev15,Almucantar
Tumbarumba,14:12:2019,12:00:00,348,348.000000,0.016000,0.380333,1.130667,1.526333,0.005333,0.139667,0.156000,0.487333,0.011000,2.117000,2.885000,0.765667,3,3,3,3,3,3,3,3,3,3,3,3,-35.708300,147.949900,776.000000,lev15,Almucantar
Tumbarumba,16:12:2019,12:00:00,350,350.000000,0.012182,0.448364,1.353636,1.449273,0.003455,0.146091,0.162818,0.473000,0.008818,2.388091,3.064000,0.684364,11,11,11,11,11,11,11,11,11,11,11,11,-35.708300,147.949900,776.000000,lev15,Almucantar
Tumbarumba,17:12:2019,12:00:00,351,351.000000,0.091500,0.217800,0.412100,1.455300,0.065500,0.158500,0.171200,0.405100,0.026200,2.862700,3.583400,0.650900,10,10,10,10,10,10,10,10,10,10,10,10,-35.708300,147.949900,776.000000,lev15,Almucantar
Tumbarumba,18:12:2019,12:00:00,352,352.000000,0.139125,0.202875,0.417750,1.519750,0.091250,0.138375,0.149000,0.399000,0.047875,2.464250,3.135125,0.673125,8,8,8,8,8,8,8,8,8,8,8,8,-35.708300,147.949900,776.000000,lev15,Almucantar
Tumbarumba,19:12:2019,12:00:00,353,353.000000,0.096000,0.335000,0.953667,1.559333,0.042667,0.136667,0.147667,0.397333,0.053667,2.388333,3.063333,0.668333,3,3,3,3,3,3,3,3,3,3,3,3,-35.708300,147.949900,776.000000,lev15,Almucantar
Tumbarumba,20:12:2019,12:00:00,354,354.000000,0.085000,0.260857,0.659429,1.496286,0.055571,0.135857,0.146571,0.405286,0.029571,2.191000,2.849857,0.717857,7,7,7,7,7,7,7,7,7,7,7,7,-35.708300,147.949900,776.000000,lev15,Almucantar
Tumbarumba,21:12:2019,12:00:00,355,355.000000,0.169000,0.327000,0.868400,1.514200,0.069000,0.142200,0.153400,0.395000,0.100000,2.117400,2.718400,0.684600,5,5,5,5,5,5,5,5,5,5,5,5,-35.708300,147.949900,776.000000,lev15,Almucantar
Tumbarumba,22:12:2019,12:00:00,356,356.000000,0.234000,0.212333,0.373667,1.383000,0.176333,0.163000,0.176000,0.406000,0.058333,2.951000,3.655333,0.652333,3,3,3,3,3,3,3,3,3,3,3,3,-35.708300,147.949900,776.000000,lev15,Almucantar
Tumbarumba,23:12:2019,12:00:00,357,357.000000,0.141750,0.237000,0.409500,1.321750,0.104750,0.178250,0.196500,0.452500,0.037250,2.546000,3.143000,0.650750,4,4,4,4,4,4,4,4,4,4,4,4,-35.708300,147.949900,776.000000,lev15,Almucantar
Tumbarumba,24:12:2019,12:00:00,358,358.000000,0.125667,0.234889,0.473556,1.459333,0.083778,0.157333,0.172778,0.441556,0.042000,2.389111,3.076667,0.709111,9,9,9,9,9,9,9,9,9,9,9,9,-35.708300,147.949900,776.000000,lev15,Almucantar
Tumbarumba,25:12:2019,12:00:00,359,359.000000,0.106778,0.234333,0.421333,1.339556,0.073444,0.166444,0.183889,0.454667,0.033222,2.112556,2.637222,0.682556,9,9,9,9,9,9,9,9,9,9,9,9,-35.708300,147.949900,776.000000,lev15,Almucantar
Tumbarumba,26:12:2019,12:00:00,360,360.000000,0.099100,0.214200,0.397500,1.397500,0.068000,0.151600,0.166000,0.439400,0.031100,2.056900,2.663900,0.722300,10,10,10,10,10,10,10,10,10,10,10,10,-35.708300,147.949900,776.000000,lev15,Almucantar
Tumbarumba,27:12:2019,12:00:00,361,361.000000,0.122600,0.230000,0.500600,1.530400,0.075200,0.145800,0.159000,0.427600,0.047400,2.347600,3.015400,0.681000,5,5,5,5,5,5,5,5,5,5,5,5,-35.708300,147.949900,776.000000,lev15,Almucantar
Tumbarumba,28:12:2019,12:00:00,362,362.000000,0.253000,0.189500,0.373500,1.472000,0.171500,0.130500,0.139000,0.361000,0.081500,2.052000,2.670000,0.718000,2,2,2,2,2,2,2,2,2,2,2,2,-35.708300,147.949900,776.000000,lev15,Almucantar
Tumbarumba,30:12:2019,12:00:00,364,364.000000,0.085000,0.283667,0.762667,1.611667,0.040667,0.143333,0.155333,0.411000,0.044333,2.576000,3.242333,0.649000,3,3,3,3,3,3,3,3,3,3,3,3,-35.708300,147.949900,776.000000,lev15,Almucantar
Tumbarumba,02:01:2020,12:00:00,2,2.000000,0.361500,0.199000,0.297000,1.205000,0.308000,0.171500,0.186500,0.424500,0.054000,3.707500,4.433000,0.577500,2,2,2,2,2,2,2,2,2,2,2,2,-35.708300,147.949900,776.000000,lev15,Almucantar
Tumbarumba,03:01:2020,12:00:00,3,3.000000,0.148667,0.227000,0.437333,1.431667,0.111000,0.166667,0.187000,0.496000,0.038000,3.137333,3.821333,0.607333,3,3,3,3,3,3,3,3,3,3,3,3,-35.708300,147.949900,776.000000,lev15,Almucantar
Tumbarumba,04:01:2020,12:00:00,4,4.000000,0.182750,0.376750,1.121000,1.508500,0.059500,0.136000,0.149250,0.452000,0.123500,2.287500,2.908000,0.654750,4,4,4,4,4,4,4,4,4,4,4,4,-35.708300,147.949900,776.000000,lev15,Almucantar
Tumbarumba,11:01:2020,12:00:00,11,11.000000,0.049333,0.164000,0.316000,1.503333,0.035000,0.118333,0.126000,0.361667,0.014667,2.327333,2.902333,0.647667,3,3,3,3,3,3,3,3,3,3,3,3,-35.708300,147.949900,776.000000,lev15,Almucantar
Tumbarumba,13:01:2020,12:00:00,13,13.000000,0.184833,0.177333,0.286667,1.314667,0.153833,0.148000,0.161833,0.444000,0.030833,3.697333,4.437167,0.581833,6,6,6,6,6,6,6,6,6,6,6,6,-35.708300,147.949900,776.000000,lev15,Almucantar
Tumbarumba,14:01:2020,12:00:00,14,14.000000,0.183800,0.292600,0.731800,1.523800,0.084200,0.144200,0.154800,0.393800,0.100000,2.152400,2.696400,0.652400,5,5,5,5,5,5,5,5,5,5,5,5,-35.708300,147.949900,776.000000,lev15,Almucantar
Tumbarumba,18:01:2020,12:00:00,18,18.000000,0.079750,0.264250,0.473000,1.304500,0.056500,0.193000,0.222250,0.541250,0.023250,2.414500,2.921250,0.628750,4,4,4,4,4,4,4,4,4,4,4,4,-35.708300,147.949900,776.000000,lev15,Almucantar
Tumbarumba,14:02:2020,12:00:00,45,45.000000,0.020000,0.321000,0.630500,1.349500,0.010500,0.188500,0.212000,0.477000,0.009500,1.733500,2.292500,0.742000,2,2,2,2,2,2,2,2,2,2,2,2,-35.708300,147.949900,776.000000,lev15,Almucantar
Tumbarumba,16:03:2020,12:00:00,76,76.000000,0.012000,0.439000,1.267000,1.492000,0.004000,0.176000,0.205000,0.566000,0.008000,2.945000,3.559000,0.597000,1,1,1,1,1,1,1,1,1,1,1,1,-35.708300,147.949900,776.000000,lev15,Almucantar
Tumbarumba,31:03:2020,12:00:00,91,91.000000,0.025000,0.297000,0.766000,1.511000,0.010000,0.132000,0.147000,0.482000,0.015000,1.604000,2.238000,0.831000,1,1,1,1,1,1,1,1,1,1,1,1,-35.708300,147.949900,776.000000,lev15,Almucantar
Tumbarumba,17:04:2020,12:00:00,108,108.000000,0.013000,0.459000,0.903000,1.174000,0.005000,0.227000,0.275000,0.613000,0.007000,1.852000,2.155000,0.569000,1,1,1,1,1,1,1,1,1,1,1,1,-35.708300,147.949900,776.000000,lev15,Almucantar
Tumbarumba,27:09:2020,12:00:00,271,271.000000,0.013000,0.205000,0.342000,1.251000,0.010000,0.153000,0.172000,0.497000,0.004000,1.494000,1.981000,0.805000,1,1,1,1,1,1,1,1,1,1,1,1,-35.708300,147.949900,776.000000,lev15,Almucantar
Tumbarumba,28:09:2020,12:00:00,272,272.000000,0.010200,0.200700,0.382100,1.341200,0.007500,0.146800,0.175000,0.637700,0.002700,2.373500,2.962600,0.684400,10,10,10,10,10,10,10,10,10,10,10,10,-35.708300,147.949900,776.000000,lev15,Almucantar
Tumbarumba,29:09:2020,12:00:00,273,273.000000,0.010000,0.197000,0.334000,1.312000,0.008000,0.156500,0.178000,0.539500,0.002500,2.503500,3.110500,0.669500,2,2,2,2,2,2,2,2,2,2,2,2,-35.708300,147.949900,776.000000,lev15,Almucantar
Tumbarumba,01:10:2020,12:00:00,275,275.000000,0.031500,0.414000,0.891500,1.216000,0.014000,0.205500,0.265000,0.707500,0.017500,1.988500,2.269000,0.524000,2,2,2,2,2,2,2,2,2,2,2,2,-35.708300,147.949900,776.000000,lev15,Almucantar
Tumbarumba,02:10:2020,12:00:00,276,276.000000,0.038250,0.333250,0.806000,1.416750,0.015250,0.151250,0.165750,0.433500,0.022750,1.678250,2.256250,0.755750,4,4,4,4,4,4,4,4,4,4,4,4,-35.708300,147.949900,776.000000,lev15,Almucantar
Tumbarumba,03:10:2020,12:00:00,277,277.000000,0.018333,0.192167,0.322167,1.284000,0.013333,0.145333,0.159833,0.450833,0.004833,1.807000,2.341833,0.740500,6,6,6,6,6,6,6,6,6,6,6,6,-35.708300,147.949900,776.000000,lev15,Almucantar
Tumbarumba,04:10:2020,12:00:00,278,278.000000,0.023000,0.368000,1.141000,1.569500,0.007500,0.135500,0.148500,0.438500,0.015500,2.291000,3.110500,0.733000,2,2,2,2,2,2,2,2,2,2,2,2,-35.708300,147.949900,776.000000,lev15,Almucantar
Tumbarumba,12:10:2020,12:00:00,286,286.000000,0.020600,0.429600,1.270600,1.473800,0.005800,0.145400,0.165000,0.511000,0.014400,2.214400,2.948200,0.728400,5,5,5,5,5,5,5,5,5,5,5,5,-35.708300,147.949900,776.000000,lev15,Almucantar
Tumbarumba,13:10:2020,12:00:00,287,287.000000,0.019364,0.375909,1.072364,1.523182,0.006727,0.146273,0.163182,0.478364,0.012636,2.209545,2.921727,0.722636,11,11,11,11,11,11,11,11,11,11,11,11,-35.708300,147.949900,776.000000,lev15,Almucantar
Tumbarumba,14:10:2020,12:00:00,288,288.000000,0.026714,0.434571,1.251143,1.492286,0.008429,0.151286,0.166714,0.443143,0.018286,2.255714,3.066857,0.749143,7,7,7,7,7,7,7,7,7,7,7,7,-35.708300,147.949900,776.000000,lev15,Almucantar
Tumbarumba,15:10:2020,12:00:00,289,289.000000,0.028333,0.424667,1.150000,1.444000,0.009000,0.153333,0.171667,0.481667,0.019667,1.987000,2.682667,0.765000,3,3,3,3,3,3,3,3,3,3,3,3,-35.708300,147.949900,776.000000,lev15,Almucantar
Tumbarumba,16:10:2020,12:00:00,290,290.000000,0.020000,0.353000,0.968000,1.518000,0.007000,0.143000,0.157000,0.444000,0.013000,1.952000,2.667000,0.776000,1,1,1,1,1,1,1,1,1,1,1,1,-35.708300,147.949900,776.000000,lev15,Almucantar
Tumbarumba,18:10:2020,12:00:00,292,292.000000,0.016500,0.308500,0.705000,1.369000,0.006500,0.136500,0.154000,0.503500,0.010000,1.403500,1.815500,0.741000,2,2,2,2,2,2,2,2,2,2,2,2,-35.708300,147.949900,776.000000,lev15,Almucantar
Tumbarumba,19:10:2020,12:00:00,293,293.000000,0.019000,0.307714,0.766571,1.476286,0.008000,0.140143,0.156429,0.478857,0.011286,1.741286,2.326429,0.755571,7,7,7,7,7,7,7,7,7,7,7,7,-35.708300,147.949900,776.000000,lev15,Almucantar
Tumbarumba,20:10:2020,12:00:00,294,294.000000,0.022143,0.416143,1.167000,1.470571,0.006714,0.144714,0.159857,0.450286,0.015286,2.061000,2.768429,0.738000,7,7,7,7,7,7,7,7,7,7,7,7,-35.708300,147.949900,776.000000,lev15,Almucantar
Tumbarumba,21:10:2020,12:00:00,295,295.000000,0.018000,0.392000,1.142000,1.469000,0.005000,0.134000,0.147000,0.435000,0.013000,2.157000,2.741000,0.661000,1,1,1,1,1,1,1,1,1,1,1,1,-35.708300,147.949900,776.000000,lev15,Almucantar
Tumbarumba,22:10:2020,12:00:00,296,296.000000,0.024000,0.470400,1.435800,1.483400,0.006000,0.156600,0.177000,0.516000,0.018200,2.481600,3.380400,0.730200,5,5,5,5,5,5,5,5,5,5,5,5,-35.708300,147.949900,776.000000,lev15,Almucantar
Tumbarumba,23:10:2020,12:00:00,297,297.000000,0.040000,0.381000,1.349000,1.623000,0.012000,0.126000,0.136000,0.412000,0.028000,2.593000,3.541000,0.729000,1,1,1,1,1,1,1,1,1,1,1,1,-35.708300,147.949900,776.000000,lev15,Almucantar
