AERONET Data Download (Version 3 Direct Sun and Inversion Algorithms)
AERONET Version 3
Tumbarumba
Version 3: Almucantar Level 1.5 Inversion
The following data are cloud cleared and quality controls have been applied but these data may not have final calibration applied.  These data may change.
Daily Averages,Contact: PI=Ian_Lau; PI Email=ian.lau@csiro.au 
AERONET_AERONET_Site,Date(dd:mm:yyyy),Time(hh:mm:ss),Day_of_Year,Day_of_Year(fraction),0.050000,0.065604,0.086077,0.112939,0.148184,0.194429,0.255105,0.334716,0.439173,0.576227,0.756052,0.991996,1.301571,1.707757,2.240702,2.939966,3.857452,5.061260,6.640745,8.713145,11.432287,15.000000,Inflection_Radius_of_Size_Distribution(um),N[0.050000],N[0.065604],N[0.086077],N[0.112939],N[0.148184],N[0.194429],N[0.255105],N[0.334716],N[0.439173],N[0.576227],N[0.756052],N[0.991996],N[1.301571],N[1.707757],N[2.240702],N[2.939966],N[3.857452],N[5.061260],N[6.640745],N[8.713145],N[11.432287],N[15.000000],N[Inflection_Radius_of_Size_Distribution(um)],Latitude(Degrees),Longitude(Degrees),Elevation(m),Level,Retrieval_Measurement_Scan_Type
Tumbarumba,25:07:2019,12:00:00,206,206.000000,0.000162,0.000933,0.002280,0.002715,0.002168,0.001675,0.001510,0.001503,0.001488,0.001538,0.001676,0.001802,0.002035,0.002438,0.002603,0.002375,0.001847,0.001231,0.000697,0.000329,0.000127,0.000041,0.597000,7,7,7,7,7,7,7,7,7,7,7,7,7,7,7,7,7,7,7,7,7,7,7,-35.708300,147.949900,776.000000,lev15,Almucantar
Tumbarumba,28:07:2019,12:00:00,209,209.000000,0.000069,0.000316,0.000979,0.002035,0.003035,0.003552,0.003386,0.002769,0.002372,0.002440,0.002867,0.003366,0.003619,0.003438,0.002831,0.002075,0.001397,0.000871,0.000500,0.000263,0.000128,0.000059,0.439000,3,3,3,3,3,3,3,3,3,3,3,3,3,3,3,3,3,3,3,3,3,3,3,-35.708300,147.949900,776.000000,lev15,Almucantar
Tumbarumba,31:07:2019,12:00:00,212,212.000000,0.000074,0.000602,0.002327,0.004517,0.005167,0.004215,0.002688,0.001489,0.000905,0.000733,0.000766,0.000880,0.001019,0.001157,0.001232,0.001228,0.001145,0.000964,0.000687,0.000389,0.000167,0.000054,0.621000,4,4,4,4,4,4,4,4,4,4,4,4,4,4,4,4,4,4,4,4,4,4,4,-35.708300,147.949900,776.000000,lev15,Almucantar
Tumbarumba,01:08:2019,12:00:00,213,213.000000,0.000082,0.000639,0.002344,0.004321,0.004691,0.003613,0.002313,0.001395,0.000964,0.000869,0.000974,0.001159,0.001366,0.001589,0.001616,0.001359,0.000996,0.000673,0.000416,0.000226,0.000107,0.000047,0.586750,4,4,4,4,4,4,4,4,4,4,4,4,4,4,4,4,4,4,4,4,4,4,4,-35.708300,147.949900,776.000000,lev15,Almucantar
Tumbarumba,02:08:2019,12:00:00,214,214.000000,0.000094,0.000644,0.002264,0.004300,0.005151,0.004699,0.003614,0.002396,0.001461,0.000993,0.000929,0.001104,0.001407,0.001766,0.001994,0.001958,0.001706,0.001339,0.000902,0.000478,0.000192,0.000062,0.680000,4,4,4,4,4,4,4,4,4,4,4,4,4,4,4,4,4,4,4,4,4,4,4,-35.708300,147.949900,776.000000,lev15,Almucantar
Tumbarumba,03:08:2019,12:00:00,215,215.000000,0.000125,0.000890,0.002977,0.005051,0.005338,0.004774,0.004435,0.004083,0.003183,0.002039,0.001262,0.000927,0.000876,0.000979,0.001114,0.001140,0.000990,0.000732,0.000471,0.000269,0.000137,0.000062,0.992000,1,1,1,1,1,1,1,1,1,1,1,1,1,1,1,1,1,1,1,1,1,1,1,-35.708300,147.949900,776.000000,lev15,Almucantar
Tumbarumba,06:08:2019,12:00:00,218,218.000000,0.000078,0.000688,0.002891,0.005991,0.006694,0.004731,0.002576,0.001374,0.000922,0.000875,0.001057,0.001317,0.001533,0.001656,0.001646,0.001539,0.001354,0.001083,0.000743,0.000418,0.000186,0.000066,0.507500,4,4,4,4,4,4,4,4,4,4,4,4,4,4,4,4,4,4,4,4,4,4,4,-35.708300,147.949900,776.000000,lev15,Almucantar
Tumbarumba,12:08:2019,12:00:00,224,224.000000,0.000084,0.000774,0.003469,0.007607,0.009153,0.007252,0.004157,0.001888,0.000906,0.000617,0.000617,0.000749,0.000923,0.001051,0.001041,0.000891,0.000674,0.000468,0.000304,0.000186,0.000107,0.000059,0.636000,3,3,3,3,3,3,3,3,3,3,3,3,3,3,3,3,3,3,3,3,3,3,3,-35.708300,147.949900,776.000000,lev15,Almucantar
Tumbarumba,13:08:2019,12:00:00,225,225.000000,0.000053,0.000233,0.000697,0.001443,0.002153,0.002418,0.002032,0.001444,0.001177,0.001236,0.001361,0.001377,0.001525,0.001890,0.002074,0.001793,0.001228,0.000714,0.000377,0.000187,0.000089,0.000041,0.439000,1,1,1,1,1,1,1,1,1,1,1,1,1,1,1,1,1,1,1,1,1,1,1,-35.708300,147.949900,776.000000,lev15,Almucantar
Tumbarumba,15:08:2019,12:00:00,227,227.000000,0.000097,0.000781,0.002780,0.004586,0.004034,0.002473,0.001503,0.001195,0.001281,0.001523,0.001674,0.001804,0.002144,0.002672,0.003103,0.003004,0.002344,0.001522,0.000851,0.000414,0.000176,0.000065,0.439000,1,1,1,1,1,1,1,1,1,1,1,1,1,1,1,1,1,1,1,1,1,1,1,-35.708300,147.949900,776.000000,lev15,Almucantar
Tumbarumba,17:08:2019,12:00:00,229,229.000000,0.000133,0.001106,0.003602,0.005150,0.004117,0.002510,0.001468,0.000921,0.000664,0.000579,0.000601,0.000681,0.000764,0.000795,0.000766,0.000701,0.000621,0.000519,0.000383,0.000231,0.000111,0.000042,0.673167,6,6,6,6,6,6,6,6,6,6,6,6,6,6,6,6,6,6,6,6,6,6,6,-35.708300,147.949900,776.000000,lev15,Almucantar
Tumbarumba,23:08:2019,12:00:00,235,235.000000,0.000147,0.000962,0.002405,0.002706,0.001974,0.001388,0.001143,0.001086,0.001113,0.001195,0.001252,0.001155,0.001044,0.000981,0.000873,0.000736,0.000596,0.000457,0.000313,0.000180,0.000086,0.000036,0.676167,6,6,6,6,6,6,6,6,6,6,6,6,6,6,6,6,6,6,6,6,6,6,6,-35.708300,147.949900,776.000000,lev15,Almucantar
Tumbarumba,24:08:2019,12:00:00,236,236.000000,0.000257,0.001420,0.003301,0.003681,0.002640,0.001726,0.001376,0.001546,0.002261,0.003568,0.005076,0.005440,0.005403,0.006121,0.006897,0.007080,0.006410,0.004916,0.002963,0.001313,0.000417,0.000100,0.502400,5,5,5,5,5,5,5,5,5,5,5,5,5,5,5,5,5,5,5,5,5,5,5,-35.708300,147.949900,776.000000,lev15,Almucantar
Tumbarumba,25:08:2019,12:00:00,237,237.000000,0.000082,0.000773,0.003026,0.005231,0.004745,0.002925,0.001683,0.001178,0.001094,0.001241,0.001443,0.001502,0.001521,0.001630,0.001772,0.001832,0.001707,0.001365,0.000892,0.000456,0.000178,0.000053,0.473250,4,4,4,4,4,4,4,4,4,4,4,4,4,4,4,4,4,4,4,4,4,4,4,-35.708300,147.949900,776.000000,lev15,Almucantar
Tumbarumba,26:08:2019,12:00:00,238,238.000000,0.000108,0.001007,0.003915,0.006652,0.005674,0.003181,0.001678,0.001162,0.001235,0.001832,0.002909,0.004004,0.004689,0.005240,0.005938,0.006360,0.005772,0.004159,0.002306,0.000965,0.000302,0.000071,0.439000,2,2,2,2,2,2,2,2,2,2,2,2,2,2,2,2,2,2,2,2,2,2,2,-35.708300,147.949900,776.000000,lev15,Almucantar
Tumbarumba,27:08:2019,12:00:00,239,239.000000,0.000116,0.001066,0.004306,0.007983,0.007693,0.004855,0.002693,0.001683,0.001362,0.001450,0.001874,0.002603,0.003565,0.004684,0.005801,0.006552,0.006383,0.005010,0.002974,0.001277,0.000388,0.000083,0.439000,1,1,1,1,1,1,1,1,1,1,1,1,1,1,1,1,1,1,1,1,1,1,1,-35.708300,147.949900,776.000000,lev15,Almucantar
Tumbarumba,28:08:2019,12:00:00,240,240.000000,0.000051,0.000405,0.001693,0.003791,0.004764,0.003695,0.002017,0.000917,0.000442,0.000290,0.000302,0.000473,0.000887,0.001505,0.001940,0.001837,0.001359,0.000850,0.000473,0.000238,0.000109,0.000045,0.576000,1,1,1,1,1,1,1,1,1,1,1,1,1,1,1,1,1,1,1,1,1,1,1,-35.708300,147.949900,776.000000,lev15,Almucantar
Tumbarumba,29:08:2019,12:00:00,241,241.000000,0.000064,0.000497,0.001817,0.003357,0.003671,0.002895,0.002041,0.001539,0.001301,0.001323,0.001605,0.001781,0.001658,0.001628,0.001698,0.001785,0.001954,0.002201,0.001939,0.000998,0.000270,0.000044,0.597500,2,2,2,2,2,2,2,2,2,2,2,2,2,2,2,2,2,2,2,2,2,2,2,-35.708300,147.949900,776.000000,lev15,Almucantar
Tumbarumba,30:08:2019,12:00:00,242,242.000000,0.000108,0.000705,0.002172,0.003452,0.003499,0.002869,0.002043,0.001280,0.000863,0.000775,0.000876,0.001075,0.001373,0.001761,0.002206,0.002730,0.003419,0.003930,0.003362,0.001748,0.000486,0.000070,0.576000,5,5,5,5,5,5,5,5,5,5,5,5,5,5,5,5,5,5,5,5,5,5,5,-35.708300,147.949900,776.000000,lev15,Almucantar
Tumbarumba,31:08:2019,12:00:00,243,243.000000,0.000067,0.000466,0.001716,0.003517,0.004454,0.003941,0.002595,0.001367,0.000731,0.000493,0.000427,0.000434,0.000478,0.000555,0.000680,0.000868,0.001093,0.001209,0.001030,0.000608,0.000234,0.000057,0.834667,6,6,6,6,6,6,6,6,6,6,6,6,6,6,6,6,6,6,6,6,6,6,6,-35.708300,147.949900,776.000000,lev15,Almucantar
Tumbarumba,02:09:2019,12:00:00,245,245.000000,0.000060,0.000429,0.001560,0.002992,0.003433,0.002807,0.001834,0.001062,0.000677,0.000557,0.000543,0.000530,0.000544,0.000597,0.000660,0.000732,0.000813,0.000838,0.000682,0.000395,0.000159,0.000045,0.774667,3,3,3,3,3,3,3,3,3,3,3,3,3,3,3,3,3,3,3,3,3,3,3,-35.708300,147.949900,776.000000,lev15,Almucantar
Tumbarumba,03:09:2019,12:00:00,246,246.000000,0.000129,0.000693,0.001922,0.002921,0.002818,0.002116,0.001515,0.001229,0.001260,0.001624,0.002329,0.003331,0.004582,0.006109,0.008044,0.010379,0.012216,0.011480,0.007435,0.002972,0.000693,0.000093,0.439000,5,5,5,5,5,5,5,5,5,5,5,5,5,5,5,5,5,5,5,5,5,5,5,-35.708300,147.949900,776.000000,lev15,Almucantar
Tumbarumba,04:09:2019,12:00:00,247,247.000000,0.000103,0.001083,0.004508,0.007848,0.006605,0.003446,0.001675,0.001119,0.001137,0.001549,0.002353,0.003404,0.004267,0.004894,0.005778,0.007117,0.008289,0.007869,0.005245,0.002191,0.000538,0.000076,0.439000,1,1,1,1,1,1,1,1,1,1,1,1,1,1,1,1,1,1,1,1,1,1,1,-35.708300,147.949900,776.000000,lev15,Almucantar
Tumbarumba,10:09:2019,12:00:00,253,253.000000,0.000092,0.000499,0.001667,0.003492,0.004994,0.005297,0.003854,0.002093,0.001361,0.001429,0.001776,0.001798,0.001718,0.001838,0.001990,0.002090,0.002063,0.001801,0.001267,0.000667,0.000257,0.000076,0.458571,7,7,7,7,7,7,7,7,7,7,7,7,7,7,7,7,7,7,7,7,7,7,7,-35.708300,147.949900,776.000000,lev15,Almucantar
Tumbarumba,11:09:2019,12:00:00,254,254.000000,0.000100,0.000680,0.002286,0.003998,0.004427,0.003770,0.002680,0.001750,0.001379,0.001514,0.001922,0.002262,0.002642,0.003190,0.003636,0.003872,0.003897,0.003484,0.002415,0.001152,0.000360,0.000077,0.454222,9,9,9,9,9,9,9,9,9,9,9,9,9,9,9,9,9,9,9,9,9,9,9,-35.708300,147.949900,776.000000,lev15,Almucantar
Tumbarumba,13:09:2019,12:00:00,256,256.000000,0.000074,0.000417,0.001413,0.002937,0.003979,0.003852,0.002843,0.001779,0.001210,0.001068,0.001189,0.001457,0.001808,0.002178,0.002499,0.002703,0.002639,0.002139,0.001335,0.000619,0.000217,0.000065,0.576000,3,3,3,3,3,3,3,3,3,3,3,3,3,3,3,3,3,3,3,3,3,3,3,-35.708300,147.949900,776.000000,lev15,Almucantar
Tumbarumba,14:09:2019,12:00:00,257,257.000000,0.000075,0.000520,0.001831,0.003376,0.003744,0.003030,0.002015,0.001293,0.001049,0.001167,0.001490,0.001800,0.002119,0.002530,0.002911,0.003221,0.003358,0.003047,0.002115,0.001000,0.000307,0.000063,0.484667,9,9,9,9,9,9,9,9,9,9,9,9,9,9,9,9,9,9,9,9,9,9,9,-35.708300,147.949900,776.000000,lev15,Almucantar
Tumbarumba,18:09:2019,12:00:00,261,261.000000,0.000084,0.000945,0.003818,0.004840,0.003736,0.002789,0.001953,0.001277,0.000903,0.000788,0.000840,0.000980,0.001159,0.001293,0.001411,0.001623,0.001950,0.002141,0.001752,0.000904,0.000274,0.000055,0.638750,8,8,8,8,8,8,8,8,8,8,8,8,8,8,8,8,8,8,8,8,8,8,8,-35.708300,147.949900,776.000000,lev15,Almucantar
Tumbarumba,19:09:2019,12:00:00,262,262.000000,0.000080,0.000539,0.002007,0.004197,0.005244,0.004367,0.002763,0.001676,0.001243,0.001190,0.001297,0.001504,0.001879,0.002404,0.002986,0.003506,0.003701,0.003249,0.002181,0.001050,0.000349,0.000079,0.530333,3,3,3,3,3,3,3,3,3,3,3,3,3,3,3,3,3,3,3,3,3,3,3,-35.708300,147.949900,776.000000,lev15,Almucantar
Tumbarumba,20:09:2019,12:00:00,263,263.000000,0.000121,0.000784,0.002908,0.006219,0.008025,0.006638,0.003943,0.002417,0.002164,0.002754,0.003633,0.004302,0.005217,0.006221,0.006688,0.006823,0.006566,0.005554,0.003716,0.001787,0.000584,0.000128,0.439000,5,5,5,5,5,5,5,5,5,5,5,5,5,5,5,5,5,5,5,5,5,5,5,-35.708300,147.949900,776.000000,lev15,Almucantar
Tumbarumba,22:09:2019,12:00:00,265,265.000000,0.000064,0.000368,0.001206,0.002363,0.003066,0.002959,0.002177,0.001330,0.000899,0.000786,0.000792,0.000802,0.000851,0.000973,0.001118,0.001225,0.001233,0.001082,0.000763,0.000404,0.000156,0.000045,0.784000,2,2,2,2,2,2,2,2,2,2,2,2,2,2,2,2,2,2,2,2,2,2,2,-35.708300,147.949900,776.000000,lev15,Almucantar
Tumbarumba,23:09:2019,12:00:00,266,266.000000,0.000078,0.000911,0.004072,0.007394,0.006487,0.003714,0.001849,0.000978,0.000627,0.000514,0.000501,0.000505,0.000499,0.000509,0.000552,0.000635,0.000731,0.000758,0.000632,0.000390,0.000171,0.000052,0.756000,1,1,1,1,1,1,1,1,1,1,1,1,1,1,1,1,1,1,1,1,1,1,1,-35.708300,147.949900,776.000000,lev15,Almucantar
Tumbarumba,24:09:2019,12:00:00,267,267.000000,0.000160,0.000766,0.001873,0.002596,0.002603,0.002309,0.001797,0.001245,0.000938,0.000893,0.000940,0.000962,0.001082,0.001340,0.001503,0.001387,0.001041,0.000660,0.000369,0.000186,0.000087,0.000038,0.541750,4,4,4,4,4,4,4,4,4,4,4,4,4,4,4,4,4,4,4,4,4,4,4,-35.708300,147.949900,776.000000,lev15,Almucantar
Tumbarumba,25:09:2019,12:00:00,268,268.000000,0.000069,0.000415,0.001564,0.003717,0.006053,0.006565,0.004050,0.001844,0.001095,0.001029,0.001171,0.001324,0.001655,0.002240,0.002794,0.003123,0.003222,0.003006,0.002226,0.001115,0.000356,0.000084,0.530333,6,6,6,6,6,6,6,6,6,6,6,6,6,6,6,6,6,6,6,6,6,6,6,-35.708300,147.949900,776.000000,lev15,Almucantar
Tumbarumba,27:09:2019,12:00:00,270,270.000000,0.000251,0.001203,0.003629,0.006809,0.008489,0.007983,0.006637,0.005833,0.005951,0.006164,0.005641,0.005167,0.005738,0.007564,0.010833,0.016134,0.022783,0.025588,0.019016,0.008239,0.001952,0.000248,0.715500,2,2,2,2,2,2,2,2,2,2,2,2,2,2,2,2,2,2,2,2,2,2,2,-35.708300,147.949900,776.000000,lev15,Almucantar
Tumbarumba,28:09:2019,12:00:00,271,271.000000,0.000143,0.000928,0.003768,0.009207,0.014055,0.012856,0.006260,0.002519,0.001596,0.001780,0.002344,0.002619,0.002631,0.002656,0.002658,0.002712,0.002791,0.002701,0.002166,0.001275,0.000513,0.000144,0.458571,7,7,7,7,7,7,7,7,7,7,7,7,7,7,7,7,7,7,7,7,7,7,7,-35.708300,147.949900,776.000000,lev15,Almucantar
Tumbarumba,29:09:2019,12:00:00,272,272.000000,0.000135,0.000954,0.003596,0.007421,0.009425,0.007754,0.004144,0.002329,0.002076,0.002713,0.003584,0.004331,0.005575,0.007240,0.007814,0.007600,0.006877,0.005559,0.003597,0.001670,0.000527,0.000116,0.439000,12,12,12,12,12,12,12,12,12,12,12,12,12,12,12,12,12,12,12,12,12,12,12,-35.708300,147.949900,776.000000,lev15,Almucantar
Tumbarumba,30:09:2019,12:00:00,273,273.000000,0.000123,0.000800,0.002472,0.003945,0.004159,0.003573,0.002442,0.001477,0.001107,0.001207,0.001534,0.001762,0.002052,0.002530,0.002726,0.002789,0.002801,0.002593,0.001922,0.000984,0.000321,0.000067,0.524625,8,8,8,8,8,8,8,8,8,8,8,8,8,8,8,8,8,8,8,8,8,8,8,-35.708300,147.949900,776.000000,lev15,Almucantar
Tumbarumba,01:10:2019,12:00:00,274,274.000000,0.000134,0.000854,0.003285,0.007386,0.009986,0.008006,0.004026,0.002146,0.001895,0.002583,0.003615,0.004592,0.006058,0.008034,0.009314,0.010387,0.010973,0.009952,0.006796,0.003072,0.000849,0.000144,0.439000,10,10,10,10,10,10,10,10,10,10,10,10,10,10,10,10,10,10,10,10,10,10,10,-35.708300,147.949900,776.000000,lev15,Almucantar
Tumbarumba,02:10:2019,12:00:00,275,275.000000,0.000188,0.001840,0.007895,0.013816,0.012270,0.007468,0.003746,0.002067,0.001685,0.002102,0.003247,0.005007,0.007371,0.010287,0.013038,0.015993,0.019265,0.020919,0.017105,0.008246,0.001912,0.000201,0.439000,5,5,5,5,5,5,5,5,5,5,5,5,5,5,5,5,5,5,5,5,5,5,5,-35.708300,147.949900,776.000000,lev15,Almucantar
Tumbarumba,03:10:2019,12:00:00,276,276.000000,0.000199,0.001182,0.003979,0.007770,0.009357,0.007153,0.003773,0.002138,0.001930,0.002712,0.004301,0.006307,0.008893,0.012241,0.016025,0.020506,0.025415,0.027082,0.020253,0.008574,0.001770,0.000186,0.439000,11,11,11,11,11,11,11,11,11,11,11,11,11,11,11,11,11,11,11,11,11,11,11,-35.708300,147.949900,776.000000,lev15,Almucantar
Tumbarumba,04:10:2019,12:00:00,277,277.000000,0.000102,0.000758,0.002913,0.005872,0.006744,0.004955,0.002715,0.001627,0.001411,0.001671,0.002086,0.002436,0.002751,0.002910,0.003182,0.003542,0.003729,0.003446,0.002573,0.001391,0.000496,0.000113,0.439000,3,3,3,3,3,3,3,3,3,3,3,3,3,3,3,3,3,3,3,3,3,3,3,-35.708300,147.949900,776.000000,lev15,Almucantar
Tumbarumba,08:10:2019,12:00:00,281,281.000000,0.000143,0.001054,0.003661,0.006239,0.006383,0.005205,0.003843,0.002745,0.002306,0.002555,0.003371,0.004473,0.005927,0.007937,0.009445,0.009048,0.006909,0.004292,0.002183,0.000902,0.000303,0.000084,0.439000,3,3,3,3,3,3,3,3,3,3,3,3,3,3,3,3,3,3,3,3,3,3,3,-35.708300,147.949900,776.000000,lev15,Almucantar
Tumbarumba,09:10:2019,12:00:00,282,282.000000,0.000075,0.000600,0.002351,0.004711,0.005516,0.004433,0.002753,0.001615,0.001174,0.001186,0.001417,0.001628,0.001831,0.001971,0.001923,0.001758,0.001514,0.001181,0.000771,0.000396,0.000160,0.000055,0.490375,8,8,8,8,8,8,8,8,8,8,8,8,8,8,8,8,8,8,8,8,8,8,8,-35.708300,147.949900,776.000000,lev15,Almucantar
Tumbarumba,10:10:2019,12:00:00,283,283.000000,0.000113,0.001279,0.005787,0.010182,0.009609,0.006689,0.003834,0.002196,0.001676,0.001915,0.002507,0.002999,0.003665,0.004693,0.005188,0.005100,0.004810,0.004232,0.002991,0.001444,0.000445,0.000094,0.490375,8,8,8,8,8,8,8,8,8,8,8,8,8,8,8,8,8,8,8,8,8,8,8,-35.708300,147.949900,776.000000,lev15,Almucantar
Tumbarumba,13:10:2019,12:00:00,286,286.000000,0.000058,0.000646,0.003192,0.007191,0.007830,0.004838,0.002330,0.001246,0.000883,0.000825,0.000952,0.001227,0.001532,0.001702,0.001744,0.001740,0.001645,0.001366,0.000923,0.000480,0.000188,0.000055,0.597500,2,2,2,2,2,2,2,2,2,2,2,2,2,2,2,2,2,2,2,2,2,2,2,-35.708300,147.949900,776.000000,lev15,Almucantar
Tumbarumba,15:10:2019,12:00:00,288,288.000000,0.000402,0.002330,0.005500,0.006679,0.005116,0.002927,0.001605,0.001100,0.001103,0.001567,0.002619,0.004225,0.006175,0.008698,0.012346,0.017532,0.023652,0.026475,0.022119,0.012911,0.003704,0.000360,0.439000,7,7,7,7,7,7,7,7,7,7,7,7,7,7,7,7,7,7,7,7,7,7,7,-35.708300,147.949900,776.000000,lev15,Almucantar
Tumbarumba,18:10:2019,12:00:00,291,291.000000,0.000112,0.000687,0.002062,0.003229,0.003181,0.002535,0.001945,0.001605,0.001565,0.001791,0.002036,0.002009,0.002044,0.002379,0.002666,0.002794,0.002863,0.002907,0.002435,0.001253,0.000349,0.000066,0.484286,7,7,7,7,7,7,7,7,7,7,7,7,7,7,7,7,7,7,7,7,7,7,7,-35.708300,147.949900,776.000000,lev15,Almucantar
Tumbarumba,19:10:2019,12:00:00,292,292.000000,0.000113,0.000598,0.001714,0.002783,0.002860,0.002277,0.001802,0.001715,0.002047,0.002804,0.003869,0.004936,0.005769,0.006368,0.006703,0.006507,0.005502,0.003835,0.002125,0.000917,0.000306,0.000078,0.439000,1,1,1,1,1,1,1,1,1,1,1,1,1,1,1,1,1,1,1,1,1,1,1,-35.708300,147.949900,776.000000,lev15,Almucantar
Tumbarumba,20:10:2019,12:00:00,293,293.000000,0.000114,0.000680,0.001990,0.003031,0.003022,0.002586,0.002157,0.001883,0.001942,0.002383,0.002891,0.002991,0.002991,0.003447,0.003683,0.003391,0.002778,0.002023,0.001243,0.000608,0.000228,0.000064,0.439000,5,5,5,5,5,5,5,5,5,5,5,5,5,5,5,5,5,5,5,5,5,5,5,-35.708300,147.949900,776.000000,lev15,Almucantar
Tumbarumba,21:10:2019,12:00:00,294,294.000000,0.000095,0.000719,0.002438,0.003926,0.003693,0.002679,0.001788,0.001230,0.001007,0.001065,0.001294,0.001530,0.001791,0.002194,0.002786,0.003752,0.005147,0.006237,0.005302,0.002558,0.000621,0.000073,0.466400,5,5,5,5,5,5,5,5,5,5,5,5,5,5,5,5,5,5,5,5,5,5,5,-35.708300,147.949900,776.000000,lev15,Almucantar
Tumbarumba,22:10:2019,12:00:00,295,295.000000,0.000113,0.000755,0.002232,0.003293,0.003083,0.002338,0.001624,0.001119,0.000870,0.000839,0.000966,0.001225,0.001686,0.002419,0.003395,0.004533,0.005539,0.005694,0.004263,0.001948,0.000480,0.000064,0.562300,10,10,10,10,10,10,10,10,10,10,10,10,10,10,10,10,10,10,10,10,10,10,10,-35.708300,147.949900,776.000000,lev15,Almucantar
Tumbarumba,23:10:2019,12:00:00,296,296.000000,0.000102,0.000809,0.002791,0.004446,0.003974,0.002646,0.001629,0.001067,0.000852,0.000890,0.001142,0.001617,0.002383,0.003551,0.005254,0.007655,0.010392,0.011537,0.008794,0.003897,0.000892,0.000099,0.507500,10,10,10,10,10,10,10,10,10,10,10,10,10,10,10,10,10,10,10,10,10,10,10,-35.708300,147.949900,776.000000,lev15,Almucantar
Tumbarumba,24:10:2019,12:00:00,297,297.000000,0.000138,0.001058,0.003483,0.005186,0.004271,0.002650,0.001615,0.001132,0.001009,0.001187,0.001754,0.002746,0.003875,0.005117,0.006947,0.009850,0.013495,0.015140,0.011280,0.004638,0.000945,0.000095,0.439000,8,8,8,8,8,8,8,8,8,8,8,8,8,8,8,8,8,8,8,8,8,8,8,-35.708300,147.949900,776.000000,lev15,Almucantar
Tumbarumba,26:10:2019,12:00:00,299,299.000000,0.000164,0.000865,0.002254,0.003083,0.002626,0.001856,0.001472,0.001552,0.002039,0.002753,0.003534,0.004709,0.006685,0.009397,0.013285,0.018868,0.024155,0.023478,0.014704,0.005309,0.001044,0.000110,0.439000,1,1,1,1,1,1,1,1,1,1,1,1,1,1,1,1,1,1,1,1,1,1,1,-35.708300,147.949900,776.000000,lev15,Almucantar
Tumbarumba,27:10:2019,12:00:00,300,300.000000,0.000151,0.000934,0.002673,0.003833,0.003608,0.002972,0.002469,0.002237,0.002468,0.003311,0.004395,0.005171,0.006097,0.007520,0.008075,0.006867,0.004736,0.002748,0.001369,0.000594,0.000227,0.000079,0.439000,5,5,5,5,5,5,5,5,5,5,5,5,5,5,5,5,5,5,5,5,5,5,5,-35.708300,147.949900,776.000000,lev15,Almucantar
Tumbarumba,28:10:2019,12:00:00,301,301.000000,0.000059,0.000345,0.001123,0.002069,0.002430,0.002178,0.001732,0.001371,0.001205,0.001258,0.001431,0.001524,0.001703,0.002070,0.002458,0.002710,0.002743,0.002364,0.001545,0.000703,0.000216,0.000046,0.529800,5,5,5,5,5,5,5,5,5,5,5,5,5,5,5,5,5,5,5,5,5,5,5,-35.708300,147.949900,776.000000,lev15,Almucantar
Tumbarumba,29:10:2019,12:00:00,302,302.000000,0.000280,0.002573,0.008017,0.009791,0.006473,0.003320,0.001799,0.001331,0.001472,0.002112,0.003057,0.004039,0.005271,0.007190,0.009826,0.013499,0.018734,0.023381,0.020443,0.009207,0.001724,0.000131,0.439000,6,6,6,6,6,6,6,6,6,6,6,6,6,6,6,6,6,6,6,6,6,6,6,-35.708300,147.949900,776.000000,lev15,Almucantar
Tumbarumba,31:10:2019,12:00:00,304,304.000000,0.000570,0.002678,0.005784,0.006644,0.005158,0.003211,0.001875,0.001272,0.001226,0.001707,0.002908,0.004917,0.007551,0.010428,0.014126,0.019947,0.027208,0.029484,0.020618,0.007972,0.001544,0.000144,0.439000,8,8,8,8,8,8,8,8,8,8,8,8,8,8,8,8,8,8,8,8,8,8,8,-35.708300,147.949900,776.000000,lev15,Almucantar
Tumbarumba,01:11:2019,12:00:00,305,305.000000,0.000278,0.002162,0.007998,0.014659,0.014508,0.008770,0.004214,0.002427,0.002220,0.003093,0.005081,0.008043,0.011694,0.015919,0.021350,0.029487,0.039971,0.044835,0.033102,0.013271,0.002588,0.000241,0.439000,5,5,5,5,5,5,5,5,5,5,5,5,5,5,5,5,5,5,5,5,5,5,5,-35.708300,147.949900,776.000000,lev15,Almucantar
Tumbarumba,06:11:2019,12:00:00,310,310.000000,0.000144,0.000595,0.001359,0.001871,0.001887,0.001776,0.001756,0.001854,0.002248,0.003077,0.003810,0.004079,0.004588,0.005567,0.006295,0.006532,0.006328,0.005449,0.003700,0.001731,0.000505,0.000089,0.439000,2,2,2,2,2,2,2,2,2,2,2,2,2,2,2,2,2,2,2,2,2,2,2,-35.708300,147.949900,776.000000,lev15,Almucantar
Tumbarumba,11:11:2019,12:00:00,315,315.000000,0.000538,0.002234,0.004276,0.004369,0.003190,0.002259,0.001788,0.001617,0.001796,0.002498,0.003682,0.005007,0.006379,0.007356,0.007900,0.008578,0.009391,0.009187,0.006714,0.003117,0.000835,0.000128,0.439000,8,8,8,8,8,8,8,8,8,8,8,8,8,8,8,8,8,8,8,8,8,8,8,-35.708300,147.949900,776.000000,lev15,Almucantar
Tumbarumba,12:11:2019,12:00:00,316,316.000000,0.000232,0.000928,0.001881,0.002132,0.001837,0.001623,0.001628,0.001873,0.002405,0.003328,0.004470,0.005522,0.006608,0.007853,0.009538,0.012062,0.014930,0.015816,0.011674,0.004881,0.001045,0.000121,0.439000,3,3,3,3,3,3,3,3,3,3,3,3,3,3,3,3,3,3,3,3,3,3,3,-35.708300,147.949900,776.000000,lev15,Almucantar
Tumbarumba,13:11:2019,12:00:00,317,317.000000,0.000257,0.001219,0.002694,0.003220,0.002745,0.002186,0.001950,0.002153,0.002966,0.004306,0.005560,0.006475,0.007520,0.009408,0.011050,0.011537,0.011210,0.010206,0.007511,0.003554,0.000930,0.000135,0.439000,9,9,9,9,9,9,9,9,9,9,9,9,9,9,9,9,9,9,9,9,9,9,9,-35.708300,147.949900,776.000000,lev15,Almucantar
Tumbarumba,15:11:2019,12:00:00,319,319.000000,0.000069,0.000433,0.001581,0.003342,0.004008,0.002823,0.001449,0.000795,0.000639,0.000813,0.001394,0.002493,0.003950,0.005535,0.007603,0.011131,0.016509,0.020284,0.015915,0.006489,0.001232,0.000105,0.439000,1,1,1,1,1,1,1,1,1,1,1,1,1,1,1,1,1,1,1,1,1,1,1,-35.708300,147.949900,776.000000,lev15,Almucantar
Tumbarumba,16:11:2019,12:00:00,320,320.000000,0.000042,0.000263,0.000957,0.002007,0.002626,0.002462,0.001844,0.001257,0.001013,0.001146,0.001551,0.001835,0.001869,0.002059,0.002360,0.002540,0.002453,0.001999,0.001266,0.000580,0.000184,0.000040,0.439000,4,4,4,4,4,4,4,4,4,4,4,4,4,4,4,4,4,4,4,4,4,4,4,-35.708300,147.949900,776.000000,lev15,Almucantar
Tumbarumba,17:11:2019,12:00:00,321,321.000000,0.000065,0.000329,0.000977,0.001759,0.002191,0.002243,0.002048,0.001779,0.001770,0.002085,0.002477,0.002863,0.003290,0.003482,0.003633,0.004228,0.005148,0.005385,0.003939,0.001757,0.000453,0.000068,0.439000,3,3,3,3,3,3,3,3,3,3,3,3,3,3,3,3,3,3,3,3,3,3,3,-35.708300,147.949900,776.000000,lev15,Almucantar
Tumbarumba,18:11:2019,12:00:00,322,322.000000,0.000240,0.001384,0.003218,0.003498,0.002420,0.001503,0.001065,0.000935,0.001012,0.001308,0.001902,0.002811,0.003914,0.005156,0.007105,0.010523,0.015556,0.018919,0.015028,0.006328,0.001213,0.000100,0.439000,5,5,5,5,5,5,5,5,5,5,5,5,5,5,5,5,5,5,5,5,5,5,5,-35.708300,147.949900,776.000000,lev15,Almucantar
Tumbarumba,19:11:2019,12:00:00,323,323.000000,0.000206,0.001071,0.002573,0.003149,0.002485,0.001699,0.001271,0.001173,0.001367,0.001876,0.002664,0.003761,0.005254,0.007148,0.009538,0.012912,0.017548,0.021039,0.017725,0.008019,0.001607,0.000136,0.439000,7,7,7,7,7,7,7,7,7,7,7,7,7,7,7,7,7,7,7,7,7,7,7,-35.708300,147.949900,776.000000,lev15,Almucantar
Tumbarumba,20:11:2019,12:00:00,324,324.000000,0.000136,0.001192,0.004088,0.005983,0.005005,0.003196,0.001977,0.001517,0.001594,0.002022,0.002674,0.003684,0.004897,0.005335,0.005271,0.005272,0.005307,0.004928,0.003674,0.001862,0.000563,0.000100,0.439000,4,4,4,4,4,4,4,4,4,4,4,4,4,4,4,4,4,4,4,4,4,4,4,-35.708300,147.949900,776.000000,lev15,Almucantar
Tumbarumba,21:11:2019,12:00:00,325,325.000000,0.000556,0.003252,0.007626,0.008108,0.005237,0.002985,0.002082,0.002148,0.003123,0.004885,0.006660,0.008251,0.009934,0.011309,0.012059,0.012738,0.013486,0.013059,0.009870,0.004913,0.001413,0.000222,0.439000,4,4,4,4,4,4,4,4,4,4,4,4,4,4,4,4,4,4,4,4,4,4,4,-35.708300,147.949900,776.000000,lev15,Almucantar
Tumbarumba,22:11:2019,12:00:00,326,326.000000,0.001715,0.004112,0.006773,0.008176,0.008140,0.007704,0.007909,0.009420,0.012873,0.019591,0.033433,0.063380,0.118878,0.187120,0.239242,0.238935,0.166164,0.079707,0.029369,0.009392,0.002817,0.000819,0.439000,2,2,2,2,2,2,2,2,2,2,2,2,2,2,2,2,2,2,2,2,2,2,2,-35.708300,147.949900,776.000000,lev15,Almucantar
Tumbarumba,23:11:2019,12:00:00,327,327.000000,0.000691,0.002394,0.004193,0.004303,0.003414,0.002602,0.002108,0.001976,0.002347,0.003769,0.007498,0.014612,0.023239,0.029095,0.035525,0.046246,0.050816,0.036704,0.016600,0.004995,0.001056,0.000162,0.439000,4,4,4,4,4,4,4,4,4,4,4,4,4,4,4,4,4,4,4,4,4,4,4,-35.708300,147.949900,776.000000,lev15,Almucantar
Tumbarumba,24:11:2019,12:00:00,328,328.000000,0.000184,0.001357,0.004446,0.007141,0.007336,0.005734,0.003769,0.002498,0.002143,0.002577,0.003716,0.005392,0.007369,0.009004,0.010505,0.013149,0.017210,0.019599,0.015323,0.006832,0.001559,0.000177,0.454222,9,9,9,9,9,9,9,9,9,9,9,9,9,9,9,9,9,9,9,9,9,9,9,-35.708300,147.949900,776.000000,lev15,Almucantar
Tumbarumba,25:11:2019,12:00:00,329,329.000000,0.000129,0.000456,0.001201,0.002335,0.003556,0.004407,0.003931,0.002478,0.001715,0.001789,0.002570,0.004158,0.006359,0.008336,0.010670,0.014816,0.020401,0.022504,0.016202,0.006597,0.001394,0.000149,0.521200,5,5,5,5,5,5,5,5,5,5,5,5,5,5,5,5,5,5,5,5,5,5,5,-35.708300,147.949900,776.000000,lev15,Almucantar
Tumbarumba,27:11:2019,12:00:00,331,331.000000,0.000053,0.000352,0.001143,0.001906,0.001972,0.001636,0.001284,0.001002,0.000807,0.000724,0.000745,0.000877,0.001131,0.001488,0.001966,0.002722,0.003999,0.005365,0.004947,0.002366,0.000494,0.000046,0.647714,7,7,7,7,7,7,7,7,7,7,7,7,7,7,7,7,7,7,7,7,7,7,7,-35.708300,147.949900,776.000000,lev15,Almucantar
Tumbarumba,28:11:2019,12:00:00,332,332.000000,0.000077,0.000344,0.001033,0.002145,0.003253,0.003546,0.002620,0.001590,0.001180,0.001266,0.001770,0.002792,0.004203,0.005624,0.007477,0.010307,0.013594,0.014370,0.010155,0.004195,0.000931,0.000107,0.461833,6,6,6,6,6,6,6,6,6,6,6,6,6,6,6,6,6,6,6,6,6,6,6,-35.708300,147.949900,776.000000,lev15,Almucantar
Tumbarumba,29:11:2019,12:00:00,333,333.000000,0.000173,0.000830,0.002284,0.003688,0.003829,0.002961,0.002038,0.001536,0.001523,0.002038,0.003197,0.005095,0.007639,0.010773,0.014914,0.020818,0.027468,0.029168,0.020607,0.008178,0.001633,0.000159,0.439000,5,5,5,5,5,5,5,5,5,5,5,5,5,5,5,5,5,5,5,5,5,5,5,-35.708300,147.949900,776.000000,lev15,Almucantar
Tumbarumba,30:11:2019,12:00:00,334,334.000000,0.000173,0.001224,0.003741,0.005270,0.004108,0.002351,0.001358,0.001036,0.001149,0.001670,0.002586,0.003638,0.004559,0.005579,0.007776,0.012916,0.022314,0.031178,0.026918,0.011403,0.002047,0.000148,0.439000,1,1,1,1,1,1,1,1,1,1,1,1,1,1,1,1,1,1,1,1,1,1,1,-35.708300,147.949900,776.000000,lev15,Almucantar
Tumbarumba,01:12:2019,12:00:00,335,335.000000,0.000110,0.000876,0.003030,0.004906,0.004405,0.002849,0.001775,0.001283,0.001181,0.001451,0.002144,0.003102,0.003972,0.004763,0.005688,0.006935,0.008198,0.008307,0.006071,0.002667,0.000626,0.000078,0.439000,2,2,2,2,2,2,2,2,2,2,2,2,2,2,2,2,2,2,2,2,2,2,2,-35.708300,147.949900,776.000000,lev15,Almucantar
Tumbarumba,04:12:2019,12:00:00,338,338.000000,0.000162,0.000984,0.002806,0.003888,0.003421,0.002564,0.002004,0.001951,0.002591,0.004007,0.005151,0.005164,0.004893,0.005076,0.006094,0.007992,0.010499,0.011874,0.009624,0.004560,0.001088,0.000128,0.439000,8,8,8,8,8,8,8,8,8,8,8,8,8,8,8,8,8,8,8,8,8,8,8,-35.708300,147.949900,776.000000,lev15,Almucantar
Tumbarumba,05:12:2019,12:00:00,339,339.000000,0.000060,0.000363,0.001249,0.002493,0.003253,0.003203,0.002548,0.001754,0.001265,0.001167,0.001376,0.001695,0.002000,0.002280,0.002557,0.003045,0.003881,0.004616,0.003967,0.001983,0.000518,0.000069,0.584600,5,5,5,5,5,5,5,5,5,5,5,5,5,5,5,5,5,5,5,5,5,5,5,-35.708300,147.949900,776.000000,lev15,Almucantar
Tumbarumba,07:12:2019,12:00:00,341,341.000000,0.000110,0.000807,0.002433,0.003302,0.002692,0.001909,0.001524,0.001455,0.001444,0.001301,0.001207,0.001409,0.001998,0.002683,0.003312,0.004100,0.005287,0.006374,0.005636,0.002846,0.000693,0.000077,0.692600,5,5,5,5,5,5,5,5,5,5,5,5,5,5,5,5,5,5,5,5,5,5,5,-35.708300,147.949900,776.000000,lev15,Almucantar
Tumbarumba,08:12:2019,12:00:00,342,342.000000,0.000187,0.001805,0.005979,0.007719,0.005413,0.003208,0.002149,0.001817,0.002048,0.002495,0.002304,0.001844,0.001666,0.001773,0.002273,0.003640,0.006404,0.009402,0.008790,0.004238,0.000954,0.000106,0.720571,7,7,7,7,7,7,7,7,7,7,7,7,7,7,7,7,7,7,7,7,7,7,7,-35.708300,147.949900,776.000000,lev15,Almucantar
Tumbarumba,09:12:2019,12:00:00,343,343.000000,0.000633,0.005511,0.026634,0.069886,0.094472,0.068874,0.036378,0.019158,0.011512,0.007976,0.006513,0.006624,0.008380,0.012257,0.018660,0.026229,0.030855,0.028425,0.019346,0.009122,0.002818,0.000563,0.897600,5,5,5,5,5,5,5,5,5,5,5,5,5,5,5,5,5,5,5,5,5,5,5,-35.708300,147.949900,776.000000,lev15,Almucantar
Tumbarumba,10:12:2019,12:00:00,344,344.000000,0.000278,0.001724,0.005781,0.010700,0.011823,0.008783,0.005222,0.003278,0.002772,0.003330,0.005010,0.007875,0.011490,0.015298,0.019785,0.025598,0.031147,0.030766,0.020603,0.008155,0.001793,0.000221,0.439000,9,9,9,9,9,9,9,9,9,9,9,9,9,9,9,9,9,9,9,9,9,9,9,-35.708300,147.949900,776.000000,lev15,Almucantar
Tumbarumba,11:12:2019,12:00:00,345,345.000000,0.000234,0.002629,0.011941,0.021794,0.019107,0.011096,0.005700,0.003166,0.002277,0.002269,0.002922,0.004225,0.005598,0.006499,0.007751,0.010296,0.014018,0.016053,0.012840,0.006140,0.001555,0.000211,0.517286,7,7,7,7,7,7,7,7,7,7,7,7,7,7,7,7,7,7,7,7,7,7,7,-35.708300,147.949900,776.000000,lev15,Almucantar
Tumbarumba,12:12:2019,12:00:00,346,346.000000,0.000234,0.001318,0.004430,0.008981,0.011536,0.009385,0.005905,0.003555,0.002522,0.002322,0.002756,0.004171,0.006380,0.008031,0.009229,0.011689,0.015830,0.017844,0.012781,0.005023,0.001077,0.000162,0.490375,8,8,8,8,8,8,8,8,8,8,8,8,8,8,8,8,8,8,8,8,8,8,8,-35.708300,147.949900,776.000000,lev15,Almucantar
Tumbarumba,14:12:2019,12:00:00,348,348.000000,0.000092,0.000705,0.002479,0.004253,0.004159,0.002934,0.001924,0.001403,0.001229,0.001318,0.001680,0.002399,0.003311,0.003750,0.003854,0.004227,0.005089,0.005889,0.005152,0.002654,0.000680,0.000085,0.484667,3,3,3,3,3,3,3,3,3,3,3,3,3,3,3,3,3,3,3,3,3,3,3,-35.708300,147.949900,776.000000,lev15,Almucantar
Tumbarumba,16:12:2019,12:00:00,350,350.000000,0.000060,0.000479,0.001710,0.002863,0.002720,0.001886,0.001190,0.000796,0.000628,0.000640,0.000856,0.001365,0.002091,0.002568,0.002860,0.003525,0.004852,0.006057,0.005072,0.002245,0.000467,0.000047,0.501273,11,11,11,11,11,11,11,11,11,11,11,11,11,11,11,11,11,11,11,11,11,11,11,-35.708300,147.949900,776.000000,lev15,Almucantar
Tumbarumba,17:12:2019,12:00:00,351,351.000000,0.000429,0.003480,0.016071,0.039941,0.062503,0.063381,0.035270,0.011880,0.004440,0.002796,0.002858,0.003851,0.005213,0.006787,0.009018,0.011850,0.015352,0.017523,0.014211,0.007319,0.002367,0.000504,0.713200,10,10,10,10,10,10,10,10,10,10,10,10,10,10,10,10,10,10,10,10,10,10,10,-35.708300,147.949900,776.000000,lev15,Almucantar
Tumbarumba,18:12:2019,12:00:00,352,352.000000,0.000592,0.006869,0.035094,0.084383,0.103688,0.063102,0.024457,0.009831,0.005565,0.004707,0.005624,0.008277,0.011396,0.013842,0.017515,0.024028,0.031542,0.031102,0.019631,0.008226,0.002494,0.000567,0.598500,8,8,8,8,8,8,8,8,8,8,8,8,8,8,8,8,8,8,8,8,8,8,8,-35.708300,147.949900,776.000000,lev15,Almucantar
Tumbarumba,19:12:2019,12:00:00,353,353.000000,0.000350,0.003525,0.017153,0.040675,0.046987,0.027891,0.011508,0.005207,0.003567,0.003944,0.005892,0.009138,0.012514,0.015567,0.020011,0.027387,0.035710,0.034947,0.021437,0.008094,0.001915,0.000307,0.484667,3,3,3,3,3,3,3,3,3,3,3,3,3,3,3,3,3,3,3,3,3,3,3,-35.708300,147.949900,776.000000,lev15,Almucantar
Tumbarumba,20:12:2019,12:00:00,354,354.000000,0.000410,0.003272,0.013855,0.035634,0.061802,0.056075,0.021815,0.006899,0.003474,0.003202,0.004043,0.005629,0.007803,0.009986,0.012199,0.014650,0.016584,0.015951,0.011549,0.005735,0.001874,0.000417,0.523429,7,7,7,7,7,7,7,7,7,7,7,7,7,7,7,7,7,7,7,7,7,7,7,-35.708300,147.949900,776.000000,lev15,Almucantar
Tumbarumba,21:12:2019,12:00:00,355,355.000000,0.000631,0.005404,0.024402,0.056401,0.073365,0.053142,0.023732,0.010810,0.007540,0.008611,0.013558,0.022226,0.030746,0.036097,0.041909,0.051844,0.062154,0.055037,0.030099,0.010649,0.002661,0.000496,0.466400,5,5,5,5,5,5,5,5,5,5,5,5,5,5,5,5,5,5,5,5,5,5,5,-35.708300,147.949900,776.000000,lev15,Almucantar
Tumbarumba,22:12:2019,12:00:00,356,356.000000,0.001050,0.006744,0.031079,0.094499,0.175915,0.176877,0.095300,0.037891,0.016245,0.009232,0.007427,0.008007,0.010023,0.013433,0.019097,0.027318,0.035669,0.038666,0.031850,0.018146,0.006587,0.001459,0.774667,3,3,3,3,3,3,3,3,3,3,3,3,3,3,3,3,3,3,3,3,3,3,3,-35.708300,147.949900,776.000000,lev15,Almucantar
Tumbarumba,23:12:2019,12:00:00,357,357.000000,0.000806,0.004055,0.014671,0.039190,0.084223,0.112498,0.069817,0.029660,0.014454,0.009556,0.008195,0.008606,0.010289,0.013097,0.016725,0.020167,0.021516,0.019192,0.013976,0.007802,0.003039,0.000858,0.815000,4,4,4,4,4,4,4,4,4,4,4,4,4,4,4,4,4,4,4,4,4,4,4,-35.708300,147.949900,776.000000,lev15,Almucantar
Tumbarumba,24:12:2019,12:00:00,358,358.000000,0.000652,0.005471,0.021572,0.048560,0.078267,0.078096,0.040442,0.017342,0.010012,0.008344,0.008815,0.010064,0.011032,0.011884,0.014427,0.019171,0.024086,0.024133,0.017715,0.009266,0.003043,0.000605,0.653222,9,9,9,9,9,9,9,9,9,9,9,9,9,9,9,9,9,9,9,9,9,9,9,-35.708300,147.949900,776.000000,lev15,Almucantar
Tumbarumba,25:12:2019,12:00:00,359,359.000000,0.000575,0.003656,0.014877,0.038227,0.064589,0.068328,0.041424,0.019533,0.010709,0.008064,0.008033,0.009592,0.011996,0.013856,0.015481,0.016970,0.017038,0.014111,0.009108,0.004564,0.001762,0.000520,0.688444,9,9,9,9,9,9,9,9,9,9,9,9,9,9,9,9,9,9,9,9,9,9,9,-35.708300,147.949900,776.000000,lev15,Almucantar
Tumbarumba,26:12:2019,12:00:00,360,360.000000,0.000468,0.004465,0.020651,0.048791,0.066977,0.054728,0.028390,0.013184,0.007878,0.006645,0.007110,0.008545,0.010206,0.011335,0.012630,0.014733,0.016538,0.014858,0.009642,0.004635,0.001698,0.000489,0.612000,10,10,10,10,10,10,10,10,10,10,10,10,10,10,10,10,10,10,10,10,10,10,10,-35.708300,147.949900,776.000000,lev15,Almucantar
Tumbarumba,27:12:2019,12:00:00,361,361.000000,0.000543,0.005499,0.025573,0.058658,0.077276,0.057907,0.027770,0.012733,0.007644,0.006324,0.006825,0.008911,0.011788,0.014283,0.017649,0.023629,0.030840,0.030044,0.017919,0.006995,0.002107,0.000530,0.576000,5,5,5,5,5,5,5,5,5,5,5,5,5,5,5,5,5,5,5,5,5,5,5,-35.708300,147.949900,776.000000,lev15,Almucantar
Tumbarumba,28:12:2019,12:00:00,362,362.000000,0.000485,0.010865,0.082422,0.206025,0.192022,0.086922,0.030270,0.013649,0.010317,0.012729,0.017876,0.019769,0.019886,0.023243,0.031296,0.042798,0.050289,0.042991,0.024784,0.009666,0.002601,0.000488,0.507500,2,2,2,2,2,2,2,2,2,2,2,2,2,2,2,2,2,2,2,2,2,2,2,-35.708300,147.949900,776.000000,lev15,Almucantar
Tumbarumba,30:12:2019,12:00:00,364,364.000000,0.000406,0.003150,0.013507,0.032560,0.044412,0.031407,0.013380,0.005618,0.003273,0.003064,0.004401,0.007441,0.010588,0.012462,0.015439,0.021752,0.029493,0.030358,0.020136,0.007992,0.001917,0.000297,0.576000,3,3,3,3,3,3,3,3,3,3,3,3,3,3,3,3,3,3,3,3,3,3,3,-35.708300,147.949900,776.000000,lev15,Almucantar
Tumbarumba,02:01:2020,12:00:00,2,2.000000,0.001169,0.007888,0.040011,0.139964,0.294383,0.319766,0.188575,0.081610,0.033570,0.015147,0.008453,0.006414,0.006714,0.009054,0.014043,0.022200,0.032247,0.039355,0.036560,0.023121,0.009191,0.002296,0.992000,2,2,2,2,2,2,2,2,2,2,2,2,2,2,2,2,2,2,2,2,2,2,2,-35.708300,147.949900,776.000000,lev15,Almucantar
Tumbarumba,03:01:2020,12:00:00,3,3.000000,0.000683,0.006170,0.027240,0.058362,0.079711,0.084654,0.072315,0.043419,0.019772,0.009394,0.005923,0.005464,0.006750,0.009281,0.013133,0.018437,0.023841,0.025432,0.020351,0.011633,0.004329,0.000940,0.834667,3,3,3,3,3,3,3,3,3,3,3,3,3,3,3,3,3,3,3,3,3,3,3,-35.708300,147.949900,776.000000,lev15,Almucantar
Tumbarumba,04:01:2020,12:00:00,4,4.000000,0.000689,0.007143,0.030399,0.053673,0.051524,0.034300,0.019645,0.012439,0.009996,0.010380,0.013440,0.019807,0.029253,0.039499,0.052148,0.071497,0.087700,0.074250,0.038501,0.012955,0.003094,0.000555,0.473250,4,4,4,4,4,4,4,4,4,4,4,4,4,4,4,4,4,4,4,4,4,4,4,-35.708300,147.949900,776.000000,lev15,Almucantar
Tumbarumba,11:01:2020,12:00:00,11,11.000000,0.000357,0.005445,0.026388,0.043953,0.031087,0.012832,0.004619,0.002051,0.001321,0.001223,0.001493,0.002169,0.003415,0.005329,0.007585,0.009180,0.009000,0.006972,0.004228,0.002000,0.000738,0.000213,0.530333,3,3,3,3,3,3,3,3,3,3,3,3,3,3,3,3,3,3,3,3,3,3,3,-35.708300,147.949900,776.000000,lev15,Almucantar
Tumbarumba,13:01:2020,12:00:00,13,13.000000,0.001085,0.010659,0.049930,0.121334,0.157967,0.117950,0.059001,0.024670,0.011552,0.006221,0.004042,0.003438,0.003937,0.005631,0.008718,0.013074,0.018122,0.022037,0.020944,0.013526,0.005291,0.001192,0.992000,6,6,6,6,6,6,6,6,6,6,6,6,6,6,6,6,6,6,6,6,6,6,6,-35.708300,147.949900,776.000000,lev15,Almucantar
Tumbarumba,14:01:2020,12:00:00,14,14.000000,0.000711,0.006084,0.028294,0.066817,0.090861,0.067963,0.028845,0.012263,0.007936,0.008358,0.012370,0.020728,0.031257,0.038194,0.045343,0.057386,0.065527,0.051152,0.025102,0.009011,0.002679,0.000692,0.493800,5,5,5,5,5,5,5,5,5,5,5,5,5,5,5,5,5,5,5,5,5,5,5,-35.708300,147.949900,776.000000,lev15,Almucantar
Tumbarumba,18:01:2020,12:00:00,18,18.000000,0.000383,0.002668,0.010618,0.022441,0.032284,0.038718,0.038759,0.029987,0.017064,0.008946,0.005967,0.006126,0.008313,0.010553,0.012064,0.012899,0.012771,0.010862,0.007149,0.003604,0.001463,0.000508,0.874000,4,4,4,4,4,4,4,4,4,4,4,4,4,4,4,4,4,4,4,4,4,4,4,-35.708300,147.949900,776.000000,lev15,Almucantar
Tumbarumba,14:02:2020,12:00:00,45,45.000000,0.000102,0.000683,0.002728,0.005956,0.007778,0.007571,0.006259,0.004202,0.002796,0.002477,0.002850,0.003146,0.003109,0.003275,0.003525,0.003695,0.003881,0.003721,0.002720,0.001346,0.000436,0.000100,0.597500,2,2,2,2,2,2,2,2,2,2,2,2,2,2,2,2,2,2,2,2,2,2,2,-35.708300,147.949900,776.000000,lev15,Almucantar
Tumbarumba,16:03:2020,12:00:00,76,76.000000,0.000083,0.000380,0.001100,0.002080,0.002791,0.003002,0.002745,0.002007,0.001218,0.000796,0.000719,0.000928,0.001442,0.002221,0.003174,0.004238,0.005194,0.005316,0.003930,0.001842,0.000507,0.000080,0.756000,1,1,1,1,1,1,1,1,1,1,1,1,1,1,1,1,1,1,1,1,1,1,1,-35.708300,147.949900,776.000000,lev15,Almucantar
Tumbarumba,31:03:2020,12:00:00,91,91.000000,0.000234,0.001759,0.005657,0.008444,0.007292,0.005035,0.003488,0.002622,0.002426,0.003160,0.004610,0.004986,0.004713,0.005490,0.005611,0.005635,0.005890,0.005876,0.004599,0.002403,0.000771,0.000148,0.439000,1,1,1,1,1,1,1,1,1,1,1,1,1,1,1,1,1,1,1,1,1,1,1,-35.708300,147.949900,776.000000,lev15,Almucantar
Tumbarumba,17:04:2020,12:00:00,108,108.000000,0.000079,0.000287,0.000748,0.001430,0.002122,0.002648,0.002948,0.003023,0.002954,0.002701,0.002366,0.002678,0.003745,0.004608,0.005065,0.004419,0.002943,0.001570,0.000740,0.000330,0.000143,0.000060,0.756000,1,1,1,1,1,1,1,1,1,1,1,1,1,1,1,1,1,1,1,1,1,1,1,-35.708300,147.949900,776.000000,lev15,Almucantar
Tumbarumba,27:09:2020,12:00:00,271,271.000000,0.000149,0.000946,0.003228,0.006231,0.007664,0.006922,0.004685,0.002691,0.001788,0.001591,0.001662,0.001705,0.001630,0.001483,0.001354,0.001269,0.001177,0.001016,0.000765,0.000480,0.000244,0.000100,0.576000,1,1,1,1,1,1,1,1,1,1,1,1,1,1,1,1,1,1,1,1,1,1,1,-35.708300,147.949900,776.000000,lev15,Almucantar
Tumbarumba,28:09:2020,12:00:00,272,272.000000,0.003372,0.001771,0.001981,0.002679,0.003633,0.004521,0.004178,0.002538,0.001365,0.000909,0.000788,0.000807,0.000910,0.001065,0.001228,0.001353,0.001393,0.001275,0.000949,0.000533,0.000225,0.000077,0.879600,10,10,10,10,10,10,10,10,10,10,10,10,10,10,10,10,10,10,10,10,10,10,10,-35.708300,147.949900,776.000000,lev15,Almucantar
Tumbarumba,29:09:2020,12:00:00,273,273.000000,0.000076,0.000636,0.002657,0.005595,0.006598,0.005281,0.003458,0.002079,0.001264,0.000866,0.000718,0.000711,0.000779,0.000872,0.000975,0.001081,0.001154,0.001091,0.000831,0.000479,0.000202,0.000062,0.874000,2,2,2,2,2,2,2,2,2,2,2,2,2,2,2,2,2,2,2,2,2,2,2,-35.708300,147.949900,776.000000,lev15,Almucantar
Tumbarumba,01:10:2020,12:00:00,275,275.000000,0.000310,0.001249,0.003110,0.005010,0.005889,0.005886,0.005608,0.005676,0.006151,0.006177,0.005472,0.006215,0.009484,0.012112,0.012004,0.009502,0.006906,0.004895,0.003136,0.001602,0.000610,0.000193,0.874000,2,2,2,2,2,2,2,2,2,2,2,2,2,2,2,2,2,2,2,2,2,2,2,-35.708300,147.949900,776.000000,lev15,Almucantar
Tumbarumba,02:10:2020,12:00:00,276,276.000000,0.000238,0.001391,0.004770,0.009894,0.013948,0.013110,0.007427,0.004033,0.003534,0.004464,0.005111,0.005815,0.007501,0.008830,0.009588,0.010123,0.010438,0.009669,0.006930,0.003263,0.000919,0.000187,0.439000,4,4,4,4,4,4,4,4,4,4,4,4,4,4,4,4,4,4,4,4,4,4,4,-35.708300,147.949900,776.000000,lev15,Almucantar
Tumbarumba,03:10:2020,12:00:00,277,277.000000,0.000130,0.001120,0.004775,0.010343,0.012853,0.009987,0.005208,0.002473,0.001453,0.001228,0.001370,0.001746,0.002165,0.002300,0.002289,0.002165,0.001890,0.001500,0.001047,0.000615,0.000297,0.000119,0.606000,6,6,6,6,6,6,6,6,6,6,6,6,6,6,6,6,6,6,6,6,6,6,6,-35.708300,147.949900,776.000000,lev15,Almucantar
Tumbarumba,04:10:2020,12:00:00,278,278.000000,0.000129,0.000987,0.003619,0.006589,0.006683,0.004578,0.002647,0.001623,0.001299,0.001450,0.001966,0.002647,0.003296,0.004018,0.005123,0.006913,0.009038,0.009744,0.007231,0.003203,0.000788,0.000107,0.439000,2,2,2,2,2,2,2,2,2,2,2,2,2,2,2,2,2,2,2,2,2,2,2,-35.708300,147.949900,776.000000,lev15,Almucantar
Tumbarumba,12:10:2020,12:00:00,286,286.000000,0.000157,0.000940,0.002711,0.004128,0.004194,0.003641,0.002822,0.001968,0.001543,0.001633,0.002141,0.002810,0.003554,0.004525,0.005496,0.006746,0.008125,0.008449,0.006278,0.002819,0.000701,0.000094,0.493800,5,5,5,5,5,5,5,5,5,5,5,5,5,5,5,5,5,5,5,5,5,5,5,-35.708300,147.949900,776.000000,lev15,Almucantar
Tumbarumba,13:10:2020,12:00:00,287,287.000000,0.000162,0.001159,0.003480,0.005074,0.004960,0.004061,0.002830,0.001828,0.001371,0.001374,0.001738,0.002406,0.003295,0.004154,0.004988,0.006043,0.007125,0.007181,0.005255,0.002416,0.000637,0.000094,0.501273,11,11,11,11,11,11,11,11,11,11,11,11,11,11,11,11,11,11,11,11,11,11,11,-35.708300,147.949900,776.000000,lev15,Almucantar
Tumbarumba,14:10:2020,12:00:00,288,288.000000,0.000099,0.000677,0.002665,0.005957,0.007766,0.006434,0.003924,0.002294,0.001737,0.001955,0.002657,0.003449,0.004394,0.005350,0.006317,0.007768,0.009691,0.010757,0.008835,0.004454,0.001193,0.000160,0.478143,7,7,7,7,7,7,7,7,7,7,7,7,7,7,7,7,7,7,7,7,7,7,7,-35.708300,147.949900,776.000000,lev15,Almucantar
Tumbarumba,15:10:2020,12:00:00,289,289.000000,0.000158,0.000900,0.002922,0.005581,0.006884,0.006243,0.004551,0.003033,0.002338,0.002592,0.003586,0.004821,0.006020,0.006881,0.007585,0.008495,0.009496,0.009557,0.007361,0.003661,0.001053,0.000169,0.484667,3,3,3,3,3,3,3,3,3,3,3,3,3,3,3,3,3,3,3,3,3,3,3,-35.708300,147.949900,776.000000,lev15,Almucantar
Tumbarumba,16:10:2020,12:00:00,290,290.000000,0.000088,0.000703,0.002818,0.005765,0.006405,0.004636,0.002881,0.001916,0.001534,0.001572,0.002039,0.002940,0.004009,0.004747,0.005060,0.005378,0.005930,0.006123,0.004849,0.002438,0.000697,0.000109,0.439000,1,1,1,1,1,1,1,1,1,1,1,1,1,1,1,1,1,1,1,1,1,1,1,-35.708300,147.949900,776.000000,lev15,Almucantar
Tumbarumba,18:10:2020,12:00:00,292,292.000000,0.000147,0.001074,0.003409,0.005129,0.004579,0.003342,0.002550,0.002182,0.002113,0.002453,0.003253,0.004095,0.004661,0.004993,0.004825,0.004269,0.003414,0.002383,0.001391,0.000656,0.000246,0.000073,0.439000,2,2,2,2,2,2,2,2,2,2,2,2,2,2,2,2,2,2,2,2,2,2,2,-35.708300,147.949900,776.000000,lev15,Almucantar
Tumbarumba,19:10:2020,12:00:00,293,293.000000,0.000164,0.001180,0.003777,0.005958,0.005906,0.004733,0.003414,0.002340,0.001836,0.001959,0.002599,0.003314,0.003851,0.004457,0.005037,0.005352,0.005196,0.004353,0.002838,0.001302,0.000400,0.000084,0.458571,7,7,7,7,7,7,7,7,7,7,7,7,7,7,7,7,7,7,7,7,7,7,7,-35.708300,147.949900,776.000000,lev15,Almucantar
Tumbarumba,20:10:2020,12:00:00,294,294.000000,0.000118,0.000840,0.003012,0.005455,0.005723,0.004421,0.002941,0.001881,0.001490,0.001706,0.002355,0.002997,0.003837,0.005208,0.006469,0.007693,0.008560,0.008015,0.005552,0.002499,0.000665,0.000102,0.439000,7,7,7,7,7,7,7,7,7,7,7,7,7,7,7,7,7,7,7,7,7,7,7,-35.708300,147.949900,776.000000,lev15,Almucantar
Tumbarumba,21:10:2020,12:00:00,295,295.000000,0.000076,0.000670,0.002672,0.005001,0.004920,0.003162,0.001780,0.001140,0.000955,0.001054,0.001417,0.002093,0.003147,0.004619,0.006395,0.007908,0.008069,0.006252,0.003452,0.001307,0.000333,0.000057,0.439000,1,1,1,1,1,1,1,1,1,1,1,1,1,1,1,1,1,1,1,1,1,1,1,-35.708300,147.949900,776.000000,lev15,Almucantar
Tumbarumba,22:10:2020,12:00:00,296,296.000000,0.000190,0.001231,0.003227,0.003960,0.003444,0.002984,0.002498,0.002021,0.002249,0.003155,0.003304,0.002597,0.002277,0.002597,0.003605,0.005882,0.010030,0.014046,0.012414,0.005630,0.001188,0.000120,0.557200,5,5,5,5,5,5,5,5,5,5,5,5,5,5,5,5,5,5,5,5,5,5,5,-35.708300,147.949900,776.000000,lev15,Almucantar
Tumbarumba,23:10:2020,12:00:00,297,297.000000,0.000170,0.001756,0.007258,0.012596,0.010660,0.005849,0.002882,0.001702,0.001479,0.001951,0.003187,0.004710,0.005510,0.005790,0.006689,0.009508,0.015246,0.021158,0.018749,0.008485,0.001743,0.000156,0.439000,1,1,1,1,1,1,1,1,1,1,1,1,1,1,1,1,1,1,1,1,1,1,1,-35.708300,147.949900,776.000000,lev15,Almucantar
