AERONET Data Download (Version 3 Direct Sun and Inversion Algorithms)
AERONET Version 3
Tumbarumba
Version 3: Almucantar Level 1.5 Inversion
The following data are cloud cleared and quality controls have been applied but these data may not have final calibration applied.  These data may change.
Daily Averages,Contact: PI=Ian_Lau; PI Email=ian.lau@csiro.au 
AERONET_AERONET_Site,Date(dd:mm:yyyy),Time(hh:mm:ss),Day_of_Year,Day_of_Year(fraction),AOD_Extinction-Total[440nm],AOD_Extinction-Total[675nm],AOD_Extinction-Total[870nm],AOD_Extinction-Total[1020nm],AOD_Extinction-Fine[440nm],AOD_Extinction-Fine[675nm],AOD_Extinction-Fine[870nm],AOD_Extinction-Fine[1020nm],AOD_Extinction-Coarse[440nm],AOD_Extinction-Coarse[675nm],AOD_Extinction-Coarse[870nm],AOD_Extinction-Coarse[1020nm],Extinction_Angstrom_Exponent_440-870nm-Total,N[AOD_Extinction-Total[440nm]],N[AOD_Extinction-Total[675nm]],N[AOD_Extinction-Total[870nm]],N[AOD_Extinction-Total[1020nm]],N[AOD_Extinction-Fine[440nm]],N[AOD_Extinction-Fine[675nm]],N[AOD_Extinction-Fine[870nm]],N[AOD_Extinction-Fine[1020nm]],N[AOD_Extinction-Coarse[440nm]],N[AOD_Extinction-Coarse[675nm]],N[AOD_Extinction-Coarse[870nm]],N[AOD_Extinction-Coarse[1020nm]],N[Extinction_Angstrom_Exponent_440-870nm-Total],Latitude(Degrees),Longitude(Degrees),Elevation(m),Level,Retrieval_Measurement_Scan_Type
Tumbarumba,02:01:2020,12:00:00,2,2.000000,2.604750,1.431450,0.850450,0.591600,2.581200,1.407050,0.825750,0.566750,0.023600,0.024400,0.024800,0.024900,1.618916,2,2,2,2,2,2,2,2,2,2,2,2,2,-35.708300,147.949900,776.000000,lev15,Almucantar
Tumbarumba,03:01:2020,12:00:00,3,3.000000,1.089767,0.602167,0.372933,0.267600,1.069567,0.581233,0.351633,0.246000,0.020167,0.020900,0.021300,0.021600,1.549021,3,3,3,3,3,3,3,3,3,3,3,3,3,-35.708300,147.949900,776.000000,lev15,Almucantar
Tumbarumba,04:01:2020,12:00:00,4,4.000000,0.695125,0.364825,0.251900,0.206925,0.598325,0.261325,0.143100,0.095450,0.096800,0.103500,0.108800,0.111475,1.487181,4,4,4,4,4,4,4,4,4,4,4,4,4,-35.708300,147.949900,776.000000,lev15,Almucantar
Tumbarumba,11:01:2020,12:00:00,11,11.000000,0.305767,0.119167,0.065633,0.046300,0.295233,0.108067,0.053967,0.034267,0.010567,0.011100,0.011700,0.012033,2.255187,3,3,3,3,3,3,3,3,3,3,3,3,3,-35.708300,147.949900,776.000000,lev15,Almucantar
Tumbarumba,13:01:2020,12:00:00,13,13.000000,1.576733,0.665617,0.362833,0.244167,1.563033,0.651400,0.348450,0.229733,0.013717,0.014233,0.014433,0.014467,2.127940,6,6,6,6,6,6,6,6,6,6,6,6,6,-35.708300,147.949900,776.000000,lev15,Almucantar
Tumbarumba,14:01:2020,12:00:00,14,14.000000,0.837300,0.414220,0.264940,0.205920,0.757280,0.328600,0.174760,0.113200,0.080020,0.085620,0.090180,0.092740,1.683858,5,5,5,5,5,5,5,5,5,5,5,5,5,-35.708300,147.949900,776.000000,lev15,Almucantar
Tumbarumba,18:01:2020,12:00:00,18,18.000000,0.462850,0.269750,0.176575,0.133700,0.445425,0.251650,0.157675,0.114100,0.017425,0.018100,0.018925,0.019625,1.400527,4,4,4,4,4,4,4,4,4,4,4,4,4,-35.708300,147.949900,776.000000,lev15,Almucantar
Tumbarumba,14:02:2020,12:00:00,45,45.000000,0.091950,0.052200,0.034800,0.028400,0.081950,0.041100,0.023300,0.016700,0.009950,0.011050,0.011550,0.011700,1.379682,2,2,2,2,2,2,2,2,2,2,2,2,2,-35.708300,147.949900,776.000000,lev15,Almucantar
Tumbarumba,16:03:2020,12:00:00,76,76.000000,0.049500,0.030600,0.022200,0.018300,0.044500,0.025400,0.016800,0.012800,0.005100,0.005300,0.005400,0.005500,1.171995,1,1,1,1,1,1,1,1,1,1,1,1,1,-35.708300,147.949900,776.000000,lev15,Almucantar
Tumbarumba,31:03:2020,12:00:00,91,91.000000,0.091100,0.052000,0.038000,0.032700,0.074700,0.033400,0.017900,0.012100,0.016400,0.018500,0.020100,0.020600,1.286871,1,1,1,1,1,1,1,1,1,1,1,1,1,-35.708300,147.949900,776.000000,lev15,Almucantar
Tumbarumba,17:04:2020,12:00:00,108,108.000000,0.048900,0.035000,0.028000,0.025600,0.042000,0.027800,0.020500,0.017900,0.006900,0.007200,0.007500,0.007700,0.814923,1,1,1,1,1,1,1,1,1,1,1,1,1,-35.708300,147.949900,776.000000,lev15,Almucantar
Tumbarumba,27:09:2020,12:00:00,271,271.000000,0.095200,0.051900,0.036000,0.029100,0.090800,0.047200,0.031000,0.023800,0.004400,0.004700,0.005100,0.005300,1.427061,1,1,1,1,1,1,1,1,1,1,1,1,1,-35.708300,147.949900,776.000000,lev15,Almucantar
Tumbarumba,28:09:2020,12:00:00,272,272.000000,0.066300,0.039550,0.028930,0.024460,0.064380,0.037570,0.026860,0.022320,0.001920,0.001980,0.002070,0.002120,1.230689,10,10,10,10,10,10,10,10,10,10,10,10,10,-35.708300,147.949900,776.000000,lev15,Almucantar
Tumbarumba,29:09:2020,12:00:00,273,273.000000,0.063250,0.033100,0.020350,0.015100,0.061650,0.031400,0.018550,0.013250,0.001650,0.001650,0.001800,0.001850,1.649253,2,2,2,2,2,2,2,2,2,2,2,2,2,-35.708300,147.949900,776.000000,lev15,Almucantar
Tumbarumba,01:10:2020,12:00:00,275,275.000000,0.113400,0.077500,0.061850,0.055000,0.098300,0.061850,0.045600,0.038400,0.015100,0.015700,0.016250,0.016600,0.893715,2,2,2,2,2,2,2,2,2,2,2,2,2,-35.708300,147.949900,776.000000,lev15,Almucantar
Tumbarumba,02:10:2020,12:00:00,276,276.000000,0.174475,0.092400,0.064100,0.053250,0.151200,0.066175,0.036000,0.024625,0.023250,0.026250,0.028150,0.028650,1.476490,4,4,4,4,4,4,4,4,4,4,4,4,4,-35.708300,147.949900,776.000000,lev15,Almucantar
Tumbarumba,03:10:2020,12:00:00,277,277.000000,0.127350,0.061050,0.037183,0.027883,0.122567,0.055933,0.031683,0.022133,0.004800,0.005067,0.005467,0.005733,1.800524,6,6,6,6,6,6,6,6,6,6,6,6,6,-35.708300,147.949900,776.000000,lev15,Almucantar
Tumbarumba,04:10:2020,12:00:00,278,278.000000,0.088850,0.047500,0.033300,0.027650,0.076000,0.033400,0.018500,0.012600,0.012900,0.014100,0.014750,0.015050,1.444717,2,2,2,2,2,2,2,2,2,2,2,2,2,-35.708300,147.949900,776.000000,lev15,Almucantar
Tumbarumba,12:10:2020,12:00:00,286,286.000000,0.066520,0.037540,0.027420,0.023700,0.054900,0.024880,0.014000,0.009980,0.011620,0.012680,0.013440,0.013720,1.306283,5,5,5,5,5,5,5,5,5,5,5,5,5,-35.708300,147.949900,776.000000,lev15,Almucantar
Tumbarumba,13:10:2020,12:00:00,287,287.000000,0.071355,0.039245,0.027855,0.023645,0.060691,0.027700,0.015700,0.011245,0.010682,0.011555,0.012182,0.012391,1.381131,11,11,11,11,11,11,11,11,11,11,11,11,11,-35.708300,147.949900,776.000000,lev15,Almucantar
Tumbarumba,14:10:2020,12:00:00,288,288.000000,0.094800,0.050614,0.035586,0.030129,0.080171,0.034643,0.018629,0.012814,0.014629,0.015971,0.017000,0.017329,1.438642,7,7,7,7,7,7,7,7,7,7,7,7,7,-35.708300,147.949900,776.000000,lev15,Almucantar
Tumbarumba,15:10:2020,12:00:00,289,289.000000,0.105900,0.060767,0.044867,0.038333,0.087767,0.040967,0.023833,0.016733,0.018100,0.019800,0.021033,0.021567,1.265057,3,3,3,3,3,3,3,3,3,3,3,3,3,-35.708300,147.949900,776.000000,lev15,Almucantar
Tumbarumba,16:10:2020,12:00:00,290,290.000000,0.078400,0.045200,0.031800,0.026600,0.065700,0.031300,0.017200,0.011900,0.012600,0.013800,0.014500,0.014800,1.321183,1,1,1,1,1,1,1,1,1,1,1,1,1,-35.708300,147.949900,776.000000,lev15,Almucantar
Tumbarumba,18:10:2020,12:00:00,292,292.000000,0.061350,0.036950,0.027650,0.024250,0.048400,0.022200,0.011850,0.008200,0.012950,0.014750,0.015800,0.016000,1.171866,2,2,2,2,2,2,2,2,2,2,2,2,2,-35.708300,147.949900,776.000000,lev15,Almucantar
Tumbarumba,19:10:2020,12:00:00,293,293.000000,0.073929,0.041229,0.029143,0.024600,0.061857,0.027629,0.014843,0.010086,0.012071,0.013586,0.014329,0.014471,1.377770,7,7,7,7,7,7,7,7,7,7,7,7,7,-35.708300,147.949900,776.000000,lev15,Almucantar
Tumbarumba,20:10:2020,12:00:00,294,294.000000,0.073929,0.040471,0.029229,0.025243,0.060600,0.025800,0.013757,0.009500,0.013300,0.014671,0.015471,0.015686,1.360726,7,7,7,7,7,7,7,7,7,7,7,7,7,-35.708300,147.949900,776.000000,lev15,Almucantar
Tumbarumba,21:10:2020,12:00:00,295,295.000000,0.064100,0.035500,0.025500,0.021600,0.052800,0.023300,0.012800,0.008600,0.011300,0.012200,0.012800,0.013000,1.356576,1,1,1,1,1,1,1,1,1,1,1,1,1,-35.708300,147.949900,776.000000,lev15,Almucantar
Tumbarumba,22:10:2020,12:00:00,296,296.000000,0.062480,0.039920,0.031620,0.028120,0.048400,0.024060,0.014720,0.010960,0.014060,0.015840,0.016900,0.017160,1.144562,5,5,5,5,5,5,5,5,5,5,5,5,5,-35.708300,147.949900,776.000000,lev15,Almucantar
Tumbarumba,23:10:2020,12:00:00,297,297.000000,0.117900,0.065600,0.046000,0.038900,0.096700,0.042800,0.022000,0.014500,0.021200,0.022800,0.024000,0.024400,1.380960,1,1,1,1,1,1,1,1,1,1,1,1,1,-35.708300,147.949900,776.000000,lev15,Almucantar
Tumbarumba,02:02:2021,12:00:00,33,33.000000,0.081300,0.050525,0.041150,0.036225,0.068025,0.036600,0.026775,0.021625,0.013275,0.013925,0.014375,0.014600,1.022703,4,4,4,4,4,4,4,4,4,4,4,4,4,-35.708300,147.949900,776.000000,lev15,Almucantar
Tumbarumba,03:02:2021,12:00:00,34,34.000000,0.052350,0.035050,0.028450,0.025450,0.041600,0.023500,0.016350,0.013200,0.010750,0.011600,0.012100,0.012250,0.904281,2,2,2,2,2,2,2,2,2,2,2,2,2,-35.708300,147.949900,776.000000,lev15,Almucantar
Tumbarumba,04:02:2021,12:00:00,35,35.000000,0.174300,0.103400,0.080500,0.071600,0.133600,0.057300,0.033100,0.024500,0.040800,0.046100,0.047400,0.047100,1.143560,1,1,1,1,1,1,1,1,1,1,1,1,1,-35.708300,147.949900,776.000000,lev15,Almucantar
Tumbarumba,07:02:2021,12:00:00,38,38.000000,0.044037,0.030475,0.026050,0.023450,0.033287,0.018900,0.014000,0.011212,0.010750,0.011588,0.012050,0.012238,0.803028,8,8,8,8,8,8,8,8,8,8,8,8,8,-35.708300,147.949900,776.000000,lev15,Almucantar
Tumbarumba,08:02:2021,12:00:00,39,39.000000,0.070767,0.043633,0.035867,0.032400,0.053000,0.023633,0.014933,0.011367,0.017800,0.019967,0.020933,0.021033,1.012995,3,3,3,3,3,3,3,3,3,3,3,3,3,-35.708300,147.949900,776.000000,lev15,Almucantar
Tumbarumba,09:02:2021,12:00:00,40,40.000000,0.133180,0.075200,0.056280,0.049580,0.105140,0.044500,0.024120,0.017060,0.028020,0.030700,0.032160,0.032560,1.269054,5,5,5,5,5,5,5,5,5,5,5,5,5,-35.708300,147.949900,776.000000,lev15,Almucantar
Tumbarumba,10:02:2021,12:00:00,41,41.000000,0.115150,0.066617,0.051267,0.044483,0.093117,0.042217,0.025733,0.018600,0.022033,0.024417,0.025533,0.025883,1.213838,6,6,6,6,6,6,6,6,6,6,6,6,6,-35.708300,147.949900,776.000000,lev15,Almucantar
Tumbarumba,11:02:2021,12:00:00,42,42.000000,0.118725,0.068875,0.053950,0.047400,0.092150,0.039450,0.023250,0.016450,0.026550,0.029450,0.030650,0.030925,1.173367,4,4,4,4,4,4,4,4,4,4,4,4,4,-35.708300,147.949900,776.000000,lev15,Almucantar
Tumbarumba,13:02:2021,12:00:00,44,44.000000,0.074680,0.047680,0.039460,0.036040,0.054000,0.024840,0.015220,0.011420,0.020700,0.022860,0.024220,0.024600,0.913146,5,5,5,5,5,5,5,5,5,5,5,5,5,-35.708300,147.949900,776.000000,lev15,Almucantar
Tumbarumba,14:02:2021,12:00:00,45,45.000000,0.137700,0.074820,0.053120,0.043280,0.120600,0.056080,0.033640,0.023640,0.017120,0.018760,0.019460,0.019620,1.396091,5,5,5,5,5,5,5,5,5,5,5,5,5,-35.708300,147.949900,776.000000,lev15,Almucantar
Tumbarumba,16:02:2021,12:00:00,47,47.000000,0.021600,0.016300,0.013800,0.012800,0.019100,0.013700,0.011200,0.010100,0.002500,0.002600,0.002700,0.002700,0.657965,1,1,1,1,1,1,1,1,1,1,1,1,1,-35.708300,147.949900,776.000000,lev15,Almucantar
Tumbarumba,17:02:2021,12:00:00,48,48.000000,0.081480,0.049060,0.038740,0.033860,0.063120,0.029220,0.018220,0.013060,0.018380,0.019880,0.020540,0.020780,1.110575,5,5,5,5,5,5,5,5,5,5,5,5,5,-35.708300,147.949900,776.000000,lev15,Almucantar
Tumbarumba,18:02:2021,12:00:00,49,49.000000,0.042844,0.034500,0.031178,0.029300,0.025511,0.015122,0.010733,0.008567,0.017356,0.019378,0.020444,0.020767,0.476060,9,9,9,9,9,9,9,9,9,9,9,9,9,-35.708300,147.949900,776.000000,lev15,Almucantar
Tumbarumba,20:02:2021,12:00:00,51,51.000000,0.066967,0.042667,0.036300,0.033533,0.045333,0.018833,0.011333,0.008133,0.021700,0.023833,0.025033,0.025433,0.909949,3,3,3,3,3,3,3,3,3,3,3,3,3,-35.708300,147.949900,776.000000,lev15,Almucantar
Tumbarumba,21:02:2021,12:00:00,52,52.000000,0.082620,0.058200,0.051180,0.048120,0.049860,0.022060,0.013360,0.009840,0.032740,0.036140,0.037820,0.038280,0.715605,5,5,5,5,5,5,5,5,5,5,5,5,5,-35.708300,147.949900,776.000000,lev15,Almucantar
Tumbarumba,22:02:2021,12:00:00,53,53.000000,0.064880,0.048120,0.042340,0.039610,0.038730,0.019420,0.012620,0.009630,0.026180,0.028690,0.029750,0.030010,0.658602,10,10,10,10,10,10,10,10,10,10,10,10,10,-35.708300,147.949900,776.000000,lev15,Almucantar
Tumbarumba,23:02:2021,12:00:00,54,54.000000,0.106650,0.071450,0.058400,0.052700,0.079250,0.042450,0.028100,0.021800,0.027400,0.029100,0.030300,0.030950,0.890071,2,2,2,2,2,2,2,2,2,2,2,2,2,-35.708300,147.949900,776.000000,lev15,Almucantar
Tumbarumba,25:02:2021,12:00:00,56,56.000000,0.102500,0.057100,0.041700,0.035600,0.082600,0.035800,0.019500,0.013200,0.019900,0.021300,0.022100,0.022400,1.325698,1,1,1,1,1,1,1,1,1,1,1,1,1,-35.708300,147.949900,776.000000,lev15,Almucantar
Tumbarumba,26:02:2021,12:00:00,57,57.000000,0.035263,0.025212,0.020712,0.018387,0.025500,0.015000,0.010188,0.007713,0.009763,0.010225,0.010512,0.010663,0.776936,8,8,8,8,8,8,8,8,8,8,8,8,8,-35.708300,147.949900,776.000000,lev15,Almucantar
Tumbarumba,27:02:2021,12:00:00,58,58.000000,0.043250,0.030700,0.025750,0.023250,0.030400,0.016900,0.011300,0.008550,0.012850,0.013800,0.014400,0.014700,0.766391,2,2,2,2,2,2,2,2,2,2,2,2,2,-35.708300,147.949900,776.000000,lev15,Almucantar
Tumbarumba,28:02:2021,12:00:00,59,59.000000,0.042388,0.033462,0.029200,0.026925,0.027375,0.017413,0.012400,0.009800,0.015012,0.016075,0.016800,0.017137,0.554281,8,8,8,8,8,8,8,8,8,8,8,8,8,-35.708300,147.949900,776.000000,lev15,Almucantar
Tumbarumba,01:03:2021,12:00:00,60,60.000000,0.066330,0.047230,0.040130,0.037120,0.041490,0.020700,0.012480,0.009030,0.024850,0.026540,0.027660,0.028080,0.722264,10,10,10,10,10,10,10,10,10,10,10,10,10,-35.708300,147.949900,776.000000,lev15,Almucantar
Tumbarumba,02:03:2021,12:00:00,61,61.000000,0.046709,0.035018,0.029900,0.027300,0.030755,0.018191,0.012427,0.009536,0.015964,0.016836,0.017473,0.017773,0.663054,11,11,11,11,11,11,11,11,11,11,11,11,11,-35.708300,147.949900,776.000000,lev15,Almucantar
Tumbarumba,03:03:2021,12:00:00,62,62.000000,0.050371,0.038700,0.034186,0.031971,0.029457,0.015686,0.010171,0.007657,0.020914,0.023014,0.024043,0.024314,0.587658,7,7,7,7,7,7,7,7,7,7,7,7,7,-35.708300,147.949900,776.000000,lev15,Almucantar
Tumbarumba,04:03:2021,12:00:00,63,63.000000,0.065280,0.043000,0.035140,0.031590,0.047350,0.023700,0.015040,0.011200,0.017940,0.019310,0.020090,0.020390,0.924037,10,10,10,10,10,10,10,10,10,10,10,10,10,-35.708300,147.949900,776.000000,lev15,Almucantar
Tumbarumba,05:03:2021,12:00:00,64,64.000000,0.035740,0.027150,0.023530,0.021520,0.025660,0.016530,0.012590,0.010430,0.010060,0.010620,0.010940,0.011100,0.626741,10,10,10,10,10,10,10,10,10,10,10,10,10,-35.708300,147.949900,776.000000,lev15,Almucantar
Tumbarumba,06:03:2021,12:00:00,65,65.000000,0.045133,0.033722,0.028589,0.026000,0.030478,0.017700,0.011778,0.009022,0.014644,0.016044,0.016800,0.017000,0.673207,9,9,9,9,9,9,9,9,9,9,9,9,9,-35.708300,147.949900,776.000000,lev15,Almucantar
Tumbarumba,09:03:2021,12:00:00,68,68.000000,0.048286,0.028986,0.022371,0.019257,0.040300,0.020514,0.013614,0.010357,0.007986,0.008457,0.008757,0.008871,1.096069,7,7,7,7,7,7,7,7,7,7,7,7,7,-35.708300,147.949900,776.000000,lev15,Almucantar
Tumbarumba,10:03:2021,12:00:00,69,69.000000,0.068217,0.041250,0.032000,0.027900,0.054117,0.026383,0.016600,0.012267,0.014100,0.014883,0.015417,0.015633,1.108212,6,6,6,6,6,6,6,6,6,6,6,6,6,-35.708300,147.949900,776.000000,lev15,Almucantar
Tumbarumba,14:03:2021,12:00:00,73,73.000000,0.066500,0.037400,0.026700,0.022400,0.055700,0.025500,0.014300,0.009800,0.010900,0.011800,0.012400,0.012600,1.340666,1,1,1,1,1,1,1,1,1,1,1,1,1,-35.708300,147.949900,776.000000,lev15,Almucantar
Tumbarumba,15:03:2021,12:00:00,74,74.000000,0.056508,0.035433,0.028667,0.025758,0.042158,0.019808,0.012417,0.009333,0.014317,0.015633,0.016258,0.016433,1.008127,12,12,12,12,12,12,12,12,12,12,12,12,12,-35.708300,147.949900,776.000000,lev15,Almucantar
Tumbarumba,16:03:2021,12:00:00,75,75.000000,0.040283,0.026583,0.021317,0.018700,0.033133,0.019167,0.013700,0.011017,0.007150,0.007400,0.007600,0.007717,0.936275,6,6,6,6,6,6,6,6,6,6,6,6,6,-35.708300,147.949900,776.000000,lev15,Almucantar
Tumbarumba,26:03:2021,12:00:00,85,85.000000,0.033600,0.025133,0.020967,0.018733,0.022967,0.013167,0.008433,0.006100,0.010633,0.011933,0.012533,0.012633,0.694529,3,3,3,3,3,3,3,3,3,3,3,3,3,-35.708300,147.949900,776.000000,lev15,Almucantar
Tumbarumba,28:03:2021,12:00:00,87,87.000000,0.043900,0.034367,0.030667,0.028767,0.024500,0.012400,0.007600,0.005500,0.019367,0.022000,0.023100,0.023267,0.532547,3,3,3,3,3,3,3,3,3,3,3,3,3,-35.708300,147.949900,776.000000,lev15,Almucantar
Tumbarumba,29:03:2021,12:00:00,88,88.000000,0.029133,0.020450,0.016533,0.014217,0.025733,0.016983,0.012967,0.010617,0.003367,0.003467,0.003567,0.003600,0.836237,6,6,6,6,6,6,6,6,6,6,6,6,6,-35.708300,147.949900,776.000000,lev15,Almucantar
Tumbarumba,30:03:2021,12:00:00,89,89.000000,0.034650,0.021550,0.017000,0.015000,0.029450,0.016000,0.011250,0.009150,0.005200,0.005550,0.005800,0.005850,1.052377,2,2,2,2,2,2,2,2,2,2,2,2,2,-35.708300,147.949900,776.000000,lev15,Almucantar
Tumbarumba,31:03:2021,12:00:00,90,90.000000,0.046050,0.029888,0.023838,0.020850,0.037863,0.021138,0.014713,0.011625,0.008213,0.008750,0.009112,0.009213,0.975167,8,8,8,8,8,8,8,8,8,8,8,8,8,-35.708300,147.949900,776.000000,lev15,Almucantar
Tumbarumba,01:04:2021,12:00:00,91,91.000000,0.053900,0.032445,0.025936,0.022991,0.041845,0.019318,0.012164,0.009045,0.012055,0.013127,0.013755,0.013964,1.086879,11,11,11,11,11,11,11,11,11,11,11,11,11,-35.708300,147.949900,776.000000,lev15,Almucantar
Tumbarumba,02:04:2021,12:00:00,92,92.000000,0.097050,0.044325,0.029700,0.024725,0.083525,0.029800,0.014575,0.009350,0.013475,0.014525,0.015100,0.015375,1.748404,4,4,4,4,4,4,4,4,4,4,4,4,4,-35.708300,147.949900,776.000000,lev15,Almucantar
Tumbarumba,05:04:2021,12:00:00,95,95.000000,0.127037,0.065725,0.049188,0.043387,0.100675,0.037200,0.019425,0.013250,0.026375,0.028525,0.029762,0.030150,1.413512,8,8,8,8,8,8,8,8,8,8,8,8,8,-35.708300,147.949900,776.000000,lev15,Almucantar
Tumbarumba,06:04:2021,12:00:00,96,96.000000,0.106625,0.055275,0.039975,0.033950,0.089850,0.036875,0.020475,0.014100,0.016775,0.018425,0.019450,0.019850,1.452050,4,4,4,4,4,4,4,4,4,4,4,4,4,-35.708300,147.949900,776.000000,lev15,Almucantar
Tumbarumba,07:04:2021,12:00:00,97,97.000000,0.099367,0.055133,0.042133,0.037267,0.078383,0.031683,0.017417,0.012167,0.020983,0.023450,0.024733,0.025150,1.255359,6,6,6,6,6,6,6,6,6,6,6,6,6,-35.708300,147.949900,776.000000,lev15,Almucantar
Tumbarumba,08:04:2021,12:00:00,98,98.000000,0.114812,0.056563,0.037725,0.030575,0.103200,0.043788,0.024200,0.016800,0.011612,0.012788,0.013538,0.013762,1.625035,8,8,8,8,8,8,8,8,8,8,8,8,8,-35.708300,147.949900,776.000000,lev15,Almucantar
Tumbarumba,09:04:2021,12:00:00,99,99.000000,0.034400,0.018980,0.014120,0.011960,0.029520,0.013940,0.008920,0.006760,0.004880,0.005040,0.005180,0.005180,1.269271,5,5,5,5,5,5,5,5,5,5,5,5,5,-35.708300,147.949900,776.000000,lev15,Almucantar
Tumbarumba,10:04:2021,12:00:00,100,100.000000,0.037900,0.028900,0.025300,0.023400,0.022500,0.011200,0.006700,0.004600,0.015500,0.017700,0.018600,0.018800,0.597748,1,1,1,1,1,1,1,1,1,1,1,1,1,-35.708300,147.949900,776.000000,lev15,Almucantar
Tumbarumba,12:04:2021,12:00:00,102,102.000000,0.053833,0.045367,0.040900,0.038433,0.027967,0.015733,0.010167,0.007767,0.025867,0.029600,0.030733,0.030700,0.402321,3,3,3,3,3,3,3,3,3,3,3,3,3,-35.708300,147.949900,776.000000,lev15,Almucantar
Tumbarumba,13:04:2021,12:00:00,103,103.000000,0.086700,0.042500,0.030200,0.025200,0.076700,0.031100,0.018300,0.013200,0.010000,0.011400,0.011900,0.011900,1.561164,1,1,1,1,1,1,1,1,1,1,1,1,1,-35.708300,147.949900,776.000000,lev15,Almucantar
Tumbarumba,15:04:2021,12:00:00,105,105.000000,0.067050,0.058850,0.055600,0.054000,0.027400,0.014500,0.008800,0.006550,0.039750,0.044350,0.046800,0.047450,0.267948,2,2,2,2,2,2,2,2,2,2,2,2,2,-35.708300,147.949900,776.000000,lev15,Almucantar
Tumbarumba,16:04:2021,12:00:00,106,106.000000,0.064650,0.038900,0.031500,0.028000,0.051750,0.024800,0.016450,0.012600,0.012950,0.014150,0.015050,0.015400,1.069517,2,2,2,2,2,2,2,2,2,2,2,2,2,-35.708300,147.949900,776.000000,lev15,Almucantar
Tumbarumba,17:04:2021,12:00:00,107,107.000000,0.090133,0.054850,0.044900,0.040833,0.066783,0.028917,0.017500,0.013050,0.023367,0.025933,0.027400,0.027767,1.035655,6,6,6,6,6,6,6,6,6,6,6,6,6,-35.708300,147.949900,776.000000,lev15,Almucantar
Tumbarumba,18:04:2021,12:00:00,108,108.000000,0.111217,0.063433,0.048817,0.042867,0.088467,0.038333,0.022400,0.016150,0.022767,0.025133,0.026383,0.026750,1.221964,6,6,6,6,6,6,6,6,6,6,6,6,6,-35.708300,147.949900,776.000000,lev15,Almucantar
Tumbarumba,21:04:2021,12:00:00,111,111.000000,0.067067,0.044767,0.035700,0.031500,0.060833,0.038333,0.029200,0.025000,0.006233,0.006400,0.006500,0.006500,0.906273,3,3,3,3,3,3,3,3,3,3,3,3,3,-35.708300,147.949900,776.000000,lev15,Almucantar
Tumbarumba,25:04:2021,12:00:00,115,115.000000,0.050050,0.033100,0.027425,0.023975,0.041200,0.023400,0.017400,0.013825,0.008900,0.009700,0.010050,0.010125,0.891379,4,4,4,4,4,4,4,4,4,4,4,4,4,-35.708300,147.949900,776.000000,lev15,Almucantar
Tumbarumba,26:04:2021,12:00:00,116,116.000000,0.042325,0.029900,0.026600,0.023075,0.035250,0.022375,0.018825,0.015275,0.007075,0.007525,0.007725,0.007825,0.701438,4,4,4,4,4,4,4,4,4,4,4,4,4,-35.708300,147.949900,776.000000,lev15,Almucantar
Tumbarumba,28:04:2021,12:00:00,118,118.000000,0.175400,0.082600,0.053800,0.041700,0.167000,0.073900,0.044800,0.032500,0.008400,0.008700,0.009000,0.009200,1.738146,1,1,1,1,1,1,1,1,1,1,1,1,1,-35.708300,147.949900,776.000000,lev15,Almucantar
Tumbarumba,29:04:2021,12:00:00,119,119.000000,0.146080,0.077940,0.056900,0.047460,0.129100,0.060360,0.038780,0.029060,0.016960,0.017580,0.018100,0.018380,1.371836,5,5,5,5,5,5,5,5,5,5,5,5,5,-35.708300,147.949900,776.000000,lev15,Almucantar
Tumbarumba,30:04:2021,12:00:00,120,120.000000,0.459183,0.199917,0.125350,0.096383,0.432717,0.172300,0.096683,0.067167,0.026433,0.027633,0.028683,0.029250,1.908772,6,6,6,6,6,6,6,6,6,6,6,6,6,-35.708300,147.949900,776.000000,lev15,Almucantar
Tumbarumba,02:05:2021,12:00:00,122,122.000000,0.090300,0.049700,0.038400,0.032900,0.080700,0.039700,0.028200,0.022600,0.009600,0.009900,0.010200,0.010300,1.270488,1,1,1,1,1,1,1,1,1,1,1,1,1,-35.708300,147.949900,776.000000,lev15,Almucantar
Tumbarumba,07:05:2021,12:00:00,127,127.000000,0.078000,0.040400,0.031500,0.026900,0.070200,0.032400,0.023200,0.018400,0.007800,0.008100,0.008400,0.008500,1.353293,1,1,1,1,1,1,1,1,1,1,1,1,1,-35.708300,147.949900,776.000000,lev15,Almucantar
Tumbarumba,09:05:2021,12:00:00,129,129.000000,0.063700,0.048200,0.043500,0.041300,0.037200,0.019700,0.013200,0.010000,0.026600,0.028500,0.030300,0.031300,0.569792,1,1,1,1,1,1,1,1,1,1,1,1,1,-35.708300,147.949900,776.000000,lev15,Almucantar
Tumbarumba,18:05:2021,12:00:00,138,138.000000,0.086833,0.042700,0.031733,0.027100,0.075100,0.029833,0.018467,0.013767,0.011733,0.012900,0.013233,0.013333,1.480591,3,3,3,3,3,3,3,3,3,3,3,3,3,-35.708300,147.949900,776.000000,lev15,Almucantar
Tumbarumba,19:05:2021,12:00:00,139,139.000000,0.078900,0.042700,0.029600,0.024400,0.068300,0.031800,0.018300,0.013000,0.010500,0.010900,0.011300,0.011400,1.439304,1,1,1,1,1,1,1,1,1,1,1,1,1,-35.708300,147.949900,776.000000,lev15,Almucantar
