AERONET Data Download (Version 3 Direct Sun and Inversion Algorithms)
AERONET Version 3
Tumbarumba
Version 3: Almucantar Level 1.5 Inversion
The following data are cloud cleared and quality controls have been applied but these data may not have final calibration applied.  These data may change.
Daily Averages,Contact: PI=Ian_Lau; PI Email=ian.lau@csiro.au 
AERONET_AERONET_Site,Date(dd:mm:yyyy),Time(hh:mm:ss),Day_of_Year,Day_of_Year(fraction),AOD_Extinction-Total[440nm],AOD_Extinction-Total[675nm],AOD_Extinction-Total[870nm],AOD_Extinction-Total[1020nm],AOD_Extinction-Fine[440nm],AOD_Extinction-Fine[675nm],AOD_Extinction-Fine[870nm],AOD_Extinction-Fine[1020nm],AOD_Extinction-Coarse[440nm],AOD_Extinction-Coarse[675nm],AOD_Extinction-Coarse[870nm],AOD_Extinction-Coarse[1020nm],Extinction_Angstrom_Exponent_440-870nm-Total,N[AOD_Extinction-Total[440nm]],N[AOD_Extinction-Total[675nm]],N[AOD_Extinction-Total[870nm]],N[AOD_Extinction-Total[1020nm]],N[AOD_Extinction-Fine[440nm]],N[AOD_Extinction-Fine[675nm]],N[AOD_Extinction-Fine[870nm]],N[AOD_Extinction-Fine[1020nm]],N[AOD_Extinction-Coarse[440nm]],N[AOD_Extinction-Coarse[675nm]],N[AOD_Extinction-Coarse[870nm]],N[AOD_Extinction-Coarse[1020nm]],N[Extinction_Angstrom_Exponent_440-870nm-Total],Latitude(Degrees),Longitude(Degrees),Elevation(m),Level,Retrieval_Measurement_Scan_Type
Tumbarumba,25:07:2019,12:00:00,206,206.000000,0.034314,0.022471,0.017357,0.015257,0.028257,0.015600,0.010129,0.008014,0.006029,0.006871,0.007214,0.007286,1.003310,7,7,7,7,7,7,7,7,7,7,7,7,7,-35.708300,147.949900,776.000000,lev15,Almucantar
Tumbarumba,28:07:2019,12:00:00,209,209.000000,0.055400,0.036633,0.028233,0.024400,0.045000,0.024700,0.015300,0.011100,0.010400,0.011933,0.012933,0.013300,1.017680,3,3,3,3,3,3,3,3,3,3,3,3,3,-35.708300,147.949900,776.000000,lev15,Almucantar
Tumbarumba,31:07:2019,12:00:00,212,212.000000,0.051625,0.027650,0.018900,0.015100,0.049000,0.024875,0.015950,0.012025,0.002625,0.002825,0.002975,0.003050,1.472330,4,4,4,4,4,4,4,4,4,4,4,4,4,-35.708300,147.949900,776.000000,lev15,Almucantar
Tumbarumba,01:08:2019,12:00:00,213,213.000000,0.051275,0.027950,0.019100,0.015375,0.047700,0.024075,0.014975,0.011175,0.003575,0.003875,0.004125,0.004225,1.446640,4,4,4,4,4,4,4,4,4,4,4,4,4,-35.708300,147.949900,776.000000,lev15,Almucantar
Tumbarumba,02:08:2019,12:00:00,214,214.000000,0.058800,0.031500,0.021300,0.016900,0.055375,0.027850,0.017375,0.012875,0.003450,0.003675,0.003925,0.004050,1.487646,4,4,4,4,4,4,4,4,4,4,4,4,4,-35.708300,147.949900,776.000000,lev15,Almucantar
Tumbarumba,03:08:2019,12:00:00,215,215.000000,0.067500,0.037300,0.023900,0.018200,0.066000,0.035700,0.022300,0.016600,0.001500,0.001500,0.001600,0.001700,1.510171,1,1,1,1,1,1,1,1,1,1,1,1,1,-35.708300,147.949900,776.000000,lev15,Almucantar
Tumbarumba,06:08:2019,12:00:00,218,218.000000,0.065575,0.032725,0.021450,0.016775,0.061375,0.028050,0.016500,0.011700,0.004200,0.004650,0.004975,0.005075,1.639310,4,4,4,4,4,4,4,4,4,4,4,4,4,-35.708300,147.949900,776.000000,lev15,Almucantar
Tumbarumba,12:08:2019,12:00:00,224,224.000000,0.065433,0.036167,0.022533,0.016833,0.063300,0.033867,0.020033,0.014267,0.002167,0.002333,0.002500,0.002567,1.542038,3,3,3,3,3,3,3,3,3,3,3,3,3,-35.708300,147.949900,776.000000,lev15,Almucantar
Tumbarumba,13:08:2019,12:00:00,225,225.000000,0.035900,0.022600,0.016500,0.013900,0.030700,0.016600,0.010200,0.007500,0.005300,0.006000,0.006400,0.006400,1.135323,1,1,1,1,1,1,1,1,1,1,1,1,1,-35.708300,147.949900,776.000000,lev15,Almucantar
Tumbarumba,15:08:2019,12:00:00,227,227.000000,0.055200,0.030900,0.022600,0.019100,0.047200,0.021900,0.013100,0.009400,0.008100,0.009000,0.009500,0.009700,1.316162,1,1,1,1,1,1,1,1,1,1,1,1,1,-35.708300,147.949900,776.000000,lev15,Almucantar
Tumbarumba,17:08:2019,12:00:00,229,229.000000,0.044683,0.021950,0.015083,0.012033,0.042917,0.020017,0.013050,0.009967,0.001767,0.001933,0.002050,0.002067,1.602110,6,6,6,6,6,6,6,6,6,6,6,6,6,-35.708300,147.949900,776.000000,lev15,Almucantar
Tumbarumba,23:08:2019,12:00:00,235,235.000000,0.032433,0.017533,0.013133,0.011283,0.029400,0.014067,0.009467,0.007517,0.003017,0.003483,0.003667,0.003717,1.339201,6,6,6,6,6,6,6,6,6,6,6,6,6,-35.708300,147.949900,776.000000,lev15,Almucantar
Tumbarumba,24:08:2019,12:00:00,236,236.000000,0.049180,0.034500,0.030320,0.028620,0.031940,0.014780,0.009440,0.007380,0.017240,0.019680,0.020900,0.021220,0.725028,5,5,5,5,5,5,5,5,5,5,5,5,5,-35.708300,147.949900,776.000000,lev15,Almucantar
Tumbarumba,25:08:2019,12:00:00,237,237.000000,0.049275,0.025650,0.017600,0.014500,0.043675,0.019250,0.010800,0.007650,0.005600,0.006375,0.006725,0.006850,1.528506,4,4,4,4,4,4,4,4,4,4,4,4,4,-35.708300,147.949900,776.000000,lev15,Almucantar
Tumbarumba,26:08:2019,12:00:00,238,238.000000,0.068600,0.038100,0.028250,0.024550,0.055150,0.023350,0.012600,0.008500,0.013500,0.014700,0.015650,0.016100,1.310435,2,2,2,2,2,2,2,2,2,2,2,2,2,-35.708300,147.949900,776.000000,lev15,Almucantar
Tumbarumba,27:08:2019,12:00:00,239,239.000000,0.080500,0.040900,0.028000,0.023000,0.069900,0.029000,0.015400,0.010200,0.010600,0.011800,0.012600,0.012800,1.554239,1,1,1,1,1,1,1,1,1,1,1,1,1,-35.708300,147.949900,776.000000,lev15,Almucantar
Tumbarumba,28:08:2019,12:00:00,240,240.000000,0.054400,0.025900,0.015600,0.011500,0.051900,0.023200,0.012800,0.008700,0.002500,0.002600,0.002800,0.002800,1.823876,1,1,1,1,1,1,1,1,1,1,1,1,1,-35.708300,147.949900,776.000000,lev15,Almucantar
Tumbarumba,29:08:2019,12:00:00,241,241.000000,0.038700,0.022400,0.016150,0.013650,0.034000,0.017250,0.010600,0.007950,0.004700,0.005150,0.005550,0.005800,1.284570,2,2,2,2,2,2,2,2,2,2,2,2,2,-35.708300,147.949900,776.000000,lev15,Almucantar
Tumbarumba,30:08:2019,12:00:00,242,242.000000,0.047640,0.026620,0.018520,0.015260,0.043120,0.021820,0.013460,0.010080,0.004520,0.004740,0.005040,0.005200,1.384084,5,5,5,5,5,5,5,5,5,5,5,5,5,-35.708300,147.949900,776.000000,lev15,Almucantar
Tumbarumba,31:08:2019,12:00:00,243,243.000000,0.051100,0.025183,0.015800,0.011967,0.049883,0.023917,0.014500,0.010650,0.001183,0.001250,0.001283,0.001317,1.717960,6,6,6,6,6,6,6,6,6,6,6,6,6,-35.708300,147.949900,776.000000,lev15,Almucantar
Tumbarumba,02:09:2019,12:00:00,245,245.000000,0.042333,0.023900,0.016967,0.013633,0.040967,0.022500,0.015500,0.012100,0.001333,0.001400,0.001467,0.001533,1.342650,3,3,3,3,3,3,3,3,3,3,3,3,3,-35.708300,147.949900,776.000000,lev15,Almucantar
Tumbarumba,03:09:2019,12:00:00,246,246.000000,0.053500,0.035040,0.028940,0.026340,0.037100,0.017280,0.010320,0.007360,0.016440,0.017760,0.018640,0.018980,0.914564,5,5,5,5,5,5,5,5,5,5,5,5,5,-35.708300,147.949900,776.000000,lev15,Almucantar
Tumbarumba,04:09:2019,12:00:00,247,247.000000,0.069700,0.039200,0.029700,0.025800,0.056200,0.024500,0.014400,0.010100,0.013500,0.014700,0.015400,0.015700,1.262506,1,1,1,1,1,1,1,1,1,1,1,1,1,-35.708300,147.949900,776.000000,lev15,Almucantar
Tumbarumba,10:09:2019,12:00:00,253,253.000000,0.067371,0.038600,0.026300,0.021271,0.061086,0.031543,0.018671,0.013486,0.006300,0.007086,0.007600,0.007786,1.375987,7,7,7,7,7,7,7,7,7,7,7,7,7,-35.708300,147.949900,776.000000,lev15,Almucantar
Tumbarumba,11:09:2019,12:00:00,254,254.000000,0.060511,0.035367,0.025956,0.021844,0.051544,0.025500,0.015489,0.011133,0.008956,0.009878,0.010478,0.010678,1.247606,9,9,9,9,9,9,9,9,9,9,9,9,9,-35.708300,147.949900,776.000000,lev15,Almucantar
Tumbarumba,13:09:2019,12:00:00,256,256.000000,0.057000,0.031633,0.021800,0.017733,0.052300,0.026667,0.016500,0.012200,0.004700,0.004933,0.005333,0.005467,1.404062,3,3,3,3,3,3,3,3,3,3,3,3,3,-35.708300,147.949900,776.000000,lev15,Almucantar
Tumbarumba,14:09:2019,12:00:00,257,257.000000,0.052822,0.029189,0.020633,0.017167,0.045911,0.021600,0.012589,0.008944,0.006900,0.007578,0.008056,0.008244,1.392497,9,9,9,9,9,9,9,9,9,9,9,9,9,-35.708300,147.949900,776.000000,lev15,Almucantar
Tumbarumba,18:09:2019,12:00:00,261,261.000000,0.048775,0.025350,0.017275,0.014063,0.045350,0.021637,0.013362,0.010025,0.003425,0.003713,0.003925,0.004025,1.497422,8,8,8,8,8,8,8,8,8,8,8,8,8,-35.708300,147.949900,776.000000,lev15,Almucantar
Tumbarumba,19:09:2019,12:00:00,262,262.000000,0.068033,0.036200,0.024600,0.019833,0.062033,0.029767,0.017733,0.012733,0.006000,0.006467,0.006867,0.007067,1.490091,3,3,3,3,3,3,3,3,3,3,3,3,3,-35.708300,147.949900,776.000000,lev15,Almucantar
Tumbarumba,20:09:2019,12:00:00,263,263.000000,0.107480,0.060680,0.043860,0.036980,0.091420,0.042980,0.024840,0.017360,0.016060,0.017720,0.019020,0.019620,1.320079,5,5,5,5,5,5,5,5,5,5,5,5,5,-35.708300,147.949900,776.000000,lev15,Almucantar
Tumbarumba,22:09:2019,12:00:00,265,265.000000,0.042200,0.023300,0.016750,0.013600,0.040300,0.021300,0.014650,0.011450,0.001950,0.002050,0.002150,0.002150,1.366157,2,2,2,2,2,2,2,2,2,2,2,2,2,-35.708300,147.949900,776.000000,lev15,Almucantar
Tumbarumba,23:09:2019,12:00:00,266,266.000000,0.046200,0.024800,0.015700,0.011800,0.045000,0.023600,0.014400,0.010500,0.001200,0.001200,0.001300,0.001300,1.571273,1,1,1,1,1,1,1,1,1,1,1,1,1,-35.708300,147.949900,776.000000,lev15,Almucantar
Tumbarumba,24:09:2019,12:00:00,267,267.000000,0.037125,0.021225,0.015225,0.012725,0.033975,0.017750,0.011500,0.008925,0.003175,0.003450,0.003725,0.003825,1.309548,4,4,4,4,4,4,4,4,4,4,4,4,4,-35.708300,147.949900,776.000000,lev15,Almucantar
Tumbarumba,25:09:2019,12:00:00,268,268.000000,0.080850,0.043083,0.028067,0.021983,0.075533,0.037417,0.022033,0.015733,0.005317,0.005683,0.006050,0.006250,1.537462,6,6,6,6,6,6,6,6,6,6,6,6,6,-35.708300,147.949900,776.000000,lev15,Almucantar
Tumbarumba,27:09:2019,12:00:00,270,270.000000,0.152700,0.100950,0.080150,0.070300,0.133100,0.080250,0.058800,0.048750,0.019600,0.020700,0.021350,0.021550,1.026266,2,2,2,2,2,2,2,2,2,2,2,2,2,-35.708300,147.949900,776.000000,lev15,Almucantar
Tumbarumba,28:09:2019,12:00:00,271,271.000000,0.140014,0.069886,0.043471,0.033100,0.131586,0.060429,0.033314,0.022600,0.008443,0.009471,0.010200,0.010500,1.693500,7,7,7,7,7,7,7,7,7,7,7,7,7,-35.708300,147.949900,776.000000,lev15,Almucantar
Tumbarumba,29:09:2019,12:00:00,272,272.000000,0.109733,0.061175,0.042942,0.036283,0.092925,0.042517,0.023000,0.015917,0.016792,0.018658,0.019925,0.020358,1.365471,12,12,12,12,12,12,12,12,12,12,12,12,12,-35.708300,147.949900,776.000000,lev15,Almucantar
Tumbarumba,30:09:2019,12:00:00,273,273.000000,0.055837,0.030950,0.021300,0.017587,0.049500,0.024038,0.013862,0.009925,0.006325,0.006925,0.007425,0.007663,1.435200,8,8,8,8,8,8,8,8,8,8,8,8,8,-35.708300,147.949900,776.000000,lev15,Almucantar
Tumbarumba,01:10:2019,12:00:00,274,274.000000,0.116600,0.063630,0.045510,0.038750,0.097240,0.042380,0.022950,0.015750,0.019350,0.021260,0.022560,0.022990,1.384110,10,10,10,10,10,10,10,10,10,10,10,10,10,-35.708300,147.949900,776.000000,lev15,Almucantar
Tumbarumba,02:10:2019,12:00:00,275,275.000000,0.120560,0.066620,0.049880,0.043400,0.095060,0.039060,0.021200,0.014260,0.025520,0.027540,0.028700,0.029140,1.314849,5,5,5,5,5,5,5,5,5,5,5,5,5,-35.708300,147.949900,776.000000,lev15,Almucantar
Tumbarumba,03:10:2019,12:00:00,276,276.000000,0.135855,0.080655,0.061864,0.054491,0.103582,0.046064,0.025636,0.017518,0.032282,0.034573,0.036236,0.036945,1.166247,11,11,11,11,11,11,11,11,11,11,11,11,11,-35.708300,147.949900,776.000000,lev15,Almucantar
Tumbarumba,04:10:2019,12:00:00,277,277.000000,0.084067,0.042833,0.028933,0.023700,0.074867,0.032567,0.017967,0.012467,0.009167,0.010233,0.010933,0.011233,1.566735,3,3,3,3,3,3,3,3,3,3,3,3,3,-35.708300,147.949900,776.000000,lev15,Almucantar
Tumbarumba,08:10:2019,12:00:00,281,281.000000,0.078467,0.048100,0.035133,0.030733,0.061200,0.028767,0.014833,0.010300,0.017233,0.019367,0.020333,0.020433,1.174269,3,3,3,3,3,3,3,3,3,3,3,3,3,-35.708300,147.949900,776.000000,lev15,Almucantar
Tumbarumba,09:10:2019,12:00:00,282,282.000000,0.060613,0.032475,0.021700,0.017463,0.055288,0.026562,0.015387,0.010988,0.005338,0.005925,0.006313,0.006475,1.500504,8,8,8,8,8,8,8,8,8,8,8,8,8,-35.708300,147.949900,776.000000,lev15,Almucantar
Tumbarumba,10:10:2019,12:00:00,283,283.000000,0.086788,0.044750,0.030450,0.025413,0.075987,0.032650,0.017525,0.012250,0.010825,0.012125,0.012938,0.013187,1.532985,8,8,8,8,8,8,8,8,8,8,8,8,8,-35.708300,147.949900,776.000000,lev15,Almucantar
Tumbarumba,13:10:2019,12:00:00,286,286.000000,0.059450,0.030600,0.019900,0.015600,0.055150,0.025950,0.015050,0.010700,0.004200,0.004600,0.004850,0.004900,1.601814,2,2,2,2,2,2,2,2,2,2,2,2,2,-35.708300,147.949900,776.000000,lev15,Almucantar
Tumbarumba,15:10:2019,12:00:00,288,288.000000,0.084000,0.051400,0.041357,0.037529,0.058586,0.024400,0.013243,0.008957,0.025414,0.027014,0.028086,0.028557,1.056616,7,7,7,7,7,7,7,7,7,7,7,7,7,-35.708300,147.949900,776.000000,lev15,Almucantar
Tumbarumba,18:10:2019,12:00:00,291,291.000000,0.047771,0.028143,0.021043,0.018243,0.040286,0.019643,0.012000,0.009014,0.007500,0.008471,0.009043,0.009214,1.210003,7,7,7,7,7,7,7,7,7,7,7,7,7,-35.708300,147.949900,776.000000,lev15,Almucantar
Tumbarumba,19:10:2019,12:00:00,292,292.000000,0.055400,0.037600,0.031200,0.028500,0.039500,0.020400,0.012500,0.009000,0.015800,0.017200,0.018700,0.019600,0.849802,1,1,1,1,1,1,1,1,1,1,1,1,1,-35.708300,147.949900,776.000000,lev15,Almucantar
Tumbarumba,20:10:2019,12:00:00,293,293.000000,0.049900,0.030580,0.023020,0.020400,0.039420,0.018480,0.010120,0.007420,0.010500,0.012080,0.012920,0.013000,1.136773,5,5,5,5,5,5,5,5,5,5,5,5,5,-35.708300,147.949900,776.000000,lev15,Almucantar
Tumbarumba,21:10:2019,12:00:00,294,294.000000,0.050360,0.026920,0.019100,0.016200,0.043260,0.019100,0.010880,0.007820,0.007100,0.007800,0.008240,0.008400,1.428409,5,5,5,5,5,5,5,5,5,5,5,5,5,-35.708300,147.949900,776.000000,lev15,Almucantar
Tumbarumba,22:10:2019,12:00:00,295,295.000000,0.045950,0.024750,0.017820,0.015250,0.039660,0.018080,0.010800,0.008100,0.006290,0.006680,0.007010,0.007170,1.397045,10,10,10,10,10,10,10,10,10,10,10,10,10,-35.708300,147.949900,776.000000,lev15,Almucantar
Tumbarumba,23:10:2019,12:00:00,296,296.000000,0.058580,0.031800,0.023270,0.020080,0.048290,0.020880,0.011890,0.008500,0.010270,0.010910,0.011400,0.011560,1.372915,10,10,10,10,10,10,10,10,10,10,10,10,10,-35.708300,147.949900,776.000000,lev15,Almucantar
Tumbarumba,24:10:2019,12:00:00,297,297.000000,0.064725,0.036863,0.028150,0.024912,0.049850,0.020887,0.011462,0.007963,0.014863,0.015975,0.016688,0.016962,1.229598,8,8,8,8,8,8,8,8,8,8,8,8,8,-35.708300,147.949900,776.000000,lev15,Almucantar
Tumbarumba,26:10:2019,12:00:00,299,299.000000,0.062600,0.047300,0.041800,0.039400,0.034500,0.016800,0.009900,0.007100,0.028100,0.030500,0.031900,0.032300,0.599635,1,1,1,1,1,1,1,1,1,1,1,1,1,-35.708300,147.949900,776.000000,lev15,Almucantar
Tumbarumba,27:10:2019,12:00:00,300,300.000000,0.060760,0.040380,0.032680,0.030040,0.043200,0.020380,0.011520,0.008660,0.017520,0.020040,0.021200,0.021400,0.927839,5,5,5,5,5,5,5,5,5,5,5,5,5,-35.708300,147.949900,776.000000,lev15,Almucantar
Tumbarumba,28:10:2019,12:00:00,301,301.000000,0.036140,0.021780,0.015920,0.013740,0.030520,0.015500,0.009240,0.006960,0.005600,0.006300,0.006700,0.006800,1.191340,5,5,5,5,5,5,5,5,5,5,5,5,5,-35.708300,147.949900,776.000000,lev15,Almucantar
Tumbarumba,29:10:2019,12:00:00,302,302.000000,0.102967,0.055217,0.042233,0.037350,0.080700,0.031300,0.017200,0.011800,0.022283,0.023933,0.025050,0.025550,1.294089,6,6,6,6,6,6,6,6,6,6,6,6,6,-35.708300,147.949900,776.000000,lev15,Almucantar
Tumbarumba,31:10:2019,12:00:00,304,304.000000,0.092800,0.056325,0.045750,0.041875,0.064400,0.026013,0.014275,0.009875,0.028437,0.030300,0.031512,0.031988,1.051055,8,8,8,8,8,8,8,8,8,8,8,8,8,-35.708300,147.949900,776.000000,lev15,Almucantar
Tumbarumba,01:11:2019,12:00:00,305,305.000000,0.198140,0.109160,0.082080,0.072020,0.154100,0.062120,0.033020,0.022080,0.044040,0.047020,0.049080,0.049940,1.303791,5,5,5,5,5,5,5,5,5,5,5,5,5,-35.708300,147.949900,776.000000,lev15,Almucantar
Tumbarumba,06:11:2019,12:00:00,310,310.000000,0.046250,0.032800,0.027500,0.025550,0.030900,0.015450,0.008750,0.006500,0.015350,0.017350,0.018700,0.019050,0.767696,2,2,2,2,2,2,2,2,2,2,2,2,2,-35.708300,147.949900,776.000000,lev15,Almucantar
Tumbarumba,11:11:2019,12:00:00,315,315.000000,0.068812,0.042400,0.034175,0.031363,0.049437,0.021100,0.011550,0.008300,0.019388,0.021288,0.022637,0.023062,1.068684,8,8,8,8,8,8,8,8,8,8,8,8,8,-35.708300,147.949900,776.000000,lev15,Almucantar
Tumbarumba,12:11:2019,12:00:00,316,316.000000,0.054500,0.043300,0.038833,0.036767,0.029967,0.016333,0.010333,0.007700,0.024533,0.027033,0.028567,0.029067,0.501541,3,3,3,3,3,3,3,3,3,3,3,3,3,-35.708300,147.949900,776.000000,lev15,Almucantar
Tumbarumba,13:11:2019,12:00:00,317,317.000000,0.057767,0.043911,0.038667,0.036322,0.032278,0.014956,0.008400,0.005856,0.025478,0.028933,0.030278,0.030478,0.625316,9,9,9,9,9,9,9,9,9,9,9,9,9,-35.708300,147.949900,776.000000,lev15,Almucantar
Tumbarumba,15:11:2019,12:00:00,319,319.000000,0.058400,0.035600,0.027800,0.024800,0.042300,0.018500,0.010100,0.006800,0.016200,0.017100,0.017700,0.018000,1.097130,1,1,1,1,1,1,1,1,1,1,1,1,1,-35.708300,147.949900,776.000000,lev15,Almucantar
Tumbarumba,16:11:2019,12:00:00,320,320.000000,0.033650,0.019250,0.013650,0.011825,0.027375,0.012050,0.006075,0.004225,0.006250,0.007175,0.007575,0.007600,1.328508,4,4,4,4,4,4,4,4,4,4,4,4,4,-35.708300,147.949900,776.000000,lev15,Almucantar
Tumbarumba,17:11:2019,12:00:00,321,321.000000,0.043300,0.028533,0.022433,0.020300,0.032233,0.015933,0.009033,0.006633,0.011100,0.012567,0.013367,0.013633,0.982823,3,3,3,3,3,3,3,3,3,3,3,3,3,-35.708300,147.949900,776.000000,lev15,Almucantar
Tumbarumba,18:11:2019,12:00:00,322,322.000000,0.048920,0.030840,0.026040,0.024240,0.032400,0.013020,0.007520,0.005440,0.016540,0.017820,0.018500,0.018780,0.942974,5,5,5,5,5,5,5,5,5,5,5,5,5,-35.708300,147.949900,776.000000,lev15,Almucantar
Tumbarumba,19:11:2019,12:00:00,323,323.000000,0.055471,0.037843,0.032571,0.030500,0.034500,0.015214,0.008943,0.006443,0.020986,0.022614,0.023614,0.024043,0.792790,7,7,7,7,7,7,7,7,7,7,7,7,7,-35.708300,147.949900,776.000000,lev15,Almucantar
Tumbarumba,20:11:2019,12:00:00,324,324.000000,0.065625,0.038800,0.029425,0.026075,0.051650,0.023300,0.013100,0.009450,0.013975,0.015525,0.016350,0.016625,1.191194,4,4,4,4,4,4,4,4,4,4,4,4,4,-35.708300,147.949900,776.000000,lev15,Almucantar
Tumbarumba,21:11:2019,12:00:00,325,325.000000,0.109650,0.067250,0.055700,0.051525,0.077550,0.031775,0.017900,0.012925,0.032125,0.035500,0.037825,0.038600,1.011745,4,4,4,4,4,4,4,4,4,4,4,4,4,-35.708300,147.949900,776.000000,lev15,Almucantar
Tumbarumba,22:11:2019,12:00:00,326,326.000000,0.458550,0.422350,0.409050,0.402850,0.137200,0.077700,0.048300,0.035100,0.321400,0.344650,0.360750,0.367750,0.177332,2,2,2,2,2,2,2,2,2,2,2,2,2,-35.708300,147.949900,776.000000,lev15,Almucantar
Tumbarumba,23:11:2019,12:00:00,327,327.000000,0.108900,0.089550,0.083850,0.081700,0.045375,0.021475,0.012575,0.008850,0.063550,0.068075,0.071225,0.072800,0.480550,4,4,4,4,4,4,4,4,4,4,4,4,4,-35.708300,147.949900,776.000000,lev15,Almucantar
Tumbarumba,24:11:2019,12:00:00,328,328.000000,0.109911,0.064533,0.048900,0.042922,0.085544,0.038100,0.021056,0.014533,0.024344,0.026456,0.027811,0.028356,1.200438,9,9,9,9,9,9,9,9,9,9,9,9,9,-35.708300,147.949900,776.000000,lev15,Almucantar
Tumbarumba,25:11:2019,12:00:00,329,329.000000,0.079800,0.054220,0.042940,0.038360,0.058060,0.031180,0.018860,0.013840,0.021680,0.023020,0.024040,0.024500,0.911015,5,5,5,5,5,5,5,5,5,5,5,5,5,-35.708300,147.949900,776.000000,lev15,Almucantar
Tumbarumba,27:11:2019,12:00:00,331,331.000000,0.030343,0.017957,0.013357,0.011571,0.025600,0.012900,0.008057,0.006186,0.004714,0.005071,0.005286,0.005371,1.235905,7,7,7,7,7,7,7,7,7,7,7,7,7,-35.708300,147.949900,776.000000,lev15,Almucantar
Tumbarumba,28:11:2019,12:00:00,332,332.000000,0.058883,0.037667,0.029000,0.025767,0.043900,0.021567,0.012167,0.008650,0.014967,0.016117,0.016850,0.017100,1.067101,6,6,6,6,6,6,6,6,6,6,6,6,6,-35.708300,147.949900,776.000000,lev15,Almucantar
Tumbarumba,29:11:2019,12:00:00,333,333.000000,0.078200,0.053700,0.045580,0.042320,0.048920,0.022400,0.012980,0.009160,0.029300,0.031340,0.032600,0.033160,0.799943,5,5,5,5,5,5,5,5,5,5,5,5,5,-35.708300,147.949900,776.000000,lev15,Almucantar
Tumbarumba,30:11:2019,12:00:00,334,334.000000,0.069500,0.044500,0.036300,0.033100,0.047000,0.020500,0.011300,0.007700,0.022500,0.024000,0.025000,0.025400,0.963143,1,1,1,1,1,1,1,1,1,1,1,1,1,-35.708300,147.949900,776.000000,lev15,Almucantar
Tumbarumba,01:12:2019,12:00:00,335,335.000000,0.051550,0.030700,0.023050,0.020550,0.039000,0.016900,0.008500,0.005800,0.012550,0.013800,0.014550,0.014800,1.184272,2,2,2,2,2,2,2,2,2,2,2,2,2,-35.708300,147.949900,776.000000,lev15,Almucantar
Tumbarumba,04:12:2019,12:00:00,338,338.000000,0.058313,0.041600,0.034663,0.032275,0.037600,0.017962,0.009737,0.007188,0.020687,0.023625,0.024962,0.025100,0.769920,8,8,8,8,8,8,8,8,8,8,8,8,8,-35.708300,147.949900,776.000000,lev15,Almucantar
Tumbarumba,05:12:2019,12:00:00,339,339.000000,0.045380,0.027120,0.018740,0.015860,0.039400,0.020780,0.011880,0.008780,0.005960,0.006340,0.006840,0.007060,1.288323,5,5,5,5,5,5,5,5,5,5,5,5,5,-35.708300,147.949900,776.000000,lev15,Almucantar
Tumbarumba,07:12:2019,12:00:00,341,341.000000,0.041260,0.025200,0.019300,0.016920,0.034840,0.018340,0.012140,0.009660,0.006420,0.006840,0.007140,0.007260,1.118842,5,5,5,5,5,5,5,5,5,5,5,5,5,-35.708300,147.949900,776.000000,lev15,Almucantar
Tumbarumba,08:12:2019,12:00:00,342,342.000000,0.075686,0.039357,0.027400,0.023100,0.069700,0.033114,0.020814,0.016343,0.006000,0.006271,0.006614,0.006786,1.591176,7,7,7,7,7,7,7,7,7,7,7,7,7,-35.708300,147.949900,776.000000,lev15,Almucantar
Tumbarumba,09:12:2019,12:00:00,343,343.000000,0.847700,0.411200,0.249440,0.184300,0.822040,0.384680,0.222280,0.156700,0.025700,0.026560,0.027180,0.027620,1.675033,5,5,5,5,5,5,5,5,5,5,5,5,5,-35.708300,147.949900,776.000000,lev15,Almucantar
Tumbarumba,10:12:2019,12:00:00,344,344.000000,0.176922,0.104611,0.079256,0.069133,0.137233,0.061978,0.034644,0.023711,0.039689,0.042656,0.044611,0.045433,1.104127,9,9,9,9,9,9,9,9,9,9,9,9,9,-35.708300,147.949900,776.000000,lev15,Almucantar
Tumbarumba,11:12:2019,12:00:00,345,345.000000,0.173200,0.081614,0.052457,0.041971,0.156086,0.063114,0.032871,0.021843,0.017171,0.018457,0.019571,0.020129,1.694079,7,7,7,7,7,7,7,7,7,7,7,7,7,-35.708300,147.949900,776.000000,lev15,Almucantar
Tumbarumba,12:12:2019,12:00:00,346,346.000000,0.146175,0.077737,0.053825,0.044313,0.126925,0.057387,0.032375,0.022288,0.019238,0.020350,0.021425,0.022025,1.280052,8,8,8,8,8,8,8,8,8,8,8,8,8,-35.708300,147.949900,776.000000,lev15,Almucantar
Tumbarumba,14:12:2019,12:00:00,348,348.000000,0.054167,0.030733,0.022367,0.019367,0.044867,0.020700,0.011767,0.008433,0.009233,0.010067,0.010667,0.010900,1.300868,3,3,3,3,3,3,3,3,3,3,3,3,3,-35.708300,147.949900,776.000000,lev15,Almucantar
Tumbarumba,16:12:2019,12:00:00,350,350.000000,0.035573,0.019791,0.014755,0.012855,0.029000,0.012709,0.007364,0.005373,0.006573,0.007082,0.007382,0.007482,1.233247,11,11,11,11,11,11,11,11,11,11,11,11,11,-35.708300,147.949900,776.000000,lev15,Almucantar
Tumbarumba,17:12:2019,12:00:00,351,351.000000,0.633390,0.320840,0.195550,0.140930,0.618030,0.304880,0.178990,0.124020,0.015350,0.015960,0.016550,0.016920,1.714553,10,10,10,10,10,10,10,10,10,10,10,10,10,-35.708300,147.949900,776.000000,lev15,Almucantar
Tumbarumba,18:12:2019,12:00:00,352,352.000000,0.817088,0.363837,0.214175,0.155163,0.784675,0.329775,0.178325,0.118125,0.032413,0.034062,0.035838,0.037038,1.958308,8,8,8,8,8,8,8,8,8,8,8,8,8,-35.708300,147.949900,776.000000,lev15,Almucantar
Tumbarumba,19:12:2019,12:00:00,353,353.000000,0.413367,0.199033,0.129300,0.102000,0.374067,0.157300,0.085433,0.056933,0.039333,0.041767,0.043867,0.045067,1.567524,3,3,3,3,3,3,3,3,3,3,3,3,3,-35.708300,147.949900,776.000000,lev15,Almucantar
Tumbarumba,20:12:2019,12:00:00,354,354.000000,0.512857,0.249271,0.148143,0.107429,0.489971,0.224900,0.122400,0.080914,0.022871,0.024386,0.025771,0.026514,1.640852,7,7,7,7,7,7,7,7,7,7,7,7,7,-35.708300,147.949900,776.000000,lev15,Almucantar
Tumbarumba,21:12:2019,12:00:00,355,355.000000,0.759280,0.377800,0.246820,0.196080,0.675240,0.287660,0.151760,0.098400,0.084000,0.090180,0.095080,0.097680,1.639652,5,5,5,5,5,5,5,5,5,5,5,5,5,-35.708300,147.949900,776.000000,lev15,Almucantar
Tumbarumba,22:12:2019,12:00:00,356,356.000000,1.685233,0.854467,0.502300,0.354267,1.652467,0.820467,0.466967,0.317967,0.032800,0.034033,0.035400,0.036333,1.781591,3,3,3,3,3,3,3,3,3,3,3,3,3,-35.708300,147.949900,776.000000,lev15,Almucantar
Tumbarumba,23:12:2019,12:00:00,357,357.000000,1.063850,0.563600,0.341600,0.244900,1.038825,0.537750,0.315000,0.217600,0.025000,0.025800,0.026575,0.027300,1.648769,4,4,4,4,4,4,4,4,4,4,4,4,4,-35.708300,147.949900,776.000000,lev15,Almucantar
Tumbarumba,24:12:2019,12:00:00,358,358.000000,0.904867,0.434133,0.257811,0.186122,0.873367,0.401022,0.222456,0.149200,0.031533,0.033144,0.035378,0.036933,1.809214,9,9,9,9,9,9,9,9,9,9,9,9,9,-35.708300,147.949900,776.000000,lev15,Almucantar
Tumbarumba,25:12:2019,12:00:00,359,359.000000,0.668933,0.336967,0.209622,0.155489,0.640711,0.307067,0.177556,0.121922,0.028211,0.029900,0.032078,0.033556,1.696551,9,9,9,9,9,9,9,9,9,9,9,9,9,-35.708300,147.949900,776.000000,lev15,Almucantar
Tumbarumba,26:12:2019,12:00:00,360,360.000000,0.640870,0.301600,0.182890,0.134110,0.614500,0.273830,0.152970,0.102620,0.026370,0.027780,0.029940,0.031510,1.834466,10,10,10,10,10,10,10,10,10,10,10,10,10,-35.708300,147.949900,776.000000,lev15,Almucantar
Tumbarumba,27:12:2019,12:00:00,361,361.000000,0.750440,0.346560,0.208820,0.153320,0.715900,0.310320,0.170200,0.113080,0.034560,0.036260,0.038620,0.040280,1.870006,5,5,5,5,5,5,5,5,5,5,5,5,5,-35.708300,147.949900,776.000000,lev15,Almucantar
Tumbarumba,28:12:2019,12:00:00,362,362.000000,0.870050,0.412700,0.259700,0.200300,0.795050,0.329550,0.173600,0.113950,0.075000,0.083150,0.086050,0.086400,1.773499,2,2,2,2,2,2,2,2,2,2,2,2,2,-35.708300,147.949900,776.000000,lev15,Almucantar
Tumbarumba,30:12:2019,12:00:00,364,364.000000,0.460267,0.214600,0.131767,0.099100,0.430967,0.184167,0.100133,0.066533,0.029267,0.030367,0.031667,0.032600,1.831205,3,3,3,3,3,3,3,3,3,3,3,3,3,-35.708300,147.949900,776.000000,lev15,Almucantar
Tumbarumba,02:01:2020,12:00:00,2,2.000000,2.604750,1.431450,0.850450,0.591600,2.581200,1.407050,0.825750,0.566750,0.023600,0.024400,0.024800,0.024900,1.618916,2,2,2,2,2,2,2,2,2,2,2,2,2,-35.708300,147.949900,776.000000,lev15,Almucantar
Tumbarumba,03:01:2020,12:00:00,3,3.000000,1.089767,0.602167,0.372933,0.267600,1.069567,0.581233,0.351633,0.246000,0.020167,0.020900,0.021300,0.021600,1.549021,3,3,3,3,3,3,3,3,3,3,3,3,3,-35.708300,147.949900,776.000000,lev15,Almucantar
Tumbarumba,04:01:2020,12:00:00,4,4.000000,0.695125,0.364825,0.251900,0.206925,0.598325,0.261325,0.143100,0.095450,0.096800,0.103500,0.108800,0.111475,1.487181,4,4,4,4,4,4,4,4,4,4,4,4,4,-35.708300,147.949900,776.000000,lev15,Almucantar
Tumbarumba,11:01:2020,12:00:00,11,11.000000,0.305767,0.119167,0.065633,0.046300,0.295233,0.108067,0.053967,0.034267,0.010567,0.011100,0.011700,0.012033,2.255187,3,3,3,3,3,3,3,3,3,3,3,3,3,-35.708300,147.949900,776.000000,lev15,Almucantar
Tumbarumba,13:01:2020,12:00:00,13,13.000000,1.576733,0.665617,0.362833,0.244167,1.563033,0.651400,0.348450,0.229733,0.013717,0.014233,0.014433,0.014467,2.127940,6,6,6,6,6,6,6,6,6,6,6,6,6,-35.708300,147.949900,776.000000,lev15,Almucantar
Tumbarumba,14:01:2020,12:00:00,14,14.000000,0.837300,0.414220,0.264940,0.205920,0.757280,0.328600,0.174760,0.113200,0.080020,0.085620,0.090180,0.092740,1.683858,5,5,5,5,5,5,5,5,5,5,5,5,5,-35.708300,147.949900,776.000000,lev15,Almucantar
Tumbarumba,18:01:2020,12:00:00,18,18.000000,0.462850,0.269750,0.176575,0.133700,0.445425,0.251650,0.157675,0.114100,0.017425,0.018100,0.018925,0.019625,1.400527,4,4,4,4,4,4,4,4,4,4,4,4,4,-35.708300,147.949900,776.000000,lev15,Almucantar
Tumbarumba,14:02:2020,12:00:00,45,45.000000,0.091950,0.052200,0.034800,0.028400,0.081950,0.041100,0.023300,0.016700,0.009950,0.011050,0.011550,0.011700,1.379682,2,2,2,2,2,2,2,2,2,2,2,2,2,-35.708300,147.949900,776.000000,lev15,Almucantar
Tumbarumba,16:03:2020,12:00:00,76,76.000000,0.049500,0.030600,0.022200,0.018300,0.044500,0.025400,0.016800,0.012800,0.005100,0.005300,0.005400,0.005500,1.171995,1,1,1,1,1,1,1,1,1,1,1,1,1,-35.708300,147.949900,776.000000,lev15,Almucantar
Tumbarumba,31:03:2020,12:00:00,91,91.000000,0.091100,0.052000,0.038000,0.032700,0.074700,0.033400,0.017900,0.012100,0.016400,0.018500,0.020100,0.020600,1.286871,1,1,1,1,1,1,1,1,1,1,1,1,1,-35.708300,147.949900,776.000000,lev15,Almucantar
Tumbarumba,17:04:2020,12:00:00,108,108.000000,0.048900,0.035000,0.028000,0.025600,0.042000,0.027800,0.020500,0.017900,0.006900,0.007200,0.007500,0.007700,0.814923,1,1,1,1,1,1,1,1,1,1,1,1,1,-35.708300,147.949900,776.000000,lev15,Almucantar
Tumbarumba,27:09:2020,12:00:00,271,271.000000,0.095200,0.051900,0.036000,0.029100,0.090800,0.047200,0.031000,0.023800,0.004400,0.004700,0.005100,0.005300,1.427061,1,1,1,1,1,1,1,1,1,1,1,1,1,-35.708300,147.949900,776.000000,lev15,Almucantar
Tumbarumba,28:09:2020,12:00:00,272,272.000000,0.066300,0.039550,0.028930,0.024460,0.064380,0.037570,0.026860,0.022320,0.001920,0.001980,0.002070,0.002120,1.230689,10,10,10,10,10,10,10,10,10,10,10,10,10,-35.708300,147.949900,776.000000,lev15,Almucantar
Tumbarumba,29:09:2020,12:00:00,273,273.000000,0.063250,0.033100,0.020350,0.015100,0.061650,0.031400,0.018550,0.013250,0.001650,0.001650,0.001800,0.001850,1.649253,2,2,2,2,2,2,2,2,2,2,2,2,2,-35.708300,147.949900,776.000000,lev15,Almucantar
Tumbarumba,01:10:2020,12:00:00,275,275.000000,0.113400,0.077500,0.061850,0.055000,0.098300,0.061850,0.045600,0.038400,0.015100,0.015700,0.016250,0.016600,0.893715,2,2,2,2,2,2,2,2,2,2,2,2,2,-35.708300,147.949900,776.000000,lev15,Almucantar
Tumbarumba,02:10:2020,12:00:00,276,276.000000,0.174475,0.092400,0.064100,0.053250,0.151200,0.066175,0.036000,0.024625,0.023250,0.026250,0.028150,0.028650,1.476490,4,4,4,4,4,4,4,4,4,4,4,4,4,-35.708300,147.949900,776.000000,lev15,Almucantar
Tumbarumba,03:10:2020,12:00:00,277,277.000000,0.127350,0.061050,0.037183,0.027883,0.122567,0.055933,0.031683,0.022133,0.004800,0.005067,0.005467,0.005733,1.800524,6,6,6,6,6,6,6,6,6,6,6,6,6,-35.708300,147.949900,776.000000,lev15,Almucantar
Tumbarumba,04:10:2020,12:00:00,278,278.000000,0.088850,0.047500,0.033300,0.027650,0.076000,0.033400,0.018500,0.012600,0.012900,0.014100,0.014750,0.015050,1.444717,2,2,2,2,2,2,2,2,2,2,2,2,2,-35.708300,147.949900,776.000000,lev15,Almucantar
Tumbarumba,12:10:2020,12:00:00,286,286.000000,0.066520,0.037540,0.027420,0.023700,0.054900,0.024880,0.014000,0.009980,0.011620,0.012680,0.013440,0.013720,1.306283,5,5,5,5,5,5,5,5,5,5,5,5,5,-35.708300,147.949900,776.000000,lev15,Almucantar
Tumbarumba,13:10:2020,12:00:00,287,287.000000,0.071355,0.039245,0.027855,0.023645,0.060691,0.027700,0.015700,0.011245,0.010682,0.011555,0.012182,0.012391,1.381131,11,11,11,11,11,11,11,11,11,11,11,11,11,-35.708300,147.949900,776.000000,lev15,Almucantar
Tumbarumba,14:10:2020,12:00:00,288,288.000000,0.094800,0.050614,0.035586,0.030129,0.080171,0.034643,0.018629,0.012814,0.014629,0.015971,0.017000,0.017329,1.438642,7,7,7,7,7,7,7,7,7,7,7,7,7,-35.708300,147.949900,776.000000,lev15,Almucantar
Tumbarumba,15:10:2020,12:00:00,289,289.000000,0.105900,0.060767,0.044867,0.038333,0.087767,0.040967,0.023833,0.016733,0.018100,0.019800,0.021033,0.021567,1.265057,3,3,3,3,3,3,3,3,3,3,3,3,3,-35.708300,147.949900,776.000000,lev15,Almucantar
Tumbarumba,16:10:2020,12:00:00,290,290.000000,0.078400,0.045200,0.031800,0.026600,0.065700,0.031300,0.017200,0.011900,0.012600,0.013800,0.014500,0.014800,1.321183,1,1,1,1,1,1,1,1,1,1,1,1,1,-35.708300,147.949900,776.000000,lev15,Almucantar
Tumbarumba,18:10:2020,12:00:00,292,292.000000,0.061350,0.036950,0.027650,0.024250,0.048400,0.022200,0.011850,0.008200,0.012950,0.014750,0.015800,0.016000,1.171866,2,2,2,2,2,2,2,2,2,2,2,2,2,-35.708300,147.949900,776.000000,lev15,Almucantar
Tumbarumba,19:10:2020,12:00:00,293,293.000000,0.073929,0.041229,0.029143,0.024600,0.061857,0.027629,0.014843,0.010086,0.012071,0.013586,0.014329,0.014471,1.377770,7,7,7,7,7,7,7,7,7,7,7,7,7,-35.708300,147.949900,776.000000,lev15,Almucantar
Tumbarumba,20:10:2020,12:00:00,294,294.000000,0.073929,0.040471,0.029229,0.025243,0.060600,0.025800,0.013757,0.009500,0.013300,0.014671,0.015471,0.015686,1.360726,7,7,7,7,7,7,7,7,7,7,7,7,7,-35.708300,147.949900,776.000000,lev15,Almucantar
Tumbarumba,21:10:2020,12:00:00,295,295.000000,0.064100,0.035500,0.025500,0.021600,0.052800,0.023300,0.012800,0.008600,0.011300,0.012200,0.012800,0.013000,1.356576,1,1,1,1,1,1,1,1,1,1,1,1,1,-35.708300,147.949900,776.000000,lev15,Almucantar
Tumbarumba,22:10:2020,12:00:00,296,296.000000,0.062480,0.039920,0.031620,0.028120,0.048400,0.024060,0.014720,0.010960,0.014060,0.015840,0.016900,0.017160,1.144562,5,5,5,5,5,5,5,5,5,5,5,5,5,-35.708300,147.949900,776.000000,lev15,Almucantar
Tumbarumba,23:10:2020,12:00:00,297,297.000000,0.117900,0.065600,0.046000,0.038900,0.096700,0.042800,0.022000,0.014500,0.021200,0.022800,0.024000,0.024400,1.380960,1,1,1,1,1,1,1,1,1,1,1,1,1,-35.708300,147.949900,776.000000,lev15,Almucantar
